3.336728442696064167e-01,8.673995040238219323e-02,-1.429288805324020577e-02,-1.129508123755049859e-02,-4.741921004550674751e-02,-7.100545374163620867e-03,1.563373605776045144e-02,-2.047738872297334145e-01,-4.975351505281943448e-02,6.231280577167848111e-01,1.974096279950367239e-01,1.513948519207506949e-01,5.278788259071215405e-01,-2.707041424932047913e-01,1.342571366112152997e-01,-1.171079559618351390e-01
5.966933215150245218e-01,8.217724601388594341e-02,1.163138541751835286e-01,4.864894560112438537e-02,-4.101061224074858402e-01,6.301035632496192196e-02,-1.548956650192130913e-01,2.718571610941016847e-01,-2.417753801402755878e-02,-9.770489434956994290e-02,-1.827732349479986237e-02,-3.017328247931519991e-01,-1.772252235055736536e-01,-3.014887902804040398e-01,-3.555710598949533563e-01,-3.177138670766375961e-02
3.506959751444881368e-01,7.263708788796909011e-02,-8.528389516324307029e-03,-9.415231452807443224e-02,7.040475457012225491e-02,-1.095061694220191839e-01,-1.361086835867819991e-02,-2.552712647728140327e-01,8.255295890926175884e-02,-6.498589419779217113e-01,2.062056545836590260e-01,-1.739258014444361455e-01,4.271119831819640833e-01,1.410663629824611132e-01,2.745874092417131540e-01,2.960553356402064254e-02
3.928973379545091515e-01,3.698297402286829932e-02,-1.700980184231341494e-02,1.287101230232246818e-01,-1.580255302003215623e-01,5.118060607521899424e-02,-9.576564848724282430e-02,2.601890731319606020e-01,4.637801317990872946e-02,-1.620799706249216252e-02,-1.733486551380190033e-01,6.634771473235245853e-01,-8.580470868874799650e-02,4.244483985444678642e-01,2.339747413745097981e-01,8.954889891636159949e-02
3.644588585361352995e-01,-3.375412312694663769e-02,-1.051307974438862453e-01,-6.097185875512343284e-02,3.184161327354901871e-01,-5.354433648618329988e-02,3.720320863561164815e-02,-8.317343208154594214e-02,-5.876892782438448114e-03,3.702227159249156241e-01,-1.124982852132921374e-01,-5.086092929183876343e-01,-3.030157860242408407e-01,4.219943370156799545e-01,2.249853161594909667e-01,9.873077315202404003e-02
5.054132439664819204e-02,-2.621251645718806200e-01,4.200117453984282545e-02,-3.184987619015209881e-01,4.830874284831907645e-02,2.210180669461277170e-02,3.356347414279437502e-01,2.987216391433526463e-01,7.140132288667850879e-01,5.720827989006437020e-02,-4.767759150729948547e-02,-1.745072070779000312e-02,1.763586503187487553e-01,8.166193267884060136e-02,-1.611958232359761434e-01,-2.034757820982558141e-01
-3.152764435885295480e-02,5.317840054014021378e-01,-2.913201801766083371e-02,8.382448992459121118e-02,2.370095255796225708e-01,2.447296825389544128e-01,7.265921180421915093e-02,1.951960452915461053e-01,-1.044981148231736434e-01,2.348108116904849829e-02,3.822233306712927714e-01,-7.145576222893517716e-03,1.258561768271988790e-01,3.937597737230981720e-01,-4.340098841315748746e-01,-1.789455298451421983e-01
-8.495453156303947031e-04,-1.665781958649976413e-01,-5.796812511133812018e-01,3.828961486697773364e-01,-3.367247064853176597e-01,4.289961287883753971e-01,3.120974223405033054e-01,-2.434188574999140708e-01,6.546582328406154450e-02,-4.516167840391110272e-02,-1.841945501642345412e-02,-9.715133791768111593e-02,2.954797392051597676e-03,8.009369175264424712e-02,-2.687424224215976404e-03,-1.140107852505088809e-01
2.755086277148858370e-02,-3.210401920909194268e-02,4.577667725832785806e-01,5.184523009853625464e-01,1.805297453404699007e-02,-6.348904903328418670e-02,-9.595766863537998070e-02,-4.207494331121757192e-01,4.481187311653844207e-01,5.243799820223971758e-02,2.429764959819514236e-01,5.994480110946446422e-02,-2.219373247197688470e-01,6.037408475911018590e-02,-1.003008227578751910e-01,-1.094475424029000589e-02
4.286237736125331904e-02,2.289606914160109974e-01,4.454501051166444014e-01,-2.793515587700421965e-01,-2.405767041146922303e-01,1.712960561396610348e-01,6.535761090770220161e-01,-2.493260846672961106e-01,-2.006329184052552117e-01,-2.265702764481487830e-02,-9.350429058000886418e-02,5.865320520093186829e-02,-1.714224198200456073e-01,3.408220836789080388e-02,9.495175061699387409e-02,1.479104519437765899e-02
-5.197637173919798792e-02,6.034387290947936799e-01,-2.211202021824585917e-01,2.163708791922611951e-01,1.946844989126675016e-02,-2.770115199162987984e-01,2.181144103321363548e-01,7.911145728020325951e-02,3.290613567563723252e-01,1.745419540961795635e-02,-2.717196473723183514e-01,-4.756062698607859546e-02,4.572747628427876326e-02,-2.177100356503950118e-01,5.563888789265561408e-02,4.113864137854598146e-01
-5.966456906338432446e-03,-1.222014847551645272e-01,-3.080876781448922339e-02,2.661878683718833516e-01,-1.796354701902038442e-01,-7.347384857054544138e-01,3.038876482042122684e-01,9.962100972677062627e-02,-2.409678929693016280e-01,5.790402313489951928e-03,-7.320841560731798474e-03,-3.837256984294661749e-02,7.049625503688641825e-02,1.985563315327303069e-01,-1.157678108536016881e-01,-3.484577684618524462e-01
2.466709833390206552e-01,-6.110120117460700155e-03,-3.920984696953458415e-01,-3.116425293412144470e-01,2.389463883324898230e-01,-2.225652038265031052e-01,8.820231429554652169e-02,-3.517604030504409840e-01,2.340206750566625402e-02,-8.154254715159733879e-02,1.759168659656437095e-01,3.582043392658865177e-01,-3.769305300961212080e-01,-1.834849133677315391e-01,-3.281325491807938199e-01,-1.548859524697023676e-02
-3.044575941379190197e-03,2.767155957088853757e-01,-5.365994605027930853e-02,5.603938699189293937e-02,1.332671031687250873e-01,5.369781755604561418e-02,-2.429385596309672005e-02,1.552506865041149708e-01,1.046760200349438757e-01,-8.068109316218086136e-02,6.923362876452326953e-02,-2.372109968778861615e-04,-3.040485222669657706e-01,-2.752174793844106571e-01,4.900165725545056472e-01,-6.644521033413866018e-01
2.290902413071902177e-01,-2.374864086548484909e-01,1.413340370005219115e-01,3.797633886588046015e-01,5.987000704319263011e-01,1.729072866885899007e-01,3.116238953178863125e-01,1.488593749095586394e-01,-2.068022901844003836e-01,-1.385971780066837522e-01,-2.335584763754502968e-01,8.918594232042897918e-02,1.084377086174019289e-01,-2.709891963866563058e-01,-9.275839827320654651e-02,3.220240790325839403e-02
-1.457982828555861969e-02,-1.820821522992059904e-01,-4.235180411588147092e-02,6.554068730691373079e-02,-4.698534945401040136e-02,-4.263287132809637225e-02,2.606092641103341379e-01,3.638943148354607526e-01,-3.516083187257785375e-02,2.623323903260552092e-02,7.034248288510533964e-01,-8.650280288232453305e-03,-1.714503183504080541e-01,-1.228110002976609133e-01,2.616528931671702751e-01,3.826709312782944350e-01
