3.329198623322580097e-01,-8.448708055492697155e-02,1.675250764502494299e-02,1.302454060321872435e-02,4.388982533379080092e-02,1.245742550809299590e-02,-6.613934346058378266e-03,2.177821504681760612e-01,6.353824021165803693e-01,5.546496495949889555e-02,-1.410058164663532676e-01,-1.840876389658347156e-01,5.147257794168784706e-01,-2.723177277394062124e-01,1.378932123475076488e-01,1.155401692127973612e-01
5.998554262786703895e-01,-7.126937030684249441e-02,-1.259585475347321792e-01,-8.944915592901933610e-03,4.221029995748303287e-01,-4.623955106988826558e-02,1.370103751515153456e-01,-2.668975434727405838e-01,-1.048672935461573696e-01,2.232257426331877084e-02,3.036637924320270132e-01,3.536918571085870960e-02,-1.900257531464839555e-01,-3.061389880616894321e-01,3.985113348619086227e-02,-3.353450355141355810e-01
3.508485858378033173e-01,-7.192661448688124348e-02,9.476898169716913359e-03,8.011545199557018604e-02,-8.725986276444368250e-02,1.098981841205276255e-01,1.649740743993349454e-02,2.541321198810728710e-01,-6.440079991453310226e-01,-7.042780955815496069e-02,1.687091298047347088e-01,-2.129928694522391364e-01,4.452616542005423672e-01,1.388621681117287454e-01,-7.429857140863747531e-03,2.637145879848551422e-01
3.929557048794133367e-01,-2.004165061771414486e-02,1.243430427145709657e-02,-1.028407039207670098e-01,1.888238434477881866e-01,-3.633456514003910454e-02,7.836934452432364751e-02,-2.524002322953983191e-01,-8.357758859512868718e-03,-4.755563465448549992e-02,-6.740513211525870352e-01,1.326901979093688122e-01,-7.245920330765402706e-02,4.390169550753232341e-01,-1.019377585359412530e-01,2.120619148812809551e-01
3.635441617874970444e-01,4.313613560005320757e-02,1.058641813099867462e-01,2.907795759420476328e-02,-3.255511907478622069e-01,4.148781031388962259e-02,-2.391387158073382882e-02,7.435573547424194352e-02,3.602376888338188476e-01,8.040715912926788347e-03,5.062914397133225775e-01,1.131512847494317575e-01,-2.901087608973557663e-01,4.330322019432560343e-01,-1.326878062198418584e-01,2.277291881923159678e-01
4.563324908002973357e-02,2.552641966189295730e-01,-6.081855949119176902e-02,3.130881653670480880e-01,-8.222370312942210713e-02,-3.501582802746072004e-02,-3.716035044904442142e-01,-3.166589314939827204e-01,6.022107492082375002e-02,-6.966477725669185661e-01,3.030963686824137554e-02,4.432391604954296661e-03,1.583476398863999934e-01,7.008712709921716133e-02,2.240102509595304492e-01,-1.209794237508569764e-01
-1.839451993440764307e-02,-5.341285977921332861e-01,3.666999986946588297e-02,-1.101391028035561409e-01,-2.165625601311019499e-01,-2.559285999423532298e-01,-7.444294237106020840e-02,-1.917287329009089436e-01,2.245259155485928443e-02,1.270818777430417212e-01,1.823585736598259607e-02,-3.704850953991612461e-01,9.096720360828221275e-02,3.736499698885189513e-01,2.427301019407348548e-01,-4.302785295007912070e-01
-1.127469476757699592e-03,1.731115274787279334e-01,5.758605216223051659e-01,-3.272671728197973917e-01,3.869706536608599201e-01,-4.174478432653360160e-01,-3.270683465092922848e-01,2.603403088683801658e-01,-4.528777891995394017e-02,-6.363967083505112088e-02,9.633480547413897366e-02,1.979210742561457806e-02,-8.796787982202149830e-03,7.849753847815801877e-02,1.026400933918539954e-01,2.206368821933175385e-03
2.251690450290263351e-02,2.968398893856931745e-02,-4.496778582078042041e-01,-5.295833872221424876e-01,2.067569414290575114e-02,7.028797204107939400e-02,8.039397401051810721e-02,4.024268635387491799e-01,4.882680485301053169e-02,-4.477054899557482148e-01,-4.623369329985610454e-02,-2.708338401723993649e-01,-2.327184086839944599e-01,5.133689361159234077e-02,1.004518059530172709e-02,-8.341240138524323722e-02
4.224169935733238651e-02,-2.315162269696845743e-01,-4.567333681178308846e-01,2.991573790868577998e-01,1.838605025687854722e-01,-1.576183933156129757e-01,-6.365371169552630493e-01,2.814114736331828071e-01,-2.126463014630062404e-02,2.218127603436077233e-01,-6.061748068768399444e-02,1.097349679718655491e-01,-1.625811451026194232e-01,3.336879780937319906e-02,-4.663091775003440353e-02,9.168059878098790139e-02
-4.083996660708418686e-02,-6.014491929631042844e-01,2.279095342095820986e-01,-2.157341486796483521e-01,-3.265766640975346392e-03,2.710474472484165065e-01,-2.307700399204272723e-01,-1.036750506905757124e-01,1.825440948581708717e-02,-3.300611849103022855e-01,4.006602329149026864e-02,2.364743328180120840e-01,6.812628508296332541e-02,-2.000917789628872956e-01,-4.322673188086051388e-01,4.789910413870611394e-02
-1.775830179275197929e-02,1.270756848352470325e-01,3.268283994750485755e-02,-2.460355868989327899e-01,1.730563044998423006e-01,7.369655096001719308e-01,-3.150033960273713185e-01,-9.036361880567528315e-02,9.404984921807937187e-03,2.495057755240755737e-01,4.895405624062593164e-02,3.275912970745577940e-02,5.034824434475868027e-02,1.860195326712919817e-01,3.586922942142352633e-01,-9.932645608381765467e-02
2.475547853916540419e-01,1.088911687459789487e-02,3.889323922947299228e-01,2.893704054132354431e-01,-2.905150762367115780e-01,2.245209897071930583e-01,-8.623454955672324451e-02,3.365637125018146603e-01,-8.544776735614782737e-02,-3.885181723648727103e-02,-3.427086332600406404e-01,-1.760801350773648632e-01,-3.929344069390259819e-01,-2.003695232520828762e-01,2.491653025921915926e-02,-3.092632700379789323e-01
1.998310479717812019e-03,-2.768959494429570900e-01,5.386367398618573804e-02,-7.453692148580028098e-02,-1.068452885054272800e-01,-6.604181184730568976e-02,2.190774600217821125e-02,-1.489398657740462484e-01,-7.349001169099066144e-02,-7.543986563416986424e-02,-6.007880600972376195e-03,-2.831846608062081605e-02,-3.199551832633443782e-01,-2.741189058551037339e-01,6.110640304947044799e-01,5.599869586458575688e-01
2.268613347051371965e-01,2.396425728638122143e-01,-1.287040169050959471e-01,-4.414833350955729152e-01,-5.526867488881036516e-01,-1.989664266711990426e-01,-2.871415246610904970e-01,-1.463458197356073964e-01,-1.337965233424699973e-01,2.022372759241747586e-01,-1.025836913717835114e-01,2.619697517109859652e-01,1.164695888718573491e-01,-2.639341310184656897e-01,-3.059754276622165745e-02,-9.273557690706019097e-02
-1.464491711598095956e-02,1.825848895555406970e-01,3.438500120945330724e-02,-5.851964406425200216e-02,4.213292054859290453e-02,2.952516957769252270e-02,-2.628740314099808351e-01,-3.546544430852215379e-01,2.571955720976296447e-02,1.211856637951735233e-01,2.031095089200392334e-02,-7.131577770154252649e-01,-1.405320923655164478e-01,-1.362308480220138229e-01,-3.727793780399799028e-01,2.503704663716152523e-01
