3.320739556340966958e-01,-9.460189409909157410e-02,2.085096115100869979e-02,1.379734131231984823e-02,4.699008343162204560e-02,1.763579745581356217e-02,-2.596562189751886688e-03,1.996715502890343275e-01,5.714357149426729093e-02,6.247819182215532674e-01,-2.092466294739543653e-01,-1.527324421864617310e-01,-5.115049550990767857e-01,2.438886481561602648e-01,-2.063469306179487317e-01,-1.154575657259405835e-01
5.981719376354295292e-01,-7.265310447268925886e-02,-1.294735697185636081e-01,-3.515944411747076725e-02,4.149294512144325875e-01,-5.908484571160976112e-02,1.316597772912817543e-01,-2.604550002410708220e-01,4.333227534903423897e-03,-9.441749220041860402e-02,3.829221846777471072e-02,2.996210852052683116e-01,1.968252798755624200e-01,3.830362826895731820e-01,2.643090486903185155e-01,-5.094024755951754441e-02
3.497872182153800025e-01,-8.129367226476490182e-02,1.562514967887267126e-02,8.757673369289829812e-02,-8.136628303669714291e-02,1.123520816242481873e-01,2.961363058942195065e-02,2.591707044758569944e-01,-6.224554018017324636e-02,-6.458856950759986892e-01,-2.135127280275520567e-01,1.934262114079600414e-01,-4.334588946941446697e-01,-1.873463211238831638e-01,-2.178640706795416659e-01,3.663733633369168491e-02
3.966441209857760053e-01,-3.141999976993984506e-02,1.546114123625972128e-02,-1.198631695543381920e-01,1.739980968853766796e-01,-5.477224273831003687e-02,7.920707280689595620e-02,-2.581092906238309781e-01,-5.596891919513093810e-02,-3.096575079683346401e-02,1.639732396168682438e-01,-6.619000895320624744e-01,5.215649871459728665e-02,-4.776454127978903563e-01,-1.048412797969525273e-01,9.981488801208510120e-02
3.622502926428266545e-01,1.787165134586743767e-02,1.214152263736772430e-01,5.093791881478837436e-02,-3.223006362238078903e-01,4.392460456668895868e-02,-2.677894021311456527e-02,7.158433000220562614e-02,1.016225870896371626e-02,3.758622038994082204e-01,1.132509757652613996e-01,5.000192394072298097e-01,2.898615254792178408e-01,-4.725595298843122682e-01,-1.039324874630182111e-01,1.308267386781578334e-01
5.482762975723778909e-02,2.606718694821870130e-01,-5.119437791506411400e-02,3.142999067742794916e-01,-7.379901532408686404e-02,-4.618062546992331846e-02,-3.603213673084955659e-01,-2.491406749504210538e-01,-7.252263871598314537e-01,5.028676459078205985e-02,4.185858433216355090e-02,2.420991456779533410e-02,-1.616486525089083914e-01,-2.942622605827647717e-02,1.173353082536399833e-01,-2.378512280596476736e-01
-3.752631526969594372e-02,-5.385547081356698573e-01,2.831028807086104215e-02,-8.857830786678128066e-02,-2.096980962493907308e-01,-2.448536176650478458e-01,-7.322302959798544786e-02,-2.092522079351941677e-01,9.906129005919717123e-02,2.200283276152878095e-02,-3.554548434616953689e-01,2.056063560843101115e-02,-1.233638700269198835e-01,-2.639658967847456350e-01,4.997041909338801324e-01,-2.741518956408011687e-01
-4.389973807398603843e-03,1.610710309100999715e-01,5.752316636424268381e-01,-3.493369335826772004e-01,3.711519941525892041e-01,-4.088813339677887515e-01,-3.314090197701255458e-01,2.717880368145079717e-01,-3.321252440517428323e-02,-4.264694186173830642e-02,7.781556619506841029e-03,9.670194496068605650e-02,8.826430707355704952e-03,-7.741359892814109189e-02,5.713230479340892197e-03,-1.184635106177038405e-01
2.963419631755311728e-02,2.943084641361068746e-02,-4.511866618990330036e-01,-5.329253777172811013e-01,-1.239115672911062817e-02,7.355189793733528381e-02,7.980489126355991281e-02,4.343194411997646776e-01,-4.171537053344546164e-01,5.410553869147283201e-02,-2.526722804239238673e-01,-5.987836374029216480e-02,2.233395408324326814e-01,-5.373040311117403128e-02,1.133857041831631135e-01,-1.067754219443302517e-02
4.235181783236374037e-02,-2.276890633028495203e-01,-4.585008426671098869e-01,3.074246343606105714e-01,2.019567437579324054e-01,-1.525825529948814652e-01,-6.302755180158254866e-01,2.663583493747970765e-01,2.393698174573625492e-01,-2.052772571137305782e-02,8.485295032740507171e-02,-6.313296608817296762e-02,1.639287816863043146e-01,-6.435593864511476858e-02,-9.113618487181641969e-02,3.382154054721565190e-02
-6.173306487524357622e-02,-6.014531653779816578e-01,2.169465864031406288e-01,-2.058007342179342669e-01,6.698074188653512992e-03,2.731622063106459164e-01,-2.359018519080172127e-01,-6.671745058230864334e-02,-3.309117907785945056e-01,1.543755328416162274e-02,2.620139581505214199e-01,3.647259998251983770e-02,-6.224941356242874591e-02,1.882508871550891694e-01,-5.563380445605006080e-02,4.337383952988754232e-01
-2.252361670644598048e-03,1.261152439142876058e-01,3.098482553331181541e-02,-2.375819936312519587e-01,1.625147917418679200e-01,7.449442581353831194e-01,-3.089928991017323878e-01,-1.208064530320601820e-01,2.313343235700539291e-01,5.361961716084371644e-03,2.011100688918882398e-02,4.543874226701802299e-02,-4.857464843684390632e-02,-1.509674007043087240e-01,9.485251231686397944e-02,-3.809195315601316967e-01
2.383444037427449036e-01,-9.506168355597916300e-03,3.937660640205614682e-01,3.114898832109246896e-01,-2.571082106403307366e-01,2.240477445974561055e-01,-6.665029809679066941e-02,3.373182712137028916e-01,-1.877714191986873740e-02,-8.482532211628676655e-02,-1.831280849347933781e-01,-3.619429624301290227e-01,3.885692131067783883e-01,2.425156742230243911e-01,2.709089327802284286e-01,-3.489928262951094706e-02
-8.045131925739898437e-03,-2.861991294134214048e-01,5.455957270113552526e-02,-6.910756722177510691e-02,-1.103759910480132667e-01,-6.805922285904697500e-02,3.234761760307078987e-02,-1.596731235656088099e-01,-1.059422870763310764e-01,-8.402008768919910775e-02,-9.653008537614550522e-02,-1.642520631155734625e-03,3.470863996079829872e-01,1.444257566133350934e-01,-6.416455465635806377e-01,-5.350469749571442613e-01
2.302142895879682460e-01,2.177991448365713956e-01,-1.097894116855564345e-01,-4.047132399638851408e-01,-5.907029713106970448e-01,-1.868926794423905469e-01,-3.175298402607879544e-01,-1.450945246394514665e-01,2.114603025941801107e-01,-1.343840677444910203e-01,2.258177303916499568e-01,-9.391615326771239614e-02,-9.969182862727458960e-02,2.906848486584154845e-01,1.267147885391236087e-02,2.822694856387220064e-02
-1.488018791705708263e-02,1.847312502755114050e-01,3.691472262447823005e-02,-4.859990411208798405e-02,5.536337409314651126e-02,3.696662374137826834e-02,-2.621257500073555513e-01,-3.670107369486808047e-01,4.594451373863335519e-02,2.391627260115840314e-02,-7.122789840989075527e-01,1.426336266439220610e-02,1.385203611708279159e-01,3.577637076719560744e-02,-1.904817648787040518e-01,4.325633484033911680e-01
