3.364327997673617898e-01,-8.780750495478663320e-02,1.602629954139617174e-02,1.867908262989924351e-02,3.480441957152941024e-02,1.004637113115488395e-02,1.314824214527340190e-02,-2.056675382116040507e-01,6.250711127748318496e-01,-5.624021447633781312e-02,1.520658176352207847e-01,1.941182211147521042e-01,-5.230426980715742191e-01,2.399231355517985054e-01,1.655827749496180945e-01,-1.465455165418730887e-01
6.029094216400444628e-01,-6.676445470887712452e-02,-1.189091990493142265e-01,-2.637630611254376464e-02,4.195555338632873110e-01,-3.229255958178166297e-02,-1.552876756345409337e-01,2.536501422312631426e-01,-1.001389135997740321e-01,9.391653533715710322e-03,-2.973996536688184866e-01,-1.665353612500216490e-02,1.745719287716726575e-01,3.452578510036815040e-01,-3.182361624812017342e-01,-4.350656201640101112e-02
3.506840274464356755e-01,-6.949220524267993304e-02,6.266276532858534518e-03,9.218772106719480552e-02,-8.959874390842245684e-02,1.116811670190982070e-01,1.071277168176053458e-02,-2.537559953023229564e-01,-6.447558325200800633e-01,5.479239735735100258e-02,-1.855553517187940593e-01,2.114667108537439943e-01,-4.171224798855440175e-01,-1.799968136111943784e-01,2.719867721460629273e-01,2.044867906530767332e-02
3.936120236714025777e-01,-2.671720589143227603e-02,1.765828398424976187e-02,-1.147833259672371986e-01,1.777071088548647648e-01,-3.474252347529845075e-02,-8.823187695223316807e-02,2.558500113320910652e-01,-1.957236019738081007e-02,6.002914401867350674e-02,6.618315092291786605e-01,-1.675752409583960434e-01,7.584516056207686596e-02,-4.568645913624471144e-01,1.682109104136619293e-01,1.094355971489768820e-01
3.574487262641966590e-01,3.364933175139093319e-02,1.027021318502992497e-01,4.329308072981980643e-02,-3.235138480464677113e-01,4.001719928788233932e-02,4.058462416016489493e-02,-5.975630202079044301e-02,3.760438045153394748e-01,-2.364819947914278270e-02,-5.080521012436699513e-01,-1.235408516391209854e-01,3.093246112703604833e-01,-4.334986289207946042e-01,1.733259520463976688e-01,1.349202596041502722e-01
4.248116344874942885e-02,2.718368631369091348e-01,-5.851295418107354401e-02,3.189074898952634629e-01,-8.375928988435904499e-02,-8.984666476180104555e-02,3.555939398039831834e-01,2.828385357762813190e-01,5.131944851562729448e-02,7.070281622582493819e-01,-2.623291948052266717e-02,-7.723836978676543868e-03,-1.527234721569897258e-01,-6.825646657740541690e-02,-1.281404672477606532e-01,-2.235349486083281489e-01
-2.874184493794117168e-02,-5.404679507257673654e-01,2.499907777903668041e-02,-7.862028768391782219e-02,-2.118920707760771904e-01,-2.696414855741421923e-01,1.279084245351036833e-02,1.922972187099215025e-01,1.749937105822284636e-02,-1.087537415384588341e-01,-2.112798121348707578e-02,3.582548736130008460e-01,-1.075889135910789995e-01,-3.508342755186065753e-01,-4.643574850342558347e-01,-2.330259711502586373e-01
4.543020921885335692e-04,1.504520949799982021e-01,5.978036065658273168e-01,-3.413641545082968798e-01,3.557273562332833317e-01,-4.541575560251789878e-01,2.640759863695800735e-01,-2.616276711424929680e-01,-4.166291361288713274e-02,6.232284442170638733e-02,-9.730510517246022950e-02,-1.450978945180273448e-02,1.152969902442202606e-02,-7.389780519437744166e-02,-5.914148895059859710e-04,-1.076392030520045284e-01
2.808632710030102217e-02,2.700460356193213826e-02,-4.431673159549326946e-01,-5.326671286423991791e-01,-7.553417077252101187e-03,8.832665506906015040e-02,-4.796140141475491170e-02,-4.337922907728887223e-01,5.485620077123600641e-02,4.266352712020342053e-01,5.737444283055767591e-02,2.613605041592713674e-01,2.205051420431033971e-01,-6.216330328452197157e-02,-1.038747599902073437e-01,1.053153160006591905e-02
4.395139180815737373e-02,-2.156688130049664864e-01,-4.536548208754800915e-01,2.865991595524826629e-01,2.129270890020492635e-01,-2.569909471154887548e-01,6.162918034088235020e-01,-2.467418436963401684e-01,-1.881243892552056027e-02,-2.431130075255103218e-01,6.150885382294993264e-02,-1.017232134361503171e-01,1.693187254954593157e-01,-3.126601275721162948e-02,8.459823727787174619e-02,3.379345115774132907e-02
-4.771831560086022689e-02,-6.097556702930885253e-01,2.137383245428576550e-01,-1.921025938660834986e-01,-1.205651736511566437e-02,2.419820444294433770e-01,2.800007852254471907e-01,1.054222010487042421e-01,1.737493954543414126e-02,3.318994909463144349e-01,-4.485653356953995391e-02,-2.309124645956543154e-01,-7.273861168658400655e-02,2.090433738109920558e-01,6.845103689275128245e-02,4.191075513217561999e-01
-6.864984790684179779e-03,1.242901272877706825e-01,3.984852497274289640e-02,-2.598096634042341146e-01,1.628303076203707345e-01,6.717560092764176538e-01,4.156542486797734082e-01,1.323178053304010504e-01,3.758893314701571790e-03,-2.513685037449144288e-01,-4.555899872055389765e-02,-1.096935065232356940e-02,-5.028753159390014771e-02,-1.744837405777924233e-01,-1.152633109165550201e-01,-3.683942502195591273e-01
2.450245473619966641e-01,4.305329888679333347e-03,3.812381241508028817e-01,3.104344226673882434e-01,-2.832924470684982654e-01,2.165580127551139655e-01,1.187577651109343047e-01,-3.400320630913765130e-01,-8.188885040794360859e-02,7.131586379275209851e-03,3.564296264542875514e-01,1.703502197434279275e-01,3.667246633107136833e-01,2.091568072053915095e-01,-3.166802081138854197e-01,-4.169036430096705742e-03
1.383181296954820363e-03,-2.805322014751907012e-01,4.904492369134031554e-02,-5.432519123802247163e-02,-1.137222996459905100e-01,-5.260886913005979881e-02,-4.889511721524545523e-02,1.362075126487636845e-01,-7.631297250942999100e-02,1.020600433483966618e-01,2.023329616753138591e-02,7.136462135147031427e-02,3.613157844810241381e-01,2.187847135297691370e-01,5.583024319342426711e-01,-6.061681252718550406e-01
2.228469042012583834e-01,2.163427799177037314e-01,-1.191546878518003061e-01,-4.223396760875524070e-01,-5.769631854556439565e-01,-2.504282401660908874e-01,2.516560958373087464e-01,1.683922005531972022e-01,-1.406457058624249745e-01,-2.013800304862868040e-01,9.296334477018236564e-02,-2.371579411073327648e-01,-1.141626015169839442e-01,2.859175879541642207e-01,-5.833517537124204011e-02,1.651391770564171468e-02
-1.607887037616241924e-02,1.802970565015281357e-01,4.323638566038067593e-02,-5.500277997527883850e-02,4.369287562171905032e-02,-2.236870539400813429e-02,2.381378445038067060e-01,3.664779247838697018e-01,3.302558765907031429e-02,-9.218211812026012864e-02,-1.172221459394863063e-03,7.231239470674003522e-01,1.493739581870585920e-01,9.293266881909384436e-02,2.358756685997883962e-01,3.870792957158333270e-01
