3.341245963244529604e-01,-8.712684763869375792e-02,9.607006873717092998e-03,1.173573820465864496e-02,3.702615607871168057e-02,5.513071471208073025e-03,5.198394139289206316e-03,-1.992891708721699073e-01,-6.257435347795471392e-01,5.882360638093010047e-02,-1.540747412039014386e-01,-1.832201084220123344e-01,-5.095925411850305009e-01,-2.551193786837765987e-01,-1.680320878393425643e-01,1.845699253708010523e-01
5.978849138095382321e-01,-7.012976678931463759e-02,-1.442942999680573435e-01,-2.710372917910737131e-02,4.140317048914096687e-01,-7.669216041295526254e-02,-1.343771855493488543e-01,2.628762388215601931e-01,9.575630835061366142e-02,8.465576042173143714e-04,2.947317607588127997e-01,2.203646567169634946e-02,1.993252119272878597e-01,-3.474861876431082353e-01,-6.887222642774457060e-02,-2.997531072389477691e-01
3.516792114340522302e-01,-7.237779265687106778e-02,1.044936153391041490e-02,8.357105768081127262e-02,-8.240793054141747065e-02,1.157096072210071075e-01,-1.969591996215238477e-02,-2.529326973306426640e-01,6.467665045177475314e-01,-6.273412440372259924e-02,1.872258007424618398e-01,-2.085052892716513784e-01,-4.384791842902853176e-01,1.533787240798926976e-01,2.450708025217621100e-02,2.495739465328099815e-01
3.940159772649065584e-01,-2.165787781644261042e-02,5.140693584971100204e-03,-1.161609628036281011e-01,1.766875710018846191e-01,-5.567021021138998660e-02,-8.070483270786173169e-02,2.563768245953895741e-01,2.538763839124274710e-02,-4.051681742768535599e-02,-6.585322850353648727e-01,1.561619192409731682e-01,4.890392567996838802e-02,4.664380761674989939e-01,1.483397084046298997e-01,1.480011204252453805e-01
3.654308104845488958e-01,3.682163411536350239e-02,1.216315500931991478e-01,4.354134835666276238e-02,-3.129990877665597693e-01,5.827931227053096547e-02,2.462524942621719878e-02,-8.284126365915890633e-02,-3.718364549221048199e-01,1.709865870182318906e-02,5.079330339499082969e-01,1.095429731705718224e-01,2.788201462169738187e-01,4.520679777210169781e-01,1.736051988366165977e-01,1.370590500191162797e-01
4.745930172720356360e-02,2.641010289910062925e-01,-4.599113391497760411e-02,3.231442832892738037e-01,-8.751076698923122843e-02,-4.904740265056830445e-02,3.543174908410552382e-01,2.957694719609916256e-01,-5.297783853047459413e-02,-7.068195428599061136e-01,2.460717217303435775e-02,3.076017307820245322e-02,-1.589854104574607851e-01,6.895711754614464173e-02,-2.299701529632853791e-01,-1.072691347572954784e-01
-2.664086299579513512e-02,-5.347927033396439045e-01,4.562913186959827172e-02,-8.826056085319566868e-02,-2.235025511196698234e-01,-2.466584027418399772e-01,6.391255865885793475e-02,1.901111269569379647e-01,-1.720221648713174400e-02,1.066887637238839032e-01,1.305064840614878624e-02,-3.744587696893910134e-01,-1.031188093383325483e-01,3.306781792562859534e-01,-2.589460051480341196e-01,-4.618350268364856404e-01
-4.031369709978274013e-03,1.676110702660652263e-01,5.467242705289253601e-01,-3.594108247246630139e-01,3.695279629556880718e-01,-4.475880109924274541e-01,3.026150700638723379e-01,-2.835106740977464401e-01,4.112911880768924805e-02,-7.821403667047327479e-02,9.558633415234576991e-02,1.399299311909911123e-02,6.760532169638549388e-03,8.329011914858569510e-02,-1.040954731919915832e-01,2.484946487903179260e-03
2.126810533594544750e-02,2.606513874652227267e-02,-4.647401960766803231e-01,-5.113830474364748913e-01,-3.118966281309787716e-02,8.160140487540533394e-02,-1.010977833603066006e-01,-4.063751847457290900e-01,-5.641108156016626934e-02,-4.530042873565922612e-01,-6.449014968081487331e-02,-2.604920381766427928e-01,2.164942515792118993e-01,5.505151324351986036e-02,-2.967059806893300195e-03,-8.977560300298421947e-02
4.068754027094882014e-02,-2.226961920296062769e-01,-4.648238224000404983e-01,3.003513068858471025e-01,1.765604093689320808e-01,-1.867693405418337782e-01,6.311526324473193394e-01,-2.812893760924756181e-01,2.037406692128230362e-02,2.161528193878653192e-01,-6.162173048730421043e-02,8.911422635771384937e-02,1.668968613481999208e-01,5.093030740574824161e-02,4.694811308570295133e-02,8.612086060013315891e-02
-3.893322934746452912e-02,-6.033482060902979338e-01,2.134480185722373580e-01,-2.142945766749421166e-01,6.763482587657351948e-05,2.477332531573566421e-01,2.463662934221517165e-01,9.038955820679678288e-02,-2.113137597142976387e-02,-3.301527333813894516e-01,4.074920530616101683e-02,2.517035763101930779e-01,-8.077418383826211190e-02,-2.230427111888630132e-01,4.243489719193624388e-01,4.390229316783709340e-02
-2.110096872999103670e-03,1.216118930638407231e-01,2.444994336067902660e-02,-2.704391497717669735e-01,1.987283081606670831e-01,7.120717986803566379e-01,3.524325978065541154e-01,1.099835561745223095e-01,-3.728326394660563901e-03,2.296169820520922167e-01,4.759020365186492074e-02,2.081283717849516379e-02,-3.913259632847623792e-02,1.787848746280739920e-01,-3.624005980979143615e-01,-9.143965441142135053e-02
2.520478913859610093e-01,9.115477038157033390e-03,4.046270151392665770e-01,2.911558323752256872e-01,-2.469829039429099482e-01,2.355221327903188333e-01,8.995219045539293301e-02,-3.389300726020429422e-01,8.516830576370219841e-02,-3.515590362314943013e-02,-3.643258526532108799e-01,-1.735267125154849321e-01,3.838660083192687034e-01,-2.241115410297093158e-01,-3.892203099324509363e-02,-2.793373649679782855e-01
5.319532184097371759e-04,-2.778893165903549844e-01,6.150952191921716522e-02,-6.601251576917548103e-02,-1.140449095345410779e-01,-6.596647604936857479e-02,-3.135803678797935423e-02,1.634049175361746986e-01,7.820291340123283752e-02,-9.005744053941701355e-02,-2.415803001618227908e-03,-5.122516504391250863e-02,3.706735808441665725e-01,-1.523417919991625347e-01,-5.473023727498602664e-01,6.265709505591906536e-01
2.192467710424380323e-01,2.344296706160019783e-01,-1.174768898609099277e-01,-4.145579010577260526e-01,-5.911018778401512241e-01,-2.017621479198791201e-01,2.851950380661229523e-01,1.456887089972306315e-01,1.368436351000553997e-01,2.108906815065101636e-01,-8.918580985376994841e-02,2.427920139509169017e-01,-9.454618043162332786e-02,-2.762766613248848202e-01,2.590966687160706477e-03,-5.714970068727108499e-02
-1.496160243325747423e-02,1.876882964492029848e-01,3.927627897181026201e-02,-5.996142603949151245e-02,4.493142357417049398e-02,1.151996195862378149e-02,2.632795849550597644e-01,3.511153166398097714e-01,-3.338455721967666101e-02,7.806954897425227857e-02,1.387558428574614533e-02,-7.165570101273229797e-01,1.255465502062947658e-01,-1.028234003270455249e-01,4.108794632411554293e-01,2.205656871963966870e-01
