-5.234823047847089050e-05,1.587241153385486418e-04,4.549754872395431730e-05,3.589123057264397378e-04,6.234359400196464156e-04,-1.411909251888090718e-03,-6.589979342840291895e-04,-1.820054978738205051e-03,-6.241966466823303371e-04,-4.154555954489721516e-03,1.554322000161656838e-03,-1.861829771954765303e-02,-9.798874400281282898e-03,-1.026451364180562195e-02,3.443417927428030906e-03,9.993241435752923119e-01,2.631868075272733240e-03,2.747406613810446374e-02,1.809689806258873643e-03
-3.644871723338640119e-04,3.242708906405476245e-04,-1.583926174052971458e-04,6.931845706584094250e-04,-2.247178121649218326e-03,6.307980152046564499e-04,-2.772462206765816985e-03,-2.053917839065175915e-02,1.356802560725595304e-02,-2.164296022180378989e-02,7.115015717376292625e-03,1.531590429547054558e-02,-3.053907023892269215e-02,9.985416915585900721e-01,-2.115758771098867966e-02,1.003647869996764780e-02,-4.559070185661316318e-03,5.978778960259255489e-03,-1.872148779154609016e-03
2.118486385869580713e-01,4.470454977427443244e-01,-5.399758096521051730e-03,-4.870785488536563124e-01,9.350669019741449095e-02,9.752849798715360063e-02,4.012663133327431519e-01,-4.612426529495985417e-01,2.913999686668213296e-01,2.014559177725983030e-01,-1.104480887560789666e-02,-7.323439458042867688e-04,-1.546149305253446786e-02,-8.070342882277337440e-03,-6.933241890415468497e-03,4.147289308222855734e-04,2.601200665509977548e-03,3.107137442966780060e-04,9.019317240114490142e-04
2.056314328786695567e-01,4.161760080233727344e-01,-2.252162366807164418e-02,-2.890198198093389959e-01,7.054635841468755164e-02,2.139660758328454024e-02,1.977323720832280599e-02,2.831000472949394831e-01,-4.242437146932060421e-01,-6.581593049061762457e-01,3.569772758418355424e-02,-5.718116881363896446e-03,-1.954768692474564192e-03,-2.608856059107986410e-03,-2.368070798111238887e-03,-2.617887082407451254e-03,-3.802479039048409573e-03,-2.445123077587827115e-04,-1.145212049281281149e-03
2.077340889604868401e-01,3.835296559998636612e-01,-1.615249866744679005e-02,-6.381619066014020125e-02,2.802801620487265291e-02,-6.122534745828405595e-02,-2.495147850153500713e-01,4.478429484659249837e-01,-2.568235030107808847e-01,6.855529719877709871e-01,-3.562857789274703063e-02,9.644268237628202817e-03,3.021809160370720476e-03,2.709766057713376003e-02,-1.304215155485646989e-03,3.762617853215877942e-03,5.555985078590070208e-05,-2.023218868163883524e-04,4.256171442502550118e-04
1.997643717618363957e-01,3.440736170965988383e-01,-1.856849140446566182e-02,2.073774618801651481e-01,-3.699763552687920787e-02,-9.420006697844976462e-02,-4.379293823921982520e-01,1.527189204025524993e-01,7.209325299150727284e-01,-2.293943577864432926e-01,4.237186660630065833e-03,-7.432787595397332726e-03,1.947926110560805821e-02,-1.222656672797317601e-02,5.997354761610160234e-03,-8.381313760113627684e-04,2.176486741614727140e-03,-3.068971309713486068e-04,-7.309219809048428558e-04
1.930749661596846967e-01,2.972907175979392913e-01,-3.138274105474112008e-02,4.769470205683130071e-01,-7.642924985509311209e-02,-3.992711081128073186e-02,-2.834998820491530513e-01,-6.416062456743466536e-01,-3.812945320397173599e-01,-7.354668444116620185e-03,1.972653379745213653e-02,2.073550726485187332e-02,1.367661596932137017e-04,-9.760502715788566333e-03,7.271684075536277367e-03,-1.610213873112550454e-03,-9.735856824229939923e-04,1.377273255574352898e-04,3.948966661809584825e-04
1.516245976901301473e-01,2.072927679389406641e-01,-3.709577159033949217e-02,6.034737018853824075e-01,-1.137717081487488041e-01,7.216021564005226097e-02,6.913977755425276817e-01,2.630381005505930125e-01,5.361207945136277353e-02,3.822080770846033541e-03,-8.560390219144788440e-03,-1.032290541631049850e-02,1.237841330461244681e-03,6.156675509342284837e-03,-1.716462904499959068e-03,8.060956814381754721e-04,1.030832771339857484e-05,4.676432433292742729e-04,3.196531257983109878e-04
-8.431427815412951832e-01,4.424359326367666712e-01,-3.012115480095126085e-01,4.331038102512982380e-02,-3.947577313351044296e-04,-2.678805591790487176e-02,1.534219187830673185e-03,-1.858756907614909047e-03,1.601816126159102526e-03,4.895452191633647109e-03,-1.042677583385882237e-03,-2.231047383935129240e-03,-3.542530579724750307e-04,-4.302672817436432461e-04,-1.949754989698408440e-05,-1.823936259691879831e-04,3.798451931533821703e-05,-1.749339850462064958e-05,5.541568442114687686e-05
-2.147202679752434340e-01,1.548886083045856732e-01,8.605606940306252950e-01,1.029954928724382407e-01,3.705779212736194372e-01,-1.975760510680848459e-01,4.085125364893283512e-02,-5.530437460693068789e-03,-5.527672610432007860e-03,-9.394158974352986857e-03,-2.320214198669326433e-02,2.753571388949760217e-03,1.061797626597436438e-03,9.041648264212100551e-04,-1.073330164741331198e-03,-5.380694207771313060e-04,-1.698206565666159865e-04,2.661107693004464373e-05,3.171025031384516247e-04
-1.095014898881298548e-01,9.521518919558961958e-02,3.782649466649313785e-01,-5.834538408503366774e-02,-5.854052529125040039e-01,6.681348973348466558e-01,-1.089339054241288546e-01,3.059111803841663840e-02,4.277697155200244593e-04,1.668146664603609164e-02,1.737020553110472376e-01,3.660630368447606088e-04,-7.253602053260301170e-03,-2.375425658699333812e-03,6.143845849189646761e-03,9.622252067953462927e-04,-8.209529498634270453e-05,1.937903137366314005e-04,-1.003777943525507909e-03
-2.189314868907608555e-02,3.289173515977836942e-02,1.288605724230580118e-01,-1.118321002140799936e-01,-5.427322826165661418e-01,-3.656652795937742062e-01,5.003054192654799587e-02,-2.339935080591538930e-02,-2.475032992165386928e-02,-4.357819165912556886e-02,-7.303849877896507747e-01,-9.558012729559786994e-03,3.475935822750499116e-02,3.982446220720568288e-03,-2.674142663649048748e-02,1.077248700299737955e-03,1.029690274452804873e-03,-2.181106973714594724e-04,8.229955662277581253e-04
-5.356340233709673375e-03,1.383999597746743415e-02,6.888050010916683952e-02,-9.838620029336742068e-02,-4.080802859222908419e-01,-5.521292745064010354e-01,8.896299782386603294e-02,-3.687208496233902039e-03,-5.894624863837176054e-04,1.921998289211157215e-02,5.903620947977314959e-01,1.496075459467659796e-01,-3.543184398136018931e-01,-1.521759584504687492e-02,9.478629620199395533e-02,-2.440602553836659742e-03,-2.827214271557271664e-03,-1.623004784936082760e-04,6.664211777761166848e-05
-1.913561770121708413e-03,5.200775290047710171e-03,2.670415655826300846e-02,-4.343272837253096125e-02,-1.513142117622512939e-01,-2.081422705576690402e-01,3.841404960234120342e-02,-1.759256336426406886e-02,-1.270724402386257113e-02,1.758950845451572043e-02,2.859245386466124361e-01,-3.500733208938229257e-01,7.460399218843860591e-01,1.743380063716705453e-02,-4.075083667461984471e-01,1.863213490882101959e-03,-4.026094331271297400e-02,1.394035742148539954e-03,4.634311676518608827e-03
-5.498710856228739789e-04,2.086331021895928943e-03,7.100658265384984097e-03,-1.919833317077773716e-02,-3.481877290427960042e-02,-4.889462359544359538e-02,1.783492613542680266e-02,-5.657135966389325969e-03,-8.496921679601924376e-03,5.037530733637366268e-03,4.572426748437462968e-02,-1.757453069328593076e-01,3.419638661836725269e-01,3.211205412393480785e-02,8.106887576737562551e-01,-3.855322854220831225e-03,4.326748129507237417e-01,8.008189680048750578e-03,8.678401213274176615e-03
-1.369248560090840562e-04,8.165653344261189581e-04,2.013973302256637753e-03,-7.314271939824611157e-03,-9.363132272489136862e-03,-1.296566467236733543e-02,6.990828329402635523e-03,-3.320793135127941657e-03,1.151802321139971334e-03,4.523863831935236342e-03,6.285726082539262044e-03,-6.990429952532196956e-02,1.322207399085894020e-01,9.603138260237040896e-03,4.075484610469456426e-01,1.292265322516905667e-03,-9.001783824374879339e-01,-6.878393828623587287e-03,-2.525421611774985448e-02
1.689197030552496855e-05,-4.889295386257314129e-05,-1.387750389170188032e-04,9.931009254401429096e-05,6.076531863855896788e-04,2.041716548767672640e-03,-1.100509249866319208e-03,9.394551691590781939e-04,2.180151145056506809e-04,-1.352467865176942450e-03,-8.788963856633768808e-04,4.950159247334596363e-05,-4.151764229589222262e-03,9.910078433703764858e-04,4.670393457134166572e-03,-5.247822195638081333e-03,-2.734196155171155287e-02,1.265017274632666000e-01,9.915507267306997718e-01
1.802412783986480181e-05,-9.425162650640577796e-06,-1.112652386784368096e-04,-7.062688341264912884e-05,3.317553469492863418e-04,-1.337626332423085766e-05,-5.967915177527283307e-04,3.757343178008906563e-04,-3.571302429239787480e-05,2.502047768553456418e-04,-8.500817593429959608e-04,-1.758861089635524715e-03,-3.650025986269184262e-03,-6.075727500762350373e-03,-3.762407145160084204e-03,-2.712852511869837807e-02,-6.239152217039408560e-03,9.915023528183012358e-01,-1.268041881424178396e-01
-3.378138245084632858e-03,-1.599991232286555268e-03,-1.504332572058318836e-03,-1.008640850283065195e-02,-4.758986064406291704e-03,-1.543867412277990158e-03,1.854717307257054693e-02,8.116690688555557379e-03,8.704642560646774080e-03,-8.169338297184853062e-03,1.465808678906386359e-02,9.043709691334241851e-01,4.248611212084050237e-01,-9.646568986737208765e-04,1.561526818113192876e-02,2.082139004009609523e-02,-4.659064418960662149e-04,3.974778787839817681e-03,1.271172398405903637e-03
