5.315613227592921408e-05,-1.531866631057219230e-04,1.627672338395191189e-06,4.660086404113547662e-04,6.125232679908481715e-04,-1.328501076934102479e-03,9.169455480415656171e-05,-8.999694217321017441e-04,1.779247733781314216e-03,4.989314811608165125e-03,-2.859062999573454169e-04,1.050338344423888681e-02,1.980672693733398580e-03,8.517235669227445766e-03,-1.711303916109179965e-02,-9.991528728343340715e-01,3.420823500218530405e-02,3.426835462580760192e-03,-7.771643432296888128e-04
5.191415639127000867e-05,-4.694707088619736119e-04,-5.511046625536202177e-04,3.520919357687576998e-03,-9.021244393119435103e-04,-1.435266287386390222e-03,-2.788023734995530734e-03,-5.538838740892415048e-03,-1.167104087546065420e-03,9.775886929138426912e-03,-1.249125150766557894e-03,-1.067532365547380901e-01,3.159393223951692531e-02,-9.936283027398460366e-01,1.854905376981367572e-03,-9.336333780186893000e-03,4.383902144104519401e-03,6.388837223561984538e-03,2.232164120469044919e-03
-2.010138994280164793e-01,-4.430514308306864879e-01,-2.984897296880550596e-02,-4.691219463364198483e-01,1.006513946598953380e-01,-5.530637856536561869e-02,3.875957952280500995e-01,-4.296214985360234384e-01,3.920906773548125668e-01,-1.967287442194797231e-01,-2.799096936549350101e-02,1.257316028610637286e-02,-2.945640648687753230e-02,-4.784524286642530960e-03,8.210622302517060767e-03,2.886044552634634333e-05,4.642099230401656096e-04,-3.036392447531868248e-05,-8.769251316946634995e-04
-1.958047338363348711e-01,-4.187339020540171153e-01,-3.689949973552588552e-02,-3.107237166454479560e-01,5.360414502905497952e-02,1.363856546860954186e-02,8.506640598671083575e-02,1.803000881656752208e-01,-5.462604359808824750e-01,5.828959983409494061e-01,7.894590046137422990e-02,1.280386953231948607e-02,3.031248302946432799e-02,3.622221449025477512e-03,-1.025974711748344620e-02,2.057589661413501952e-03,-8.223676557435863387e-04,2.693357093482910930e-04,9.895212839752288991e-04
-1.982454926453985911e-01,-3.884252582989234370e-01,-1.553696026595764376e-02,-7.417567577557283853e-02,3.534332345179357765e-02,5.799913793090252095e-02,-2.509189753750008522e-01,4.866407648607100067e-01,-1.931642662240953268e-01,-6.761662792870738459e-01,-6.430806445892267575e-02,-3.007686528159349282e-02,1.100073184014449968e-03,-5.227741947170008383e-03,9.019045848745443558e-03,-4.725824644174729181e-03,-2.808979256550986911e-04,-5.908751833841730678e-07,-1.669635077778792564e-03
-1.907752826761552611e-01,-3.516060857030096076e-01,-1.354096739117503084e-02,2.049757166169834666e-01,-2.915473938699184378e-02,8.352909517194520572e-02,-4.354815972334044605e-01,2.235595052649651804e-01,6.370181574311845063e-01,3.782212810447404538e-01,3.639240584120895239e-02,2.421615785116893599e-03,9.949891945358470963e-03,3.725766759171787214e-03,-5.299663354734025604e-03,2.956557649857611148e-03,2.302239883574406707e-04,3.311134646400353356e-04,2.398660836274373476e-03
-1.863783110228886264e-01,-3.085621397344388561e-01,-2.213237995325010449e-02,4.685184201313277730e-01,-5.453632451079831744e-02,9.032958317114483937e-02,-3.065020147918863236e-01,-6.591520617735318055e-01,-3.205751755788645574e-01,-8.002650888250951999e-02,-2.727570046891621483e-02,-1.513218574231472817e-02,-1.687687134427363553e-02,6.965640898092787144e-03,-3.759564972916364621e-03,-3.566121877572530166e-04,2.460435888839570488e-04,-6.573878349831549376e-04,-9.346762525479232822e-04
-1.424564452838823492e-01,-2.188646133134611316e-01,-1.871516064709299529e-02,6.055309655216829512e-01,-1.566220426874473104e-01,-2.595539694820678256e-01,6.442865417105129167e-01,2.384103936833989190e-01,2.779071823528113383e-02,-4.568430921322633696e-03,-3.061959425077588962e-03,1.140066840384727082e-02,1.162394895497060807e-03,-1.626433565790843042e-03,2.463505343168340047e-03,5.051900020523906803e-04,2.706269015615440552e-04,1.863448411906250669e-04,2.644124555767551421e-04
8.449509821097392903e-01,-4.117493509819011854e-01,-3.374663950186364003e-01,4.636796315596210249e-02,8.029695485985564180e-03,-1.610578026364859264e-02,-1.119802426407709439e-02,2.593143725148665192e-04,1.812798571498486569e-03,-5.711682222224464568e-03,-1.555300310435204527e-04,1.112145204009393944e-03,-9.903733198928177600e-05,4.538037858711277406e-04,-1.011143284380178252e-04,1.465352584748277150e-04,1.243397620493293602e-05,3.110477547578009446e-06,-2.546666132022787466e-05
2.446358777598298950e-01,-1.726324446078233987e-01,8.512273188133611113e-01,7.731118589924551587e-02,3.895894980626268822e-01,-1.623947370765354004e-01,-2.102514603870132490e-02,-3.948781336616778888e-03,-1.099501649436185162e-02,1.107450469725108043e-02,3.051737720612604857e-02,-1.003571920078688128e-03,5.374246326826353365e-04,5.910371808428056822e-05,-2.552217672776923110e-04,5.603371916606612445e-04,1.705782551654156851e-04,-3.565968401009542827e-04,-3.388865398188386309e-05
1.267385265757942914e-01,-1.010674001751099421e-01,3.824546301013783678e-01,-8.947363329140151089e-02,-7.017031319515137922e-01,5.257312013238210069e-01,1.246904724017927207e-01,1.122066849480089952e-02,5.512925243992727181e-03,7.781771293772768092e-03,-1.861017131859139806e-01,1.159450762748682855e-02,-1.111740301049750357e-02,-2.289189002027885739e-03,1.330530567147522212e-03,-9.935003929933457906e-04,-2.575723986081812048e-04,7.505006598247381151e-04,-8.076667534590815931e-06
2.537881271515877307e-02,-3.221475739428837637e-02,1.014062046619935986e-01,-1.300592980435251178e-01,-4.775134879052110315e-01,-4.555816201514791830e-01,-1.554256004241134914e-01,-5.596781991762091873e-02,-4.949540816575417196e-03,-8.636990664795522743e-02,6.987878199007476754e-01,-4.927349469638284823e-02,9.982079439980362512e-02,8.083577181003763837e-03,1.634148248131588824e-03,-6.164006839566953371e-04,4.887323533010309775e-04,-2.296272107206140910e-03,1.255967811232791206e-03
4.312996838202410622e-03,-1.143999750135030191e-02,3.534441441384997967e-02,-1.147529608184064825e-01,-2.671130292623534186e-01,-5.628960960279179027e-01,-1.845366910764780766e-01,-1.063100862994702765e-02,-3.026763583717084413e-02,6.426722092715136947e-02,-5.292454458468700551e-01,1.823000682367623415e-01,-4.765958655927129972e-01,-3.245954543175284118e-02,-1.282700614048225551e-01,3.809515787392548161e-03,-7.451492729661373954e-04,6.395195703146481147e-04,4.297914151166855844e-03
1.539588296692222160e-03,-4.704659596458711339e-03,1.335071045455782889e-02,-5.233457041477052041e-02,-1.093263257196774169e-01,-2.647588415696404684e-01,-7.450920178526661275e-02,-2.982644532681394747e-02,-1.501559951767849179e-03,4.034604864889219239e-02,-3.750122222987828380e-01,-2.233594239518308655e-01,5.907643603255831044e-01,4.532439609152534576e-02,5.894558759289243444e-01,-1.016154648127479132e-02,-7.178115615397770823e-04,1.722098020859888501e-02,-1.322821513108616287e-01
4.730867195529466353e-04,-2.142461046728212463e-03,4.938941759649285827e-03,-2.371172315972727013e-02,-3.996131165054241097e-02,-1.069806013377582743e-01,-2.104680072886531972e-02,-1.853019239880948285e-02,6.897223114894381404e-03,1.622905444003792290e-03,-1.866630143557523602e-01,-1.746140579404819315e-01,4.605351402148295525e-01,3.386453814197210033e-02,-5.707479863694767674e-01,9.275294878397847415e-03,1.768973199184995654e-02,-5.523348258932229277e-02,6.146175383971602679e-01
1.457618159526222841e-04,-9.717212570529569797e-04,1.990195981766953916e-03,-1.016366699161746351e-02,-1.552021347674106475e-02,-4.362277395828377535e-02,-5.738641021576540088e-03,-8.615405356578053134e-03,7.230504818792491718e-03,-1.648184332948840177e-03,-8.539879430705260566e-02,-1.033960358719716727e-01,2.615817007507000858e-01,1.689194962810884951e-02,-5.561838787524346905e-01,9.021662089285401726e-03,-2.626321934451077839e-02,3.990062654597460040e-02,-7.740723891571945625e-01
-4.320795146418925049e-05,7.955721651897202277e-07,-2.111387202788553416e-04,-1.393216864514981051e-04,-2.086806572424094436e-05,7.874237570233570726e-04,2.525881443128254037e-04,1.030050294753261531e-03,1.276471458017249815e-05,1.366415444806569129e-03,-1.587117948537872031e-03,-2.687439421606604029e-03,-6.902936354786601281e-03,-5.509219487556117102e-03,1.832256970650849442e-02,2.964027530683341610e-03,1.945174502418499096e-01,-9.780212412665550969e-01,-7.212135239645185714e-02
-3.076376934627593252e-05,-5.250370515723839243e-06,-5.735565993340271994e-05,-3.192238552754385144e-04,6.838889586490711587e-05,5.072676786836839528e-04,-1.465104567026602597e-04,4.732318951212048153e-04,-7.971673990918362856e-04,-2.274406628226319899e-04,4.071071566504737109e-04,3.799789794696075036e-03,9.947318851957688991e-04,4.824221353641193651e-03,-7.331320711925137443e-03,3.443574531644076619e-02,9.797753299123875825e-01,1.960875222291239839e-01,-1.761391996153115203e-02
3.143598672868600299e-03,1.824966402051518078e-03,3.976361012207816877e-04,-6.902592793711270248e-03,-7.778755347212592706e-04,2.318472263515588497e-03,2.277186194774017888e-02,8.440437518583754350e-03,4.078748128949455376e-03,3.593570000737557335e-02,-5.089862040579587986e-03,-9.273684221484229662e-01,-3.605891110956264689e-01,8.852896668293155913e-02,1.484416694868212786e-03,-9.443444930784196736e-03,2.932026677938143460e-03,5.019243133730969496e-03,3.168559997347040504e-03
