-5.766928465029381399e-05,1.130501104239695255e-04,-4.569726536254357734e-05,-1.895963082978551189e-04,7.401136217955478101e-04,-1.057475255319618524e-03,-7.141562680032158630e-05,-2.784015383972598869e-04,1.777454147037363114e-03,2.987826563183521369e-03,3.156499228610962736e-03,1.296088197117497252e-02,-9.569366382466871698e-03,2.384922103661308093e-03,-6.591247669400286668e-03,9.997811940183581880e-01,4.927360872973457831e-03,8.097493156931213562e-03,-3.895313074109787825e-03
-1.841455581224997473e-04,3.669637528655804687e-04,-6.635130577447020473e-04,-1.989956542919755350e-03,-1.237556204306938020e-03,-1.241030549880475526e-03,1.017181776113768987e-03,-1.794825952411717527e-03,3.248246077626012161e-03,1.205357696191685854e-02,4.132351434658153473e-03,3.794881245299867173e-02,9.897090027338232288e-01,-1.364401199213163551e-01,1.117171598611685357e-02,9.300631073492202083e-03,4.675856482191000606e-03,6.582333596701889613e-04,1.285564925601649254e-03
2.004613337460266487e-01,4.483810091405796006e-01,-5.391388373059234629e-02,4.849619432102884042e-01,7.489872847725706495e-02,-1.575746338701007609e-02,3.578622761906810612e-01,-4.456434483401076618e-01,4.004565279200675842e-01,-1.229614712917687924e-01,-1.100400113728215723e-01,5.284190762868810030e-03,2.962253500232045651e-03,2.111095197742543506e-02,8.579066173550062985e-03,-1.409122044352656812e-04,4.831155749062564968e-04,-1.778399788499689972e-03,-4.214446811049046122e-04
1.943949300090988819e-01,4.219414318496594318e-01,-4.907775570623443273e-02,3.051631638961502802e-01,6.955421936369242386e-02,5.310955487779606826e-02,7.115198972107089626e-02,1.976809089120723506e-01,-5.721973365968093805e-01,3.781790282517633606e-01,4.078871618338438809e-01,3.966801406078019135e-03,-3.585761030524139449e-03,3.422131396067724430e-04,-3.192501398696229176e-03,-1.433281039538287366e-03,-4.417456877238575236e-04,1.354863325787053355e-03,-3.556789602639382224e-05
1.952379406465651612e-01,3.881900039791930657e-01,-2.119992734538697979e-02,5.268702622022440607e-02,3.139442670266817670e-02,3.561778552264688313e-02,-2.233367819897477957e-01,4.780003293612229975e-01,-1.610481251604463371e-01,-4.801085637435029141e-01,-5.198861841774702341e-01,-8.421064354993094622e-03,6.962046511657570859e-03,-2.198000025386790193e-02,5.323628560489571809e-04,3.703105618371660239e-03,-7.105827219517009711e-04,1.485673352953737055e-03,2.418363153677095118e-03
1.868824639746850258e-01,3.505132274042346285e-01,-1.048540043871061186e-02,-2.145827692404007059e-01,-3.645097804593541019e-02,-5.488456207981653664e-03,-4.491061324212897166e-01,2.449752032435721372e-01,6.148319677392481974e-01,2.741024722792032575e-01,2.824222397840989163e-01,3.455218118390568968e-03,-6.354088592062811028e-03,-4.404635094456919452e-04,-2.129134336063225399e-03,-2.947961851026301757e-03,3.966089572433370678e-04,-3.907958312403299198e-04,-3.587781858369615360e-03
1.806976585065179497e-01,3.069531872811686601e-01,-6.047965777328852960e-03,-4.741935902268847314e-01,-5.431023804032163865e-02,-1.108880542002935003e-02,-3.257136505527629122e-01,-6.539240855992373147e-01,-3.217111468109188355e-01,-4.789126416411775000e-02,-7.189106996531650917e-02,-2.127096013025461807e-02,9.319407249301363445e-04,6.465104361517494706e-04,-6.024522689152036689e-03,9.065643397268030070e-04,-3.015344153817632231e-05,-8.996394316012896845e-04,1.293965837179066524e-03
1.392252880003025661e-01,2.184437543019300543e-01,4.995372883668393327e-03,-6.007356846326266098e-01,-1.163235053400299007e-01,-9.097250563649091071e-02,7.092885138140984091e-01,2.124660233957998412e-01,4.027755562018529162e-02,8.975995178651791778e-03,1.076821356481341523e-02,1.089751387753672141e-02,-2.745371136033272676e-03,-1.125570524088547082e-03,2.041557228886354582e-03,-3.181276735442740912e-04,4.715920404785404487e-04,3.661238883458148687e-04,4.212564335945941552e-04
-8.391318548225594753e-01,3.960547229104744993e-01,-3.678436839636970990e-01,-5.641564653801901114e-02,-2.935206960740246573e-03,-2.056630632275594991e-02,-6.206133828767564087e-03,2.217838388631125299e-03,9.570172430027539890e-04,-3.795291621506871691e-03,-3.802088689369616855e-03,1.090836817896029091e-03,-7.152882531060440578e-04,-3.844942548298316428e-04,-1.207781520174693198e-04,-1.396625652693893804e-04,-7.830269966292699771e-06,5.186752003076748829e-05,1.160447490564572408e-05
-2.681758533212384998e-01,1.849622980293975927e-01,8.230344548975770946e-01,-4.100406713785202661e-02,4.298421148897383914e-01,-1.692616120901564991e-01,4.164664159786757823e-03,-8.973348936466285508e-04,-1.910373341652943932e-03,-2.020274164566141992e-02,3.072525471667000158e-02,-3.741957359637349163e-03,1.014213509260642257e-03,5.133026939513960071e-04,-1.353837623823167969e-04,-4.758452317362246871e-04,-2.523838942485336644e-06,-4.193911202162524496e-04,4.114060976181984752e-04
-1.415512290139872842e-01,1.132426983534059739e-01,4.062466862880269591e-01,8.579488621379767477e-02,-6.761103451438915668e-01,5.422476424703004394e-01,2.606616976787902093e-02,-1.637488530007201459e-02,6.370082194187675489e-03,1.469772921783838726e-01,-1.443752814548969754e-01,1.198608606869128006e-02,-1.343833354167378374e-03,1.302490938237157786e-03,1.736379246767946651e-04,9.108966174342469739e-04,2.250041020003631280e-04,4.229621829867708438e-04,-1.240672664707776190e-03
-2.874212326396188150e-02,3.668542861437866509e-02,1.188015095902125728e-01,1.088109695695489987e-01,-4.889765971721425353e-01,-4.529951791487416557e-01,-5.347529849466236412e-02,7.673992537657560106e-03,-3.818658578491113120e-02,-5.284866780314875223e-01,4.932200845514749243e-01,-9.086376882365177626e-03,9.454236407532548483e-04,-2.155351860513597673e-02,8.589552379751666175e-03,2.425285721519264968e-04,6.228138466354263183e-05,-6.284788507505496748e-04,2.918381100683885548e-03
-3.853790267411773447e-03,1.268377755828432006e-02,4.408219861402108697e-02,1.025915407637232463e-01,-2.795078002810435502e-01,-6.260895259090404341e-01,-4.449960941329286074e-02,1.934291118513394372e-02,-3.673585061173896549e-02,4.344003667946458314e-01,-4.106750036792423120e-01,2.277256260511348676e-03,4.664363360665003261e-02,3.563958228324838329e-01,-1.641985826561062900e-01,-1.897642563510769896e-03,-2.117916366162310177e-03,3.452778108962484098e-03,1.340683287994940678e-03
-9.761497358511674830e-04,4.922816344635777379e-03,1.612745536357086326e-02,4.539194375601714876e-02,-1.047005235667788359e-01,-2.512986275732638775e-01,-1.237119894146799896e-02,-9.880761005287288026e-03,-9.341046409677991602e-03,2.015971431143178949e-01,-1.750100875575731352e-01,2.624368927777824545e-02,-1.068801836661673471e-01,-7.055366247144941871e-01,5.821224458523911460e-01,4.209696857696090116e-03,4.596649306853130106e-03,-4.899466407467901324e-02,-2.707981289928794097e-02
-8.989835412118037615e-05,1.902029666638532747e-03,3.665322153190701381e-03,1.860964133648566887e-02,-2.310821832022078373e-02,-5.852395999460877074e-02,6.956155715173309786e-03,-1.152859246863472374e-02,8.126227162325160014e-03,4.865318176055103555e-02,-4.022726835409148188e-02,2.388815050848962229e-02,-6.901697862162194108e-02,-5.412108893115867847e-01,-6.842874783532246763e-01,-6.700984156446985682e-03,3.034283462008873639e-02,4.020870615913976209e-01,2.496251533275773982e-01
2.607888837344978503e-05,7.665937671658569746e-04,1.005215475728932000e-03,7.447311859564972013e-03,-7.312254366582417002e-03,-1.876315738799700858e-02,4.621711069361542253e-03,-3.520905106286095765e-03,1.331351452060728843e-03,1.323133961363771177e-02,-1.309308311674298175e-02,1.426414729838348938e-02,-2.865726746810969700e-02,-2.464628374770292951e-01,-4.066230072236505233e-01,1.909044544955905203e-03,-6.979076101664925813e-02,-7.374402043924869199e-01,-4.726013457239253701e-01
4.558370474117152125e-05,-1.647656131550891465e-05,-3.108201909916040516e-04,1.659145594053773647e-05,3.105711461345197328e-04,2.148298225694476871e-03,-5.673335344592003639e-04,1.529107269342579092e-03,1.737930584771569652e-03,3.215748019923336462e-03,4.124292951965186690e-04,1.767592252561794245e-04,-1.510112747900338318e-03,-9.006335268791085673e-06,-8.648652768756910289e-03,6.683982594329215821e-03,1.658640002785878031e-01,-5.397350910189343542e-01,8.252468575553649766e-01
2.488891741511669659e-05,-6.864495721684590796e-06,-7.963957841224427652e-05,2.113873469171399268e-04,3.370234837389798508e-04,-4.580451031891620453e-05,-3.742011601408872087e-04,3.433754346066883499e-04,-1.395565533000276814e-03,-1.495119685912061789e-03,-1.001189702398093585e-04,3.442830484099003094e-03,-3.818932523292207018e-03,4.027600615951751513e-03,-9.363672111044319540e-03,-5.908114237767846111e-03,9.831643567492762692e-01,2.650099979560308766e-02,-1.803210560214992264e-01
-2.891368537652181953e-03,-1.172120884118241311e-03,7.555707181260054974e-04,8.174504310192707429e-03,-9.198835411622240457e-03,5.335055479766547025e-04,1.781421442933766794e-02,1.062546029473834461e-02,1.108889187078572480e-02,2.175848006970834692e-02,-4.782320436405895422e-03,-9.979843940766190968e-01,3.257215370979298086e-02,-3.888013878984187405e-02,-6.856803132095822852e-03,1.323161005870511671e-02,3.523800723510131256e-03,-2.052501198424863758e-03,-2.067584610178714762e-03
