-2.846282654105050357e-05,1.139872720128540186e-04,-1.376587973916040186e-05,-3.333162168738638704e-04,-3.658776367536448952e-04,-7.826472608439491181e-04,-5.713347288805446268e-04,-8.149136637901642282e-04,3.295239839578266005e-03,-5.236898101631364162e-03,-1.413184293290450358e-03,-5.670765856258650275e-03,4.961488833914564148e-04,-6.410811879152254235e-03,-8.227955686227611531e-03,9.988301003334774109e-01,-4.222489414915975986e-02,1.848920478351023106e-02,5.503996284056502861e-03
1.776390794260929791e-04,4.458585903527442686e-04,-5.705614024496357111e-04,-6.239304606415109087e-04,5.745804172329382941e-04,-7.387384868004502787e-04,-1.410594195392835632e-03,3.801192142243120173e-03,8.454866566974179529e-03,-2.308499273428592929e-02,1.875630958912013688e-02,1.620331001578265845e-02,-6.031626284079643491e-02,9.971266299241653419e-01,-2.806899024694697528e-02,5.961386753807214507e-03,-5.208578295075024477e-03,-1.589858408410911193e-03,3.218865768557579998e-03
2.702364003564133865e-01,4.151762117171757249e-01,-5.255722746654424571e-02,4.815706074427267835e-01,-7.007715058913401018e-02,8.543066651344694007e-02,-3.983431663025381320e-01,-4.039666905494614380e-01,3.578078261652481440e-01,2.313092227208728424e-01,6.562698854975018703e-02,2.692954938932755771e-03,6.247213011373192477e-04,2.204585079306585829e-03,4.063783557089007477e-04,-2.811777757039983440e-04,-5.757184327565559789e-04,5.616690336335107905e-04,1.491908983979770183e-03
2.589533376215490401e-01,3.869817506724394507e-01,-4.064504374711515322e-02,2.957395569594142848e-01,-6.173370025592888471e-02,4.477123695182135682e-02,-3.487909646193238650e-02,1.973125472703831651e-01,-4.330516645014549915e-01,-6.622889742668061075e-01,-1.419575331374592353e-01,-2.741332924184134226e-02,3.104879173635759909e-02,-7.450039527702567721e-03,-6.276817191662980699e-04,-2.193023432120416380e-03,1.271365627619856092e-04,-1.709293771626633866e-03,-4.306880989812691789e-03
2.527649543557475287e-01,3.554523944603406593e-01,-1.829926023856034284e-02,6.053867410816578254e-02,-1.923471619443971672e-02,-4.912937887790893438e-02,2.636462644885008699e-01,4.207161122704689005e-01,-3.510227145903287438e-01,6.459079174921031896e-01,1.210128634923819252e-01,2.340120289217154440e-02,-2.409437809047535253e-02,1.260805342762720202e-02,9.058679142873723306e-03,5.476382884094776679e-03,1.586643154059846905e-03,1.503664963949596619e-03,2.562155641475884552e-03
2.381385418670517451e-01,3.166132915157359728e-01,-5.688459287812079601e-03,-2.130448689797744266e-01,3.598906094922989241e-02,-9.177869629361389003e-02,4.337080705763065036e-01,2.621943761345241208e-01,6.944408259475444156e-01,-2.150122788096147097e-01,-4.833817647644972348e-02,7.942840708002785362e-04,-9.849378673715278656e-03,-1.136304787844824409e-02,-7.920293575157993839e-04,-3.265622755613408357e-03,-8.858595483576664747e-04,-7.969826285762066087e-04,-2.017216442509688675e-03
2.247473874565786289e-01,2.722785557428771819e-01,-8.843968111476535263e-03,-4.761493732530903134e-01,4.690498512486326876e-02,-5.011321482226001323e-02,2.882600747217872739e-01,-6.944686854602269976e-01,-2.785283702803429962e-01,-9.424148166809157012e-03,-1.984333486816305253e-02,1.595500113371898371e-02,-2.856690096232577733e-03,4.299065489337768574e-03,-1.075861771953168407e-02,2.378832994587396919e-04,-5.430358737724476869e-05,5.732290339251268916e-04,2.560186278627100444e-03
1.691904976787289017e-01,1.892752027845138185e-01,3.964871782280311729e-03,-6.138400832011303709e-01,9.483848933336772036e-02,5.591921911073793189e-02,-6.907958267380374107e-01,2.624783971907806990e-01,5.140164844397753126e-03,5.012449500535460720e-03,1.921921193049766149e-02,-7.546527155467276128e-03,5.062962955736451630e-03,-2.257831707490532813e-03,3.186356378609419421e-03,-3.367266336495952791e-04,-3.801035694144183023e-04,2.544777545849338931e-06,-8.682795146454057853e-05
-7.722230696401489736e-01,5.291394309014477715e-01,-3.468599252157012480e-01,-5.451070480064292012e-02,5.624060320309784942e-03,-1.845817621967517363e-02,2.389098068098661782e-03,1.895789161531750804e-03,-6.173140443289132671e-06,2.677580131183016424e-03,1.479577006172407136e-03,-2.941430578063579729e-03,1.968520954833789804e-04,-2.565706620979046784e-04,4.633287290453893045e-05,-1.183328326274079841e-04,-2.690549552608398269e-05,2.180435464327533810e-05,5.380926556503533767e-06
-2.242632040296741736e-01,2.112465035239389777e-01,8.302019249974368353e-01,-3.104033767224391449e-02,-4.132544259135638720e-01,-2.026175361417363041e-01,-4.087515344927819538e-02,-1.020136292220593516e-02,3.480638565837213981e-04,-1.249913871973476302e-02,3.338802040937133286e-02,1.160705383604736024e-03,1.146252932358931111e-03,-4.063013940275930227e-04,-3.263475709712056975e-04,-3.968115471044477978e-04,-7.915899540143384885e-05,2.135862015602199690e-04,-8.476874499212860088e-05
-1.143702311421657819e-01,1.226303877375130164e-01,4.103844147782012564e-01,6.106052086455053540e-02,6.240893146009184322e-01,6.007276590260661742e-01,8.358396023348974024e-02,2.120145438080165822e-03,9.463054052089717779e-04,4.965050017589985043e-02,-1.996597417129921948e-01,-2.033705394571351955e-03,-4.961075955207256728e-03,5.076006718316285020e-03,5.817851461189668888e-04,7.601089521727213191e-04,1.395404921460890207e-05,4.028107981077288185e-05,6.731941469375887571e-05
-2.115489641973856624e-02,3.825599784757217209e-02,1.204916762838425248e-01,1.007086275285997007e-01,5.245196753753630370e-01,-3.928454862276801740e-01,-3.135712966183098332e-02,-1.726484277744516280e-02,-3.162838405126053298e-02,-1.610369015114629931e-01,7.178254500181333597e-01,7.867998105918904903e-03,-9.417343575111541618e-03,-1.800221863916759771e-02,4.085216100206562687e-03,1.242671384856018732e-04,-4.025359267075763388e-05,-2.486024121369333618e-04,7.826143871264519330e-04
-3.112446349380456039e-03,1.324982336349869901e-02,4.805789017741114721e-02,9.048597363574611974e-02,3.499470210526105518e-01,-5.932079325960335492e-01,-9.536855749072645216e-02,-1.171848707324717881e-02,-7.957447659199033338e-03,1.172001718559231437e-01,-5.739925189380457038e-01,-1.293463824225450165e-03,3.448931351661309597e-01,2.803977411150968685e-02,-2.064657400268238019e-01,-2.155784782389217648e-03,3.438059711828465241e-04,-1.121242064824057088e-03,-9.301331728123295520e-03
-9.714482300577945107e-04,5.158608646447728104e-03,1.778950441015100803e-02,4.017647664400800234e-02,1.388173695553746867e-01,-2.472949187006267813e-01,-4.988498569911384295e-02,-1.690366751622686056e-02,-1.132841026147468275e-02,2.160850819376207432e-02,-2.558649768448274520e-01,-3.252701421179761410e-02,-6.219885259921037468e-01,-1.275686196264208712e-02,6.772738742626960295e-01,5.223193857621565885e-03,-3.583182260313969893e-03,5.652089762138106863e-03,-4.379451185911199113e-02
-4.023683515163060335e-05,2.027026677378234581e-03,3.671544219098177211e-03,1.763071500718614223e-02,3.373731305878528708e-02,-6.402391270175081250e-02,-2.298362733840250346e-02,4.058004801775727012e-03,-8.051129713876845409e-03,-5.433392379945153894e-03,-7.166526832034514349e-02,-1.862705491698422519e-02,-6.025114659948729301e-01,-5.295099922098903122e-02,-5.809066522431819424e-01,-8.406760403905208859e-03,-5.635379351972899650e-04,1.979972704934585340e-02,5.334537755934734005e-01
6.073012690561324542e-05,7.895973855293254330e-04,9.808793547801519103e-04,6.821462685284579441e-03,1.105440053269051044e-02,-2.164015072287842067e-02,-1.077036023955402905e-02,3.399570378466575007e-04,-5.122462185387222436e-03,1.827900293812673334e-04,-2.381827064086976947e-02,-8.705761276333115473e-03,-3.531543202856488040e-01,-2.932995932533844288e-02,-4.000250316911828641e-01,2.171029428480194135e-03,6.590096222875548894e-03,-3.421966463122182861e-02,-8.436578206264708779e-01
4.355712543424638731e-05,-9.840667148178896065e-05,-2.706299957851724053e-04,1.012401175822296784e-04,-5.794442800401378114e-04,1.349529785540231957e-03,3.310225561250609220e-04,7.138219384067498842e-04,-5.888505423301162555e-05,-1.955976737107754070e-03,1.257920538208291347e-03,1.142121885599924622e-03,3.749631558134822011e-03,6.970572613703903417e-04,-6.915819000855412228e-03,-2.675658086347642434e-02,-2.091564990909437483e-01,9.766716888171593780e-01,-3.972524460952604058e-02
3.276170994742753380e-05,-1.956765017698962710e-05,-3.502680267014674544e-05,2.067462194422982379e-04,-2.486191642706979009e-04,3.248444893478824418e-04,6.161505835847546188e-04,5.463740801266948541e-04,-1.615724052197265847e-03,1.833987991129347244e-03,5.041668814413708581e-04,-2.263017555297759144e-03,-9.056472450748175474e-05,-5.227286126046633459e-03,-2.937760060421375132e-03,-3.747583789219619682e-02,-9.769227148255319459e-01,-2.101512682239168595e-01,2.410747209055440904e-03
-4.165555561208698909e-03,-5.131326156581384216e-04,-1.742129338765878877e-03,9.571882070171677803e-03,2.208935055430028601e-03,-2.254326080031948155e-03,-1.801725852531700298e-02,9.125612483370159830e-03,-1.136325563838026494e-03,-3.109264815877669022e-02,-2.344864192711337142e-02,9.982594300909176654e-01,-3.159398642084389891e-02,-1.828803258824550707e-02,7.818148075610381262e-03,5.361457050671626645e-03,-2.233114305562729218e-03,-1.299606604341060076e-03,9.591568736646775666e-04
