6.888263947323264910e-05,-1.845052115898868160e-04,-2.481803035606869757e-05,-3.798761083963857459e-04,-9.428127371364936754e-04,-1.498198122719929335e-03,-4.383467870646018546e-04,-1.384688488311992208e-03,-1.947800991503317349e-03,7.291308095499950646e-03,2.826154218374110454e-03,2.100979100693890420e-02,-1.205446197789548229e-02,-7.147211151839845053e-03,1.345530173440149385e-02,-9.992502401976456339e-01,-2.176589602267341855e-02,8.783954089714825914e-03,-7.669763985769429207e-03
3.161846991453335395e-04,-7.621807738845564782e-04,7.996805994254430798e-04,-1.700111736699275395e-03,-1.328907305510818515e-03,-2.580950409151216204e-03,2.469503130976992552e-04,-7.386503227118342355e-03,-7.256726291859766191e-03,2.069758770116192012e-02,1.237797210224647268e-03,-6.565879441893282542e-02,7.184652464313949771e-01,6.916370998501265577e-01,1.770124260470446256e-02,-1.441521104465610416e-02,-5.808844500975836843e-03,-1.255083286462774445e-03,-5.333147163509303207e-03
-2.259135963430437544e-01,-4.405341275696933456e-01,3.791598026340157329e-02,4.999679248536091358e-01,-3.691669209677400643e-02,9.334744092242897029e-02,-3.785560427210014622e-01,-4.693500137232818892e-01,-2.976721924471054104e-01,-1.973686423547335589e-01,-4.459330206205440461e-02,1.339566326810126551e-02,-3.739442489570833465e-03,4.392970736182034118e-03,-7.173002755191224163e-03,-1.872501008929928243e-04,-4.920029108511643056e-04,-1.355352245897210840e-04,-5.758758240878776883e-04
-2.190368635876147885e-01,-4.099373462471180285e-01,3.737620401242299634e-02,3.009873286587221863e-01,-4.801199971374427167e-02,3.981069409832701383e-02,-2.609815670629617862e-02,2.987278534572156974e-01,4.242158271769410627e-01,6.294126017874299706e-01,1.467910450166057812e-01,-8.187031123177446537e-03,-1.718952585995694310e-02,5.881527576536378643e-03,9.233416894004880041e-03,3.777198834343048050e-03,7.594362058066314461e-04,-3.122897794920402852e-03,7.279394604926414528e-04
-2.173772889826414423e-01,-3.765277950734967627e-01,2.101593429308388702e-02,5.024492264298289351e-02,-2.816502818297524427e-02,-5.085634727284969736e-02,2.567653099228034419e-01,4.349493897067048254e-01,2.567523740962264212e-01,-6.814194990076956060e-01,-1.367937359527003627e-01,-2.267133326535428640e-03,1.908247634569678122e-02,7.455198820806785941e-03,-7.943957419995399324e-03,-6.849101860111141832e-03,5.916226417894930589e-04,4.050002426310137828e-03,-4.558097286288856874e-04
-2.064859942422765104e-01,-3.388677365580609613e-01,1.407001808086219032e-02,-2.250380458114614179e-01,1.736743213749822670e-02,-1.082084442880869302e-01,4.159041249564948695e-01,1.743367787738360486e-01,-7.182384641302537176e-01,2.447407009396974364e-01,-1.595183271058496499e-02,-7.596409292099163581e-03,-1.875374541672321057e-04,-1.474200023616430502e-02,-2.405945289346666897e-03,2.926157768543016530e-03,-1.279072652892330932e-03,-3.894561510370277125e-04,1.298559671840990521e-03
-1.973865290793698768e-01,-2.937591102863335024e-01,9.884700157298637394e-03,-4.798389794835323796e-01,1.356867675029502576e-02,-6.649212885127452066e-02,2.892724676077360613e-01,-6.412382402355091271e-01,3.752283801293731513e-01,2.402658189312610951e-02,5.748668816229521306e-02,-7.712181835875818459e-03,2.501469490308709954e-03,-9.062050944586869106e-03,1.011479101975741243e-02,6.800653045534456017e-04,6.207466659972175893e-04,-1.793679097253668344e-04,-1.121708423588646270e-03
-1.525868176539382226e-01,-2.071992906462707673e-01,-4.039579268819657246e-03,-5.999028191063672244e-01,8.753602191823195433e-02,9.436662023430970880e-02,-7.050638625936838100e-01,2.414601909263053015e-01,-3.877621133808076964e-02,-1.858488972357289284e-02,2.893727962686836949e-03,4.627012589488831672e-03,-1.427376753403964815e-03,3.840962653317157166e-03,-2.143623187607104214e-03,1.880563914063051702e-05,-3.595876718837386662e-04,-1.477670592562121705e-04,7.460810907324024138e-05
8.236225980895990340e-01,-4.548730693133394287e-01,3.334819752301703688e-01,-5.360708782345795231e-02,-6.043069101612270552e-03,-2.397527080532301305e-02,-4.480969749498475881e-03,8.113819305739652325e-04,8.573918558685808588e-04,-3.969444387267236432e-03,3.304217029285855776e-04,1.710350683331372627e-03,-7.209661731353855536e-04,-4.422619695238957363e-04,-4.085595749900307295e-05,2.133514025810670316e-04,-1.636477122607758316e-05,-7.918421740556061831e-06,-1.850605155454214509e-05
2.355279686491530966e-01,-1.799301032116208399e-01,-8.503879687046557168e-01,-2.140802967195994111e-02,-3.962543975946173358e-01,-1.690127288349100865e-01,-4.774552918840706955e-02,-1.717211035316190031e-03,-7.616298735527790445e-04,1.077544651796154100e-02,-2.344747661438099928e-02,5.778112616300580193e-04,-8.716958082824499991e-04,-7.206227322763946320e-05,-3.257189186482607746e-04,7.596617528553530540e-04,-5.965205947320808381e-06,-1.640505776564363325e-04,1.219466790124326260e-04
1.202660964095212254e-01,-1.073461012921546887e-01,-3.826948224784434971e-01,3.625597306154648702e-02,6.647186065596291105e-01,5.790014211315774872e-01,1.409300917889814708e-01,5.439958559956785747e-03,-8.000855609326392587e-03,-3.862457215321239007e-02,1.662781326395480763e-01,5.972854263832312431e-03,2.316540586473530509e-03,2.655845870081298670e-03,2.190787479211143886e-03,-1.226074594950657924e-03,-7.851364441286718266e-05,1.004080928440915066e-05,-9.879000651600628900e-05
2.323053503696318606e-02,-3.298603468003172973e-02,-1.123651360131785043e-01,7.043406042972823189e-02,5.103155736086004701e-01,-4.459895247789267825e-01,-7.333196062365776591e-02,-3.182157691977256092e-02,8.046895604958759218e-02,1.474010416533245715e-01,-6.963650014894550155e-01,-3.178761195993213412e-02,1.528740645851305209e-02,-2.161817012659968465e-02,-1.497046143788281422e-02,-1.689169074871106624e-03,1.378623639265236203e-06,7.615386291317027606e-04,-9.835868857494330531e-04
3.142393494557382295e-03,-1.124154397238678708e-02,-5.078808945554196680e-02,7.068965962506654210e-02,3.323083634534281794e-01,-5.827138029293671417e-01,-8.095506857965119318e-02,1.409513652226673797e-02,-2.569844604256064577e-02,-1.186439949991263398e-01,5.953276900445692021e-01,-1.028966104715166655e-02,-2.482426298354108440e-01,2.529143257412577728e-01,2.016826037533466509e-01,5.102704007662298320e-03,4.594658471330964654e-04,7.175430076995219868e-06,-8.662108963787338960e-04
8.760525877061576053e-04,-4.614278448733261789e-03,-1.905186565445439809e-02,3.412732398957050300e-02,1.293899598210026813e-01,-2.367729587779664469e-01,-3.995549374963531380e-02,6.468379314433763544e-03,-1.547462273356276299e-04,-3.651310166561169690e-02,2.834086583903779877e-01,8.945865909833453089e-02,4.659939197686570056e-01,-4.595595430460480135e-01,-6.342278360571220741e-01,-8.649689252357270833e-03,-4.008450988927239785e-03,-6.051359489352665239e-02,-3.038300808916640557e-03
3.661827950333927016e-05,-2.027072323006212044e-03,-4.010603118628001257e-03,1.584863637982576040e-02,2.829251444758404052e-02,-5.340424118300181322e-02,-1.832618350924356335e-02,6.107587981843726373e-03,-3.643925829510747966e-03,-9.762001148945818538e-03,6.268373436082548544e-02,6.351131365959003516e-02,3.953315944173071417e-01,-4.187137138426900163e-01,6.080372663767305008e-01,1.244764972098870784e-02,1.245751555909080941e-03,5.346507477727608926e-01,1.749294376050729641e-02
-9.834678308641317491e-05,-9.085947817553394808e-04,-1.171682484436198683e-03,7.043519631698419090e-03,9.191397896531054712e-03,-1.759302799016259841e-02,-7.574839328158530609e-03,4.494855713688070305e-03,-2.336935551892569459e-03,-9.075101508683949478e-03,1.771621982974187423e-02,3.265219080738319957e-02,2.163957867584618278e-01,-2.341644913040512310e-01,4.315392819928040025e-01,-1.889145923575743504e-03,1.083373018770871464e-02,-8.422589311315950011e-01,-2.452367451553040534e-02
-2.167155781986459251e-05,5.038943973004378802e-05,1.096860645902599727e-04,1.782256611034493504e-05,-1.042144777789568051e-03,1.110887432650484521e-03,4.146719285689990102e-04,1.301458993390592353e-03,-6.314819626531804030e-04,1.058379498346498967e-03,-1.357500996096480238e-04,1.585827410778378266e-03,-3.921366709480341578e-03,-4.716011186618962459e-03,3.041762014500164896e-03,1.201652649214632676e-02,-1.869657532611855577e-01,2.803635851891613309e-02,-9.818646796526117049e-01
-2.329085414322489768e-05,2.191077270067949152e-05,5.353733060424184433e-05,2.034805240227062462e-04,-1.340616731978749843e-04,2.375499077825051300e-04,2.029043725151509763e-04,-1.218824671908985127e-04,2.006265322144245439e-03,-5.735621086591473350e-04,-6.793481854770530700e-04,2.448625799288286446e-03,-2.443791296922286950e-03,-3.790199405812936378e-03,7.268110621998328212e-03,2.002988192478721841e-02,-9.820337290958349730e-01,-1.389467644206986846e-02,1.868992950171541600e-01
3.226508698941183469e-03,1.318611384065442992e-03,-2.120243957199707905e-04,8.375205311498842495e-03,-2.061795775185840812e-03,1.309225709226179103e-03,-1.528045887093174189e-02,-2.535140487908746788e-03,-7.959889633135867892e-03,-1.763872217576631721e-02,4.552559640329522511e-02,-9.902478626175734711e-01,2.880630007637859785e-02,-1.238440540649382304e-01,-6.761959156824940732e-03,-2.027268163864446096e-02,-2.745682568787058842e-03,1.325526084958904543e-03,-8.541588972079426417e-04
