3.529494139330758429e-05,-8.738718803603884257e-05,-9.684895652627023040e-06,-9.155701759820578827e-05,-6.123899391097199687e-04,3.612137610012920784e-04,8.234456550623639589e-04,-3.450638941902898463e-04,-1.080284634058854831e-03,5.369293206771736261e-04,3.296799288597815022e-04,1.549163665288634008e-02,2.912365397986957285e-03,8.633357592897111105e-03,1.683411858322916323e-03,9.996181528274196149e-01,-1.014283590911699284e-02,1.818088599784139711e-02,-1.183807629105675585e-03
-3.625925286447258548e-05,-4.215401090859472854e-04,1.268392159557570032e-04,-2.605777123670956381e-03,-1.206029271462140699e-03,-2.886561197292368693e-05,1.078974673177249960e-03,-1.137608110661832150e-02,1.242522094800866620e-03,2.096144372668597503e-02,-1.689409173241290113e-02,6.989416382355173596e-02,-1.547902645099340224e-01,-9.848846175303900274e-01,1.354107181655316190e-02,7.787650993676637629e-03,-4.784190658747817376e-03,-6.383669463901483706e-05,-4.981274774756668487e-03
-2.399940409689028664e-01,-4.327991062941579092e-01,9.810542854574288985e-02,4.824374729422641894e-01,-4.514883479917861792e-02,-3.953802850379090628e-01,-8.221785961579763935e-02,-4.439751579352960720e-01,3.355734463799729950e-01,-1.931725853281711924e-01,-7.428402205740076633e-03,9.851167251689482707e-03,1.974688502908842833e-02,-1.966821021503527365e-03,-2.603722432833438082e-03,3.345495688745927891e-04,1.133713726592183941e-03,1.149919859321482847e-04,-2.985414681321705470e-04
-2.316316254086627224e-01,-4.050604275786209851e-01,8.026693932166031886e-02,2.938640343803145538e-01,-2.452788722122934903e-02,-4.974231856791801881e-02,-3.181029158806956969e-02,2.712203775624795199e-01,-4.999489603555537509e-01,5.999224484184706441e-01,-3.605724468568704405e-02,1.761513117155978983e-02,-1.417343480205410407e-02,1.249143095030681716e-02,-4.604554017224418466e-04,-1.066208344978996671e-03,2.022357115149388631e-04,1.784019980916343401e-04,1.007988639400405695e-03
-2.333153765376927424e-01,-3.667681767823722794e-01,1.775928134012203646e-02,5.228011404527165701e-02,-3.285993393657892642e-02,2.779853190612254221e-01,1.695707862076037409e-02,4.670331615229738609e-01,-1.693383687113363123e-01,-6.900678152472137228e-01,6.802131483549452018e-02,-3.360088522159667551e-02,-1.032413630328910675e-02,-2.211813195444480018e-02,1.258887628673215032e-04,8.972440976645704993e-04,-3.300523004896372889e-03,-8.905539742965134587e-04,-9.654376724950547938e-05
-2.232994182558953322e-01,-3.282455744273431453e-01,-2.977884244408655207e-02,-2.135125345329439983e-01,1.185551344444897397e-02,4.637087072669461296e-01,9.904063033313437181e-02,1.239034802420575648e-01,6.629409214764020453e-01,3.388738983331807675e-01,-3.264245774778962855e-02,1.013780486180606427e-02,-1.728465778761585376e-03,8.928944371288985091e-03,-1.422504507769426982e-03,9.512456627716488189e-05,3.132801397100391360e-03,7.846300535811378185e-04,-8.530975394222339121e-04
-2.145150988343780818e-01,-2.823088214297269083e-01,-6.105269618475232113e-02,-4.664764413108357100e-01,1.173943083096589714e-02,2.434203088195674991e-01,9.784925565621097054e-02,-6.473120420172668865e-01,-4.017034106799277637e-01,-5.114847762719303137e-02,1.935616130913101265e-02,-2.307092531585668016e-02,5.838437090381785530e-03,4.513648518159679539e-03,5.780062778634458866e-03,-5.797489849809214172e-04,-1.223096800883397050e-03,8.084727376807748301e-05,4.985501082267089013e-04
-1.694433724772509420e-01,-1.955319835128820349e-01,-7.526993396306495832e-02,-6.117782011265036068e-01,9.577772400617338977e-02,-6.719530475693533678e-01,-1.094232206770932303e-01,2.716755756549160128e-01,8.010517268259771673e-02,-2.174254022822299202e-03,-7.978580162350479288e-03,1.234737676800919635e-02,8.745787939065502968e-04,-7.458009625710548948e-04,-1.814328202871154589e-03,3.284130629168190542e-04,-1.326562736184542948e-04,-3.711096104045792047e-04,-4.108961884470296324e-04
7.994126513316509586e-01,-4.915182688664642696e-01,3.264885622099268914e-01,-1.114533743108248182e-01,-7.930736645864140677e-03,3.703472686207025851e-03,1.293036948123991656e-02,3.367096994098146281e-05,4.372217124054384244e-03,-8.051463328315621240e-03,2.121884995424887092e-04,2.084095200400246095e-03,4.388204869595553376e-04,4.514623852657038560e-04,1.259528359849906810e-04,-1.246156492662123391e-04,-1.934188889681674538e-05,3.586117057263706385e-05,1.496048016166550668e-05
2.340530499503723771e-01,-1.834158571877220201e-01,-8.369982104355900843e-01,7.931126323855157423e-02,-4.236395196051075951e-01,-6.134140434197917630e-02,1.423916754334687007e-01,1.647968588086550987e-02,-5.121657667283110657e-03,1.144380729424996843e-02,-2.795542702116786404e-02,-9.689836408505875243e-04,8.895895313555184872e-04,7.470913976977375552e-04,2.663224839510001398e-04,-3.635391891326320447e-04,9.493087355796740474e-05,-3.632777371566898680e-04,-4.622562742878087206e-05
1.234274059419398356e-01,-1.101097080259831745e-01,-3.969750378432467808e-01,1.044551649211300781e-01,7.323971381167845296e-01,1.135439242985542274e-01,-4.699258367968200401e-01,-3.584015137144661717e-02,-8.712696787779491622e-03,9.512903274227841460e-03,1.803662230662147203e-01,1.714199112310735816e-03,-1.211292494152938772e-04,-4.087285743016646003e-03,-3.126999730956410949e-03,7.079904865316684988e-04,4.332600321850509388e-04,5.991270419388549208e-04,1.915982481345771801e-05
2.487184791786890836e-02,-3.107451719778422938e-02,-9.051317124171974482e-02,7.951382594558227546e-02,4.527993725890597232e-01,-6.717089706224138590e-02,5.261133206626377179e-01,2.053671729027057788e-02,-2.682472205079601546e-02,-7.202185341923815487e-02,-6.997495645804517883e-01,-6.372759410358377896e-03,-3.510243633144970177e-02,1.521295105272912722e-02,8.563707358410856813e-03,1.914971497476239415e-04,-2.174790629494729576e-03,-2.245849095406389235e-03,-9.788834891036493450e-04
3.876800906768003690e-03,-8.783287811993624114e-03,-1.822446851755926689e-02,6.120681211481660000e-02,2.331260221727844972e-01,-1.106248759974715196e-01,5.941573267619310039e-01,2.914491301718820371e-02,6.297995166687178625e-03,4.074596549352358515e-02,5.927481859190086855e-01,-3.412165681744085827e-02,4.403171441816198239e-01,-7.901642142774158162e-02,1.445727623432228326e-01,-1.001723543326935245e-03,-1.067768667701713206e-02,4.190439535845166645e-03,4.678567791417492750e-04
1.424593451675855178e-03,-3.603996524747106380e-03,-6.713747301320217853e-03,2.753399766446566407e-02,1.009883774023919989e-01,-5.834334476311016371e-02,2.793159914613057015e-01,-5.731741819912664071e-03,1.016638300679565364e-02,1.091824017967133950e-02,3.097244741987957850e-01,2.687991154587033096e-02,-6.450374663618204663e-01,8.948512478084187649e-02,-6.126837690444763007e-01,2.600067475310659931e-03,1.057179796360047525e-01,-2.810128649375022349e-03,-1.139924881579164329e-03
3.255010405185558629e-04,-1.657354745421124121e-03,-1.754325463650446316e-03,1.276640454633142657e-02,3.365359366663342455e-02,-2.658941970793967866e-02,9.857664579400372828e-02,-6.030722169576367350e-03,1.303331753564875364e-02,4.224619072440737207e-03,1.371188426191916332e-01,3.108500833692021820e-02,-5.386527051176585035e-01,9.571387058837797779e-02,6.121682034654142290e-01,-6.179740796046786187e-03,-5.422991033116280057e-01,-9.660298221632217242e-03,2.147918380357709701e-03
5.471815492991477032e-05,-7.220526550686749137e-04,-4.965128526844465482e-04,5.280725281077044454e-03,1.280455919303964338e-02,-1.154466362995424517e-02,3.776076029155684549e-02,-1.790991144532759483e-03,3.245028615770611646e-03,-1.886410146105198292e-03,5.589461488581248111e-02,9.552580087865636393e-03,-2.645995611833840133e-01,4.390739328274478187e-02,4.781653864978679391e-01,7.766930026695811375e-03,8.332683025377305430e-01,4.896275669254371819e-03,-3.491324499716630999e-03
-1.319180987061824349e-05,3.639885370327897374e-05,2.889583043465595853e-04,8.564021114147740308e-05,-1.041257486839669105e-04,4.499821154216614074e-04,-5.909853318054339661e-04,-3.807837615387312620e-04,2.408658033364578939e-04,1.353046273727723974e-03,2.271191937932732011e-03,-2.173795573584278232e-03,7.737016001827090768e-03,-2.260812982202907667e-04,-1.139983327833155383e-03,1.768298261258741122e-02,7.795879242361353559e-03,-9.800078504135123492e-01,-1.978316583933658612e-01
-1.710861342247310153e-05,-4.539692732672275041e-06,1.276220419630520167e-04,2.449327702647103103e-04,-4.044143282570459696e-04,1.078215226343215183e-04,-3.160594410492799876e-04,-6.352770886457768994e-05,-1.504217096406985010e-03,-1.106680231914018238e-05,3.841812112767307432e-04,3.987137507426517444e-03,2.103927907018704078e-04,5.183172978955892692e-03,5.641209144776770544e-04,-4.925783353939209089e-03,-5.798162700346437028e-03,1.977280834295744305e-01,-9.802039746198087933e-01
3.413136779302235798e-03,9.773531835160962321e-04,3.759118337350381232e-03,7.534897369902693147e-03,-4.165555571179735926e-03,-2.147364702021049149e-02,-1.816167323725090266e-02,1.904630251215388807e-03,1.798911095353429926e-02,3.757162525987043505e-02,-7.395653598778613794e-03,-9.947548213592718458e-01,-6.237762816166394358e-02,-5.968231934523047372e-02,2.919484756665313274e-03,1.601496862544028732e-02,-6.056386465365191235e-03,2.789962151653098497e-03,-3.879016167822634149e-03
