-6.308323301711815266e-05,1.116739283950083988e-04,-2.808117759951138547e-05,2.244878376554116891e-04,5.443554378841373173e-04,-1.366746716270473769e-03,3.284391755696361719e-04,8.387005747113654148e-05,2.362741037618003130e-03,-3.474697769894485085e-03,-2.073292279133771669e-03,-7.302359979513435226e-03,-1.081122061817567717e-02,-8.179308083252087233e-03,-3.729188786883460768e-03,-9.998200502377935228e-01,6.706293618694140514e-03,-5.322257631171182536e-03,3.354100380057335046e-03
-2.793131236592213723e-04,2.451803888549769256e-04,-2.532302398543478223e-04,1.866034146640611902e-03,-7.898424066202618934e-04,-8.937666976978358600e-04,2.089717457908542460e-04,7.457658421258928604e-03,1.116023558796300046e-02,-1.148769415755163982e-02,-3.519573922955017767e-03,4.382479632797627728e-02,3.210645247200424879e-02,9.981056735526000478e-01,2.003407289578996650e-02,-8.787274041672564137e-03,4.367485564601807091e-03,-1.655235007065619483e-03,1.886701115276123893e-03
1.896719000618221074e-01,4.460200222832063077e-01,1.403972311772931462e-02,-4.686417895727010285e-01,1.099521384863051399e-01,4.607885124023188006e-02,4.107700490259121873e-01,4.205312517443420273e-01,3.513103063531102244e-01,2.431273002152614660e-01,5.267921993447038931e-02,-1.810550454868920921e-03,-9.832172880317966226e-03,-2.984704165137764490e-03,7.888305788896184459e-03,9.166257208919508567e-05,8.661482570071801475e-04,5.143866481659632077e-04,-3.830217301799681293e-04
1.859573402286125721e-01,4.213113255013393177e-01,2.398445792448956893e-02,-3.035786044288856789e-01,7.914135459245662252e-02,3.397243193702340763e-02,5.984419710765449124e-02,-2.121789408395191867e-01,-3.976517550704121162e-01,-6.801245178131335445e-01,-1.281606697636520908e-01,8.203746237314561707e-03,-4.420464301236275845e-02,-5.038297041152283795e-04,-2.974782622120894331e-03,2.090120099910035105e-03,-1.546919950966369568e-03,-1.516228027532665057e-03,1.322652823336424545e-03
1.895736818381301425e-01,3.932043979043574056e-01,1.542732302099395630e-02,-7.664187068140730641e-02,3.625763229394067533e-02,-2.172363413762987486e-02,-2.426016165896431043e-01,-4.321499300610007754e-01,-3.668912106862099454e-01,6.347887665942565372e-01,1.170587136353998525e-01,-5.160698159857761598e-03,6.672641924635219768e-02,1.323590646609032299e-02,1.190181221529729248e-03,-4.172892472717367081e-03,2.762705040112614467e-04,1.516221717463355108e-03,-6.167689114047395079e-04
1.843659213705813038e-01,3.580130639148685900e-01,2.279847950309546456e-02,1.847378247363813120e-01,-5.243770203240812749e-02,-5.686224748866131051e-02,-4.897199224785898086e-01,-2.209959389020590692e-01,6.868921868683312004e-01,-1.864529621509604385e-01,-3.868311584028731598e-02,-1.738583712595223249e-02,-9.543217573148334021e-03,-7.583007067916529287e-03,-1.616373825665072658e-04,2.588253384825137029e-03,2.512958525111285433e-04,-7.436713668393583714e-04,-1.806759986873827516e-04
1.800978283095951982e-01,3.140282253706873639e-01,3.223959247646045884e-02,4.663565744464889251e-01,-8.231510853257825722e-02,-4.987711302759119392e-02,-2.688372879416169314e-01,6.785885535470220775e-01,-3.266842832486817616e-01,-1.887125333846412581e-02,-3.687154029629284048e-03,3.482754558409904139e-02,5.259253347163347740e-03,-4.149783495567880773e-03,-7.240809690134990782e-03,-8.341799365210760724e-04,-1.394863489930709321e-04,3.094736540878267037e-04,-6.042729472857199082e-04
1.419617709861959176e-01,2.203995457647485445e-01,2.615730596050580559e-02,6.136444687009970922e-01,-1.431353143190502442e-01,2.901028191737715922e-02,6.696991016217009873e-01,-2.835681746284066107e-01,5.841246537193479915e-02,2.102000385735588572e-03,-9.930952595420358686e-03,-1.653297861350100026e-02,-5.321672575392403159e-04,8.172053780213882736e-04,-1.415783002574645643e-05,5.071446062455723606e-04,4.393095459171961919e-04,-7.427044254512680897e-07,4.970027288056107738e-04
-8.543908871412563277e-01,3.964813704305493736e-01,3.325552871490062845e-01,3.879655138164633810e-02,-8.060872160818596463e-03,-2.507745318073415983e-02,7.674615388157349661e-04,-1.606187125352785032e-03,-1.554769836668681610e-04,4.692763529535815339e-03,8.470086613101635367e-04,-7.685111850784561837e-04,2.876057377494931912e-04,-2.568311539007020862e-04,-3.096128308397265563e-05,1.139037225876247147e-04,2.280340561481518822e-05,9.899438490029874538e-07,-3.066948284605397278e-05
-2.442086162079711853e-01,1.589393067516583213e-01,-8.388252796752079243e-01,1.048271308304017796e-01,3.703796874952496876e-01,-2.489808120777317613e-01,2.480001971068880942e-02,-3.136439226456422171e-03,3.266329355958828059e-03,-1.647341869244832099e-02,1.994021064331953294e-02,-2.041705824487980488e-03,-1.249551249450622271e-03,-4.535498296236546907e-04,3.652983900350591662e-04,6.808127805485137763e-04,-1.406156735955211526e-04,4.708754537011883203e-04,-8.314376695869857671e-05
-1.281372365830583115e-01,9.933794540310049437e-02,-3.984668056935269376e-01,-6.667486156308814749e-02,-5.150400151441635321e-01,7.138988829488908117e-01,-6.611367156142980428e-02,1.331902140886225515e-02,-6.666055219995757446e-03,4.464638224458573196e-02,-1.696672939530713131e-01,8.378782603054994380e-03,-1.071789094610629822e-02,1.381808655803916592e-04,-3.656606083360549545e-03,-1.006687967415839527e-03,2.899065229836996264e-04,-9.681498851152154587e-04,-1.200912564977723348e-04
-2.857797605016892256e-02,3.294399576375504207e-02,-1.355625408064051185e-01,-1.326537881115384121e-01,-5.674289373704470840e-01,-3.252421802716140009e-01,2.675326224699314456e-02,1.209068969465918126e-03,-1.878636395042330293e-02,-1.408772770526883489e-01,7.120894543436480095e-01,-5.332384991770874882e-02,5.658834088492453729e-02,6.896912194156994570e-04,1.803683391029574715e-02,-1.204607500819825832e-03,7.459884631297791563e-05,1.473766659314487606e-03,1.630383461655312291e-03
-7.402959384756674192e-03,1.239088751048339834e-02,-6.814203623257361619e-02,-1.264015740440751767e-01,-4.418156347802741912e-01,-5.156075288436458015e-01,3.972913954523008689e-02,-1.057001099292923657e-02,-1.302342993779086536e-02,1.240996993066595527e-01,-5.529082391454032130e-01,3.241544268150571284e-01,-2.879186272763998855e-01,-4.151710089975798809e-03,-8.455706913115254575e-02,2.223364403606219002e-03,-4.036186994244787937e-04,-4.177876289917573636e-04,-2.269068326865881970e-03
-2.473616048938032976e-03,4.318445065065479663e-03,-2.577554186547862183e-02,-5.448206554389525835e-02,-1.683698059935858915e-01,-2.053687000673157237e-01,1.833010704647271630e-02,3.166468415913643863e-02,-1.490152857227439523e-02,1.687226625933666707e-02,-3.376977754097172935e-01,-5.955544957691166763e-01,5.169748592940512921e-01,-4.103263508818424899e-04,4.323252869109180385e-01,-2.185985421182947124e-03,2.820620692642342164e-03,7.964983867160931735e-03,-3.167084089200539881e-02
-7.442074085362977666e-04,1.611325535459174436e-03,-7.345319896347303999e-03,-2.219082823783614586e-02,-4.554118269565738536e-02,-5.729582224069296875e-02,9.992884346188423902e-03,1.431685329614627335e-02,-1.443657044119191527e-04,3.850386741052409020e-04,-9.163219703525281312e-02,-3.065737225463172622e-01,2.516409165974468620e-01,2.043712298972967870e-02,-8.143626962506999023e-01,4.176608746037196486e-03,6.069572589111869171e-03,-2.793069114962204794e-02,4.045280106458461478e-01
-2.072704594724101646e-04,5.599658431417045079e-04,-2.283817364517150891e-03,-7.988583360107319453e-03,-1.419845686579076192e-02,-1.748978762269291429e-02,4.322769186547371044e-03,4.588984375210583035e-03,-3.319884874848168298e-05,-2.221118494762543659e-03,-2.644882780206812140e-02,-1.204098039356343575e-01,8.932725830814944312e-02,1.165635388502588715e-02,-3.760760088577124738e-01,-2.087134647576382746e-03,-2.293357589433151281e-02,3.213731342208968333e-02,-9.127260675235420173e-01
2.265425641197506753e-05,-4.409376836309172529e-05,2.751337831259677703e-04,-1.494863467895857546e-05,5.816243114728820865e-04,1.687394664520173310e-03,-2.432671848189132664e-04,-2.828181811966433575e-04,2.985095414212588167e-04,-2.125757856157726132e-03,-7.934481690350931975e-04,-9.620074206547245613e-04,-2.145749636583988828e-03,1.205950404309287993e-03,-1.476436301687100890e-02,-3.960170299057839093e-03,1.614366910364330721e-01,9.860750793313639573e-01,3.667204223958295262e-02
2.421649905652350289e-05,2.808691134594357643e-06,1.092130406456130446e-05,-1.653491906973858798e-04,4.772836758509760996e-04,-1.601858630194024952e-04,-4.324037970120099246e-04,-3.417805383001240095e-04,-1.263688848601315744e-03,-8.721754225170425022e-04,6.513841892678367239e-04,-1.436794847580593086e-03,-3.642671133866290552e-03,-4.219061522317876962e-03,-2.608327571447446348e-03,7.465004938969043054e-03,9.865527727404518332e-01,-1.604276222963297582e-01,-2.962387242527398865e-02
-2.828619979630098060e-03,-1.576720191750967956e-03,-2.317440507081163989e-03,-1.108815131678577912e-02,2.216809366284461236e-03,3.460375855823611541e-03,2.234713068584164020e-02,-7.743219535297025426e-03,3.095016895586459246e-02,-4.759007811457614812e-02,-1.925197108087797065e-02,6.518985210113912299e-01,7.532800662424018467e-01,-5.354856126640944458e-02,-1.487759154346673940e-02,-1.213822530865822646e-02,3.641380949349266351e-03,1.568898400237659198e-03,-6.099143800701768356e-03
