-3.596203084765345071e-05,9.962224413932652849e-05,1.169249760493639287e-05,2.160967478862970130e-04,3.060571790460487533e-04,-7.320305738855370156e-04,8.446400816405898139e-04,3.210024433404775300e-04,-2.422031651650182436e-03,2.602605887430915668e-03,-6.577717965823962718e-06,4.440313616690388411e-03,2.500428138188735046e-03,5.579855757850464559e-03,-1.764221886895791461e-03,-9.996267772970895971e-01,-1.118219335190083659e-02,-2.266559941013953500e-02,-5.759824759263753625e-03
4.122561122694724236e-05,3.592819029979592619e-04,-6.404618372249707130e-04,1.809062087983485684e-03,-5.537972581672254146e-04,-1.070796848421977582e-03,-3.219411759136029251e-04,-1.042791162858956386e-02,-7.183563980390427275e-03,4.560937768805235770e-02,-3.457294537162837467e-02,-4.836164683509564660e-02,-2.365945623668822828e-01,-9.685415633385758838e-01,-8.666598479189897147e-03,-5.898962505886753277e-03,-6.752797938504752698e-03,-3.632973090083500833e-03,-1.215877304097499759e-03
2.368752243952141345e-01,4.308086475732060827e-01,-3.939640069927746735e-02,-4.767392603010823793e-01,1.340174682884970880e-01,7.764313447189179207e-02,3.624515236653386707e-01,-4.698294222215060878e-01,-2.919825239244953075e-01,-2.606736179776969475e-01,-5.665647684186636383e-03,5.414302355172282387e-03,3.128701125690362857e-03,-6.802753034678913312e-03,-6.198739057835150716e-03,1.022244045226769547e-04,-7.895980540546475562e-04,2.821554705243087225e-04,7.481184919616207284e-04
2.285515427497422369e-01,4.014307728756881244e-01,-3.592136342216659811e-02,-2.931838723808946612e-01,8.389571249127156238e-02,2.379921336422355024e-02,6.028939073727393461e-02,2.374710862094424058e-01,3.734386024966327433e-01,7.004973686826487800e-01,-4.045798843109690325e-03,1.571664884513648483e-02,2.887677664435607527e-02,1.940460627656252768e-02,1.019030522166365464e-02,1.261459420497111020e-03,9.505444996763233196e-04,-1.897240545725467598e-04,-2.250324187762106805e-03
2.256654420164129482e-01,3.721178154627366452e-01,-2.074724809648425053e-02,-6.334649384551178930e-02,2.300610916548262441e-02,-2.926111254780056070e-02,-2.339911999367114415e-01,4.908899278449052050e-01,3.246187847878055921e-01,-6.324703739264717628e-01,2.678802051596461051e-02,-2.430926523822993582e-02,-3.974129966526046553e-02,-2.738107309327742975e-02,2.235216035635791132e-03,-2.814315522690103398e-03,6.946882025122711130e-04,1.264716887480563795e-04,1.655134804763167293e-03
2.154107362453426266e-01,3.362637412361745848e-01,-1.151579285885050673e-02,2.053652652754343610e-01,-6.316312955952023411e-02,-8.935369049410392395e-02,-4.240299484514166162e-01,1.970219148013268862e-01,-7.284439982242917333e-01,1.900630424123266327e-01,-2.405375212154195474e-02,-1.756972721243774864e-03,1.227006412912945259e-02,1.095640563520732837e-02,2.977817273436873628e-03,2.209632602672217255e-03,-1.230649510716699075e-03,-1.383507167687664501e-03,-8.037363825798486509e-04
2.045285460097077956e-01,2.948697404453355930e-01,-1.587333372683753796e-02,4.754371407595918697e-01,-8.859011496158218646e-02,-2.213335705314412039e-02,-3.272322309963556219e-01,-6.278683422194026864e-01,3.669886255497722405e-01,1.937904839142572111e-02,2.292584136537667745e-03,-7.871581331365612791e-03,-3.779817258807338827e-04,6.650298899778881410e-03,-1.086625085305404151e-02,-1.217378306748101392e-03,5.911902153742326724e-04,9.585675141654707377e-04,1.085687434414947484e-03
1.554000190082094612e-01,2.031935521550549406e-01,-7.696383234591694378e-03,5.926062399406888392e-01,-1.469321474217969159e-01,2.649726233832325542e-02,7.161054380305265088e-01,2.143157880773841339e-01,-4.585286690532688891e-02,-1.252168071566125279e-02,1.594177039224125908e-03,2.594963964767189792e-03,-4.552489485544415279e-03,-6.348870333981257311e-04,1.205005219715951474e-03,8.232409021636351775e-04,-3.579743614171811746e-04,4.014300827229625238e-04,-5.548360355947906360e-04
-8.144540157713562323e-01,4.744639432885203179e-01,-3.298438891488293390e-01,4.640239811240735868e-02,-2.943763607860777620e-03,-2.389088169276048015e-02,-2.351163752511998542e-04,1.983499532906194979e-03,-4.664717345925126733e-04,-2.956957536879683147e-03,7.995280153607192946e-04,2.314891982972229999e-03,1.615189012613166156e-04,1.326468328980693245e-04,1.427775314850359221e-05,1.032154663401308793e-04,-1.532149163435340386e-05,5.760051057492494029e-05,4.662812289896203869e-05
-2.294122416176647417e-01,1.886719949716192390e-01,8.593209382500942572e-01,7.538186146184890080e-02,3.583792896850744869e-01,-1.942742262552036026e-01,2.578657807998316343e-02,-5.818090249497843112e-03,3.267499865297750217e-03,4.161805660778367978e-03,2.734743133795482922e-02,1.393324551156192772e-03,9.845699008529191967e-04,-1.419878910219022185e-03,-9.430373432546147587e-05,3.231266103756282103e-04,-1.518316876542972337e-05,2.065446522757865991e-04,2.270383232133605256e-04
-1.095694356699139643e-01,1.067813433675231100e-01,3.663139837754769701e-01,-1.125151377640181000e-01,-6.106358783687532155e-01,6.498508833444158750e-01,-6.291377784631771442e-02,1.479335098044126141e-02,-1.499919325172897454e-03,-2.221053600940880567e-03,-1.732490114813004800e-01,-1.785798465868487783e-02,-1.515721492998030350e-04,6.126542208461595654e-03,-2.706364178062406999e-03,-7.479871455446669010e-04,-2.743998946628366394e-04,-1.443101367995833857e-04,-7.151159106034710991e-04
-1.857851133083081308e-02,3.344950468039594588e-02,1.070941799012711387e-01,-1.519469317683308784e-01,-5.222850396329190570e-01,-3.846788513683703781e-01,3.771807062083507023e-02,-3.624849297860082559e-02,4.932182754480930222e-03,1.469961355874065990e-02,7.284811568097662171e-01,8.520736437986929646e-02,-3.375756526921603468e-02,-2.084386802021286067e-02,2.683252327982119101e-02,2.707407613007391917e-04,9.081422197882529392e-04,-9.566566107774981953e-04,1.230974254050854052e-03
-3.785365568321590914e-03,1.415695761426656596e-02,5.450896375940603861e-02,-1.274839564679344783e-01,-3.810501296831144136e-01,-5.645529623114435847e-01,5.875170672062774574e-02,-2.218624455318385022e-02,4.711978655033317170e-02,-2.820188876723579360e-02,-5.841113360930199061e-01,-4.244673909532476613e-02,3.612958373899985975e-01,-6.458209481978897937e-02,-1.788527009813215829e-01,7.910958170643339572e-04,6.827489859673263953e-04,-6.399140075185331044e-05,5.576380942249511410e-04
-1.276997695938123737e-03,5.818774830377847727e-03,2.003541835420968517e-02,-5.429345608258852318e-02,-1.428877579803125297e-01,-2.289385122845783160e-01,2.763680894263962837e-02,-2.671167221299757671e-02,1.095285573224828203e-02,1.552553283025540944e-02,-2.815557742847158984e-01,-6.548594924772266346e-02,-6.763315749619801531e-01,1.743824537485443305e-01,5.911260913397154981e-01,-2.183633704739989818e-03,-5.711062686719905156e-03,6.741108321786153275e-03,3.222825130641764069e-02
-3.270486696014341722e-04,2.188036354578945172e-03,4.802706087660314239e-03,-2.044245837747030517e-02,-3.458720367605788715e-02,-5.788157584472274769e-02,9.237009179250297783e-03,8.286715823948326721e-04,-1.407122409515087656e-03,2.401190608098773688e-02,-5.340229087819570869e-02,-2.003797846582791933e-02,-5.470314237998374907e-01,1.445236603470224090e-01,-7.080093502315063514e-01,2.598036222817253112e-03,-1.143688268460408414e-02,2.639642117837896415e-02,-4.109107906619775541e-01
-6.742990796716996334e-05,7.807452200156402618e-04,1.377191898722685513e-03,-7.382779217700859847e-03,-1.025677896689088445e-02,-1.678736953788435501e-02,3.871070815182157347e-03,2.408920972691063703e-03,-1.605336767852210376e-03,1.356164807991340829e-02,-1.540269709895760245e-02,-6.890888744142953382e-03,-2.244333956798087171e-01,5.823606461142112611e-02,-3.404633808882984725e-01,-3.792090674554193883e-03,4.296151532058859607e-02,-6.750776587384238470e-02,9.071766549827202653e-01
4.560060734308378781e-05,-6.471932988294120976e-05,-1.808373511894058067e-04,-1.591697797892495500e-04,5.565772656960864912e-04,1.561261515842652867e-03,-7.372879261030062300e-04,1.217563239986515534e-03,-1.059282295017278334e-03,1.060464525776903463e-03,3.648806111224381366e-03,-4.023403532503882184e-03,3.714608981117293197e-03,-2.932327358696571341e-03,-1.026190131321432289e-02,-2.033191233068795678e-02,-2.017195391119930292e-01,9.759241471544062296e-01,7.939528008322768726e-02
2.101752255713450833e-05,-2.429001067337900957e-05,-5.289807944250503818e-05,-6.356279409124229176e-05,1.682138615277083420e-04,7.412159813066427803e-05,-2.166157664390355817e-04,2.810424432040325125e-04,2.214527223912479692e-03,-1.739415001054635723e-04,1.213307466379333214e-03,3.533279557313028039e-03,1.422237309180399405e-03,6.934055279777086647e-03,-7.997858779850477648e-03,1.547875879584147824e-02,-9.783250813127494228e-01,-2.042409857048877730e-01,2.815910685627664306e-02
-3.812067678963092492e-03,-1.545890518904311514e-03,-8.382374855237834273e-04,-9.683648003732441001e-03,-4.914701723813410736e-03,-2.551419100586762960e-03,1.377685033196734445e-02,-5.840346835001777523e-03,-7.273404168258296859e-03,2.335656360921863420e-02,1.115355875446934764e-01,-9.912356276045760639e-01,5.189497716615778383e-02,3.419889058527136178e-02,-1.177418568657294037e-02,-3.833239304712020377e-03,-2.035287469479366614e-03,-5.208362588256669305e-03,-3.030169427658490852e-04
