-5.932969382278909198e-05,1.543203482078757546e-04,-4.120035818969701592e-06,-4.528928576473289559e-04,-5.060366505723092045e-04,-1.448448289899612529e-03,7.305459273434900631e-04,1.672322630619311069e-03,-2.474114831275624204e-03,-5.214813007601674932e-03,1.076874504276487772e-03,-1.127137469622300700e-02,-6.095556555891430348e-03,-1.400945270320087983e-02,1.666625553468082180e-02,-9.990122393745837215e-01,-3.510845963683034698e-02,6.567637589997692496e-03,4.493012926287813166e-03
-2.670473546199278979e-04,5.481564513901024350e-04,-3.304926533484142762e-05,-2.463633577900072209e-03,-5.838335118407934551e-04,-4.180598263924849636e-03,1.895159132676512781e-03,9.203375480634568354e-03,-8.563817701586227960e-03,-2.158616427233151641e-02,3.579278871685183383e-02,3.682324365509621195e-02,-1.155400754628467253e-01,9.912934444982419713e-01,-2.096218964992218464e-02,-1.351998684790589600e-02,-6.037194189257942718e-03,6.114210997993780846e-04,6.312053945175823653e-03
1.750852385714275483e-01,4.592476908260741952e-01,-3.649938979067086225e-02,4.970368472355364275e-01,-8.077840876390987579e-02,6.364072822906356730e-02,4.064046358687709581e-01,4.369744433398038419e-01,-2.736660425060516433e-01,2.610172596428061986e-01,-1.743856663366385659e-02,-5.454739598277394755e-03,-2.692289593953233438e-03,1.920846926699479556e-04,-2.690530702605718836e-03,1.620351978036660683e-04,-6.807843366568981387e-04,-3.885087608362155099e-04,2.521130394225860080e-04
1.710476377928379088e-01,4.308758150008208387e-01,-3.672483328182097467e-02,2.941584076459953789e-01,-6.552630276434043277e-02,3.405662186198439578e-02,2.608610053577485599e-02,-2.377473496431656841e-01,4.067016135952035705e-01,-6.781855354338355291e-01,8.076988704432519484e-02,-1.202290052257599419e-02,-4.746844789149622795e-02,-1.633049009068827939e-02,3.583112260562815957e-03,2.818409415586970671e-03,1.200666509536316108e-03,3.060560253026401085e-04,-7.842986416852146259e-04
1.734519171137116900e-01,3.983021714177541472e-01,-2.297599926001416687e-02,5.617421084411033938e-02,-2.814943660620190108e-02,-3.983897250548345398e-02,-2.709366621117752505e-01,-5.314789125546185433e-01,2.279112562894672900e-01,6.188929909414028208e-01,-9.432573157071465209e-02,2.097723222110804003e-02,6.272481953786779307e-02,3.029080521084121305e-02,-1.138212679815938690e-02,-6.117702073462162604e-03,2.039896020139353536e-04,1.352457597675384713e-03,2.858544706099912886e-04
1.689357201715452894e-01,3.608570859926453767e-01,-2.086877247474533750e-02,-2.175181728995176367e-01,4.033627409498124344e-02,-6.993794777031878129e-02,-4.431449312439056376e-01,-7.356447169383346918e-02,-7.222690231858522880e-01,-2.494208905911761975e-01,3.199883085135295235e-02,-7.192922359127569727e-03,7.380290727514965225e-03,-1.098211648335275722e-02,5.892414318725317304e-03,3.225962351787390204e-03,-1.099460642428912172e-03,-1.729348246064192369e-03,1.530805829159863482e-03
1.652961561145308289e-01,3.148057776798139362e-01,-2.311394746796007621e-02,-4.639328065261029144e-01,6.250297765108606129e-02,-3.897380827218013821e-02,-2.704321944664060395e-01,6.280437036285309027e-01,4.248451839653664130e-01,5.977311629170688201e-02,3.797446022799517810e-03,1.404963882791350135e-02,-2.121420498615242747e-02,-4.715331670082732914e-03,7.414929561857407612e-03,-1.004388824824616478e-04,7.401124153987706294e-04,6.166996994679910813e-04,-1.513023476201832800e-03
1.310963607055883606e-01,2.240274847561620764e-01,-1.727352523695485642e-02,-6.070427179502333459e-01,1.016946566249438272e-01,3.258360192709606334e-02,6.930439096810928623e-01,-2.600565617593988410e-01,-6.462177723909709459e-02,-1.665803159296990257e-02,-2.532640262435690431e-03,1.749858819375794573e-05,3.913159559486466960e-03,-7.378455805653532729e-04,-2.617966987040587935e-03,4.795375302386025232e-04,-5.898815856359343858e-04,-4.978946091559652808e-04,9.137138830557385561e-05
-8.715518342399315443e-01,3.588155369732963229e-01,-3.297800873207306083e-01,-4.707409685320521758e-02,4.136445363506341226e-03,-2.528281959966387216e-02,1.860625719809494698e-04,2.001243193954090841e-04,2.722818769548024809e-04,3.743305959105162634e-03,-2.607152015323960584e-03,-6.124264308492408408e-04,-1.191182419988372090e-04,-4.778328963489939722e-04,2.782388068028484693e-05,1.569383773175717122e-04,-8.600350851607336570e-06,1.489494464338577835e-05,-3.546568783558537089e-05
-2.454680298648692360e-01,1.605513436485357381e-01,8.451758903233738129e-01,-5.969859736497092062e-02,-3.743251028945951964e-01,-2.328294187209289379e-01,3.217260608505250613e-02,8.799458087546858237e-03,2.694032635334482465e-04,-1.116547391311488620e-02,-2.225060637718816528e-02,-3.712769024348242051e-03,-2.342336324247215867e-03,-1.176263532844224564e-03,2.639160252753394373e-04,7.405111267232986419e-04,-6.487733820077727490e-05,4.421639880033052556e-05,-2.598076766393684787e-04
-1.279796365232938604e-01,9.793191890846220105e-02,3.912188615927067459e-01,4.796439631576569773e-02,5.563836710697400711e-01,6.865239427350849910e-01,-7.366066173822319318e-02,-1.483776450787197172e-02,6.867826186859223025e-04,3.383515832020068254e-02,1.760162347393848525e-01,3.560905729104382397e-03,2.425407493668577889e-03,-1.910230454641228485e-03,1.387143909129284628e-03,-1.353529287732587990e-03,1.045375496659692538e-04,-4.788344201442767674e-04,7.698292347393270209e-04
-2.581501844078902541e-02,3.127038510303521007e-02,1.239161758771816640e-01,1.113876091238561739e-01,5.531166108820234628e-01,-3.390351539769577704e-01,3.457254208605689549e-02,2.199525871223698831e-02,1.537082573782589355e-02,-1.022031913873899661e-01,-7.318003300909918796e-01,-8.418970061304719560e-03,2.560310518952851194e-02,2.608576787098302111e-02,-1.998407947903297829e-02,-8.058923319968207700e-04,-3.244485337575098919e-04,2.588600927768428418e-03,-2.072366010171629129e-03
-6.088146326477969668e-03,1.260656246735821287e-02,5.896954361754813689e-02,9.832504670582513373e-02,4.293192554691947493e-01,-5.363765881102954269e-01,4.568279689382647585e-02,-2.570514945005979157e-02,1.531292391873783666e-02,9.206893764695278648e-02,5.663385421821244270e-01,7.588353029342839728e-02,-3.714428471411682642e-01,-6.200841333358784319e-02,1.865226429374932660e-01,5.882188838137222819e-03,1.985597322034275084e-03,-6.539795766221295770e-03,7.600514339090265253e-04
-2.296007874523955938e-03,4.849576169178524028e-03,2.267900239110008306e-02,4.048182219259260917e-02,1.731661139821520645e-01,-2.288457483369636947e-01,2.691539934755405455e-02,2.612890645971428435e-02,2.221410004132582869e-02,-1.652665301393401939e-02,2.952341098503157291e-01,-1.268528159513403475e-01,6.445387114497019843e-01,5.458790875537131160e-02,-6.228120851762608545e-01,-1.251705013865289304e-02,-3.968566776182892025e-03,5.928818021465220856e-02,-6.343945757321070578e-03
-7.406654023561169004e-04,1.848864003697174487e-03,6.255870818847875103e-03,1.638592959861126866e-02,4.825109527673424742e-02,-6.416368841844134752e-02,1.615209550076828621e-02,1.562894515087093900e-02,1.654474091385538942e-02,-2.200541944085252638e-02,7.915381166328958051e-02,-1.251805638725243253e-01,5.691561395319402195e-01,8.131820555888109869e-02,6.564615651367579074e-01,6.136893149749703125e-03,-2.840635390418384115e-02,-4.549653347163817863e-01,2.671038111714696059e-02
-1.981909719513901924e-04,7.192937342485613379e-04,1.943091619552498369e-03,5.731073378798839241e-03,1.520433160068438046e-02,-2.023698210606296455e-02,7.020972356190330159e-03,6.343266979479614785e-03,4.498811015822706122e-03,-1.030109279239498424e-02,2.760232008949246169e-02,-5.469708439103724423e-02,2.472027270416720102e-01,3.780417390141892903e-02,3.804859199329779784e-01,8.340685826869432759e-03,6.608860475835753867e-02,8.842744424374224810e-01,-4.081830487461615004e-02
2.699278511225557475e-05,-5.746071170438878426e-05,-1.726625489987843889e-04,9.292709894917459165e-05,-7.858370894508856681e-04,1.439731395577956543e-03,-3.979993680430861966e-04,-1.000501226739400253e-03,-1.690848244124983253e-03,3.837036498816483827e-04,1.285746023198105050e-03,9.298668083762387548e-05,-3.817606771827209539e-04,5.257459273786611355e-03,7.589639699274680282e-03,1.869365459526572178e-03,-1.839024631797663012e-01,-3.496352379146967781e-02,-9.822728704524402721e-01
1.571552756055905842e-05,-1.291702157249660871e-05,-5.874483947373847372e-05,1.719771946713504883e-04,-2.076164371043709672e-04,3.707369869844857673e-04,-4.791137350791145263e-04,-1.528058867891153637e-04,2.161359168890541159e-03,8.952428804980493409e-05,-6.624510932812133646e-04,-3.461696725590739619e-03,-3.142647893478284129e-03,-6.702165994645502625e-03,7.604487600751236136e-03,3.603056955071884393e-02,-9.796398724240883427e-01,7.892238956331346089e-02,1.806891883294138579e-01
-2.930507802721934226e-03,-1.901097385033904963e-03,1.936932825990482759e-03,1.091194132647657807e-02,-3.745665083445487084e-03,-1.911935203671989453e-03,1.203871501784479874e-02,9.040957097719255070e-03,-8.331667771632420352e-03,-3.580874741367028741e-02,7.615800456369137186e-04,9.782800840980486745e-01,2.019253407074745321e-01,-1.372677951536025766e-02,1.108765827116870752e-02,-1.150897673009193024e-02,-4.250212237314004125e-03,-2.705902054030303282e-04,7.979702066466771515e-04
