2.226715359880340021e-05,3.318456871907398369e-05,1.245353484693416453e-05,5.406722638760811181e-05,2.920555283549902876e-04,-6.347986321773898665e-04,3.647905798304796189e-04,6.380092139006437622e-04,1.682433894168467185e-04,-9.982932139914661804e-04,5.640441738675726650e-04,-8.537163143830855602e-03,-8.832428194410248123e-04,3.314733910292737718e-03,2.303436321485257104e-03,-6.456198376362509705e-02,-9.974802913779425850e-01,-1.539615812420742219e-02,-2.313966762810711064e-02
2.141770169555728433e-04,7.906619915795731280e-04,1.030854536095800124e-04,-2.206894671217285355e-03,-1.252697262972994662e-04,-2.413429105660501103e-03,-3.083509008988692180e-04,1.129033778029783601e-02,-1.876922812333732538e-02,-3.557923854340534764e-02,-1.415653745303448521e-02,1.677504557117310419e-02,1.115512397188375172e-02,-9.987543684081529038e-01,-9.735958661172763526e-03,1.956110762533090977e-03,-3.654571518101599505e-03,3.775892756747460579e-03,3.335568637741744631e-04
-2.245472891801660043e-01,4.395176115231689273e-01,-2.849277013295060251e-02,5.004908958975975430e-01,4.023417293585428156e-02,1.677424317970842571e-01,-3.707467214077340145e-01,4.690485010014350808e-01,-2.705723183048335256e-01,2.107320500035015920e-01,9.966947334179229734e-04,7.128549022490588902e-03,-1.426185549511872243e-02,1.751155465659496539e-03,-2.550863847983729678e-03,1.111305801996498657e-03,-2.878572235639638693e-04,4.013710144746384777e-04,4.801615623082105188e-04
-2.171071086136910633e-01,4.109974187376700949e-01,-3.163566403777574171e-02,2.961036660565839473e-01,5.082585200231750505e-02,4.966553283859641982e-02,-2.679027234092142429e-03,-3.079973232782085013e-01,3.885304536765776806e-01,-6.647161883318357667e-01,-1.038538274721613822e-02,-4.625423877249018600e-02,-1.048326974458473060e-02,1.156816457945727787e-02,6.849374168643818615e-03,-2.197207515776859656e-03,1.151964567571407087e-03,-4.499535422085859247e-04,-3.747317175423971907e-04
-2.161608350314308258e-01,3.785134833579720248e-01,-1.944963143381761572e-02,5.922842819629844935e-02,2.545286152993878059e-02,-9.582229046127152539e-02,2.499147574469545996e-01,-4.510630187423125825e-01,2.546666079385906944e-01,6.787070040263084580e-01,2.944259934594985542e-02,4.963544927765361353e-02,2.003381129293896681e-02,-3.308418206679782092e-02,-6.566111877454113184e-03,1.865527167143636784e-04,-1.287054550373140224e-03,-4.753478985701210758e-04,-9.890826637022913283e-04
-2.063846818906567848e-01,3.394335582651264449e-01,-2.060522576233910289e-02,-2.236108210879622915e-01,-2.627189395529509058e-02,-1.964044442216870689e-01,4.009771922385259590e-01,-1.159864916312483701e-01,-7.297171385126651755e-01,-2.107631912214876502e-01,-2.523100161353665841e-02,-1.481869036971625135e-02,5.603951921854552140e-03,2.119116902779175429e-02,-3.515703087131573455e-03,1.215196771071176077e-03,3.053902364207232239e-04,7.462071273743175071e-04,1.993988037271959748e-03
-1.977744960191999135e-01,2.937045950995036403e-01,-2.600275829944595149e-02,-4.810294471224165758e-01,-9.878483994380233071e-03,-1.443819155160715739e-01,2.300955722041942708e-01,6.285682514382082697e-01,4.147472223740815145e-01,-2.972240250142254431e-02,-4.278942046329599000e-03,2.420662842395395267e-02,4.597288489194504939e-03,2.350389778139432267e-03,6.287708388462656499e-03,-6.550872944063760661e-04,5.420578160533402225e-04,-7.651086350120694241e-04,-1.092316700699212271e-03
-1.541962828580717981e-01,2.045560909307855557e-01,-2.475957865120073653e-02,-6.005811484301545322e-01,-8.097151684380911318e-02,2.452421987916948154e-01,-6.561698214357093439e-01,-2.674325458921973375e-01,-6.176038184284804444e-02,1.394321842211446866e-02,8.001802687335704545e-03,-1.358718690121684530e-02,-5.322460851662458650e-03,-1.674194319101005978e-03,-6.232102610481383108e-04,7.466516850652602476e-04,-5.846687326973379079e-04,7.818352802491368696e-04,-8.098372275533625921e-05
8.280191429977493689e-01,4.534689043243713136e-01,-3.259946593929580194e-01,-4.472180241256138583e-02,-4.963905480441898731e-04,-1.988242519215509263e-02,-6.828743874104516165e-03,-8.599224305408827282e-04,3.058625849999442858e-05,4.530458631718711424e-03,3.325159483284401488e-03,-1.705360209796077811e-03,-3.307986156999761780e-04,4.003445717739853235e-04,3.276123599829577562e-05,2.287055999592506827e-05,4.792833369263295267e-05,1.947935855680196795e-07,3.323842994036103920e-05
2.238584658924686610e-01,1.779050641740677341e-01,8.372430425290519063e-01,-4.353413478569952838e-02,3.931820329794406543e-01,-2.155569935831454509e-01,-1.134543533942971166e-01,-8.808095548427891802e-03,-6.742301870228882034e-03,-8.201180070918507800e-03,3.525144876404051608e-02,-1.804037416217300731e-03,-5.082400878587113808e-04,6.574644635965878415e-04,3.547735792848663995e-04,-1.364760572717793456e-04,2.822630947620412495e-04,1.607637872379552363e-04,-2.511730426998711341e-04
1.184200026916351900e-01,1.128557273368885477e-01,4.143197837731874000e-01,4.110988263455878089e-03,-5.783454588350576131e-01,5.930283161094787037e-01,2.676458086416837467e-01,2.386556656131986684e-02,1.413507274449558003e-02,1.268224313133442353e-02,-2.068751035308250275e-01,-1.494534663670708287e-03,5.195037235304840288e-03,1.242030491479532289e-03,-1.796327647969262137e-03,2.331879879999316661e-04,-5.627112679992652767e-04,-2.733204298530454842e-04,4.706054571317357018e-04
2.131750529972125871e-02,3.348856665272766792e-02,1.210839460012867880e-01,7.279505717089271299e-02,-5.576954261999124141e-01,-3.301411555569561118e-01,-1.151470186180387073e-01,3.918246039152303156e-03,1.254153378689468884e-02,-3.377007049052161564e-02,7.372155682048827652e-01,1.689133843175584515e-02,-2.273491940133955374e-03,-8.347420800140651145e-03,-4.732063332645130953e-03,-1.051614461703230096e-03,3.757846296309823265e-04,1.043089146948845535e-03,-1.638042977308329026e-03
3.332948134815562000e-03,1.186539590615189911e-02,4.706468384350028650e-02,7.402265748036138127e-02,-4.007246145374131485e-01,-5.329007929532466603e-01,-2.147895243277947730e-01,-2.331972993976262273e-02,3.644169667378444055e-02,1.641343672225704237e-02,-5.899439731169501266e-01,-5.475470888833352048e-03,-3.012010090749646651e-01,2.218981440026425965e-03,2.459731006412483323e-01,2.148214841851306400e-03,5.673444512646721224e-04,-3.767911927068438166e-03,1.304586804561180422e-03
1.086597445111640164e-03,4.787997814679653165e-03,1.709643783649734267e-02,3.472120984355618611e-02,-1.591316799049123931e-01,-2.150947052496950951e-01,-9.996391022535887350e-02,7.947558891733859517e-05,1.922067913961302693e-02,-8.924206359992140764e-03,-2.418494506895443874e-01,-3.437378343806671288e-02,5.378511069665372624e-01,1.653150194545726162e-02,-7.503610917903771327e-01,-6.315314503385985323e-02,2.227766148818217246e-03,9.701109405798644114e-03,-9.411402825092717375e-03
1.891378323883047426e-04,1.921214411228487759e-03,4.021109886514087108e-03,1.513737201107172824e-02,-4.064485384491530601e-02,-5.148779045299436974e-02,-3.403445869364853105e-02,2.603974441672999608e-03,7.942402749687642956e-05,-3.441478963371440766e-03,-5.418488922049815443e-02,-4.919247896245992208e-02,6.984800012271148439e-01,4.153526120893307784e-03,5.074641355963143141e-01,4.917636607490932232e-01,-3.150343999256027816e-02,2.918393236127258834e-03,2.590743424061067723e-02
-3.368333849252561036e-05,7.798874862745859690e-04,9.755941446783083799e-04,5.589816485563444542e-03,-1.218277366788159816e-02,-1.408345583702650186e-02,-1.292775229040457781e-02,1.826043827344231386e-03,-4.152408474527267100e-03,6.635752703533547361e-04,-1.562952156346062577e-02,-2.602425117159109721e-02,3.572954163660561067e-01,-1.465239993257318315e-03,3.439845723943674716e-01,-8.644731740823946575e-01,5.783429135785642800e-02,-1.915273669668001583e-02,-3.870003425552112630e-02
-9.497639308650159828e-06,-2.251694680782530359e-05,-2.681071368646846921e-04,5.199126960469108150e-05,9.191913851619569909e-04,1.352312514287253888e-03,9.425837753489997237e-04,-1.068483130628781699e-04,-2.192022910121259674e-03,-5.050653561233374878e-04,-7.735972771197673460e-04,-9.622588492353315948e-04,-1.465789475893068987e-03,2.192102712276260352e-04,9.118906708698672203e-03,4.497730036061259318e-02,1.763864275448188620e-02,1.538293520494424804e-01,-9.868671982368648621e-01
-2.161615587827539335e-05,-2.121738752438452033e-05,-8.719549015732727779e-05,1.452788855336005632e-04,2.435522587324781389e-04,3.862251673670468534e-05,8.155910076599851184e-04,2.085365695660274768e-04,1.646231710511060530e-03,6.663271519225986116e-04,-5.754337694476144337e-04,-2.859242646887901005e-03,-1.543262965729059327e-03,3.569167586491620719e-03,1.211647204629314259e-02,-2.560508325518095693e-02,-1.706292949919890195e-02,9.877197781885561634e-01,1.526056579408644476e-01
3.634529619906538053e-03,-1.188485543193071011e-03,2.893048165350872052e-04,8.552818451800012559e-03,-1.165904883549993745e-03,2.654176326824377301e-03,-2.303425456837778287e-02,-1.603500126449058580e-02,-1.363314712335852823e-02,-6.770739774331599459e-02,-2.933480338289470163e-02,9.946808963639528489e-01,5.917786060402802778e-02,2.019070030674638416e-02,1.027657597764245270e-02,-1.142137377310662198e-03,-8.399713073012460285e-03,2.772465831076289383e-03,-6.577745387491622199e-04
