1.340731340654004457e-05,-5.805312110470508229e-05,3.812854905049542697e-06,1.085259643083085602e-04,-2.565903549208444043e-04,-4.867833421108434160e-04,-1.029489575301960607e-04,5.523143804951540994e-05,9.758152716478120945e-04,-5.787393302322538582e-04,1.464964251140037337e-04,-6.895089075205096570e-03,-3.067659148167761404e-03,-3.644822370471604601e-03,1.477714248761772230e-03,1.252665237194204063e-02,7.296140743939717732e-02,-9.964226989957385427e-01,-3.984293377293156302e-02
2.502601393894085232e-04,-6.943719587407693340e-04,-6.975173016000413111e-04,2.595106743102093116e-03,-4.645239456818200680e-04,-3.100513176278119759e-03,3.781754118876830273e-03,-1.727047351541390399e-02,-2.810145260273161014e-02,-3.094359028589426658e-02,1.298260125617843683e-03,4.151984487170184285e-02,-8.115863695246895715e-02,9.944679255691168951e-01,2.309612131602472099e-02,4.992687282335856076e-03,8.766615478371679246e-03,-2.937574718400344943e-03,-1.839354427829243462e-04
-2.290473859722248207e-01,-4.358136878537388625e-01,-4.950791185764257668e-02,-4.766320996360009499e-01,-3.692020322069902716e-02,2.339167559531315360e-02,-3.972624774218325161e-01,-4.117532299631512238e-01,-3.583977068048256331e-01,2.574660516901798313e-01,-5.680850239221000436e-02,-1.703757756647050411e-02,1.921754778450931664e-02,-4.204097600610639737e-03,-7.853599424274161980e-03,7.398072807317042539e-04,-3.310802620414065125e-04,-5.204062555167963651e-04,1.139345838614560982e-03
-2.212662794991657189e-01,-4.088728889676397915e-01,-4.331209174012268237e-02,-3.052212538307517709e-01,-5.800977200842182685e-02,5.044551785997593296e-02,-6.393108153036990149e-02,1.670013151110777416e-01,4.437120628133504607e-01,-6.653133828793635907e-01,1.038410814759476719e-01,-1.069539016731628836e-02,-1.706000524257132722e-02,-5.762199007520727931e-03,1.387233838324711255e-02,-1.036491088029934532e-03,1.551853976715409245e-03,1.063254644336296796e-03,8.840401153899205998e-04
-2.208255899465200733e-01,-3.762993915493051400e-01,-1.685719710566475557e-02,-6.583526966178573914e-02,-2.768186251587359537e-02,-7.734262485830186405e-03,2.619303155299031460e-01,4.747307077560558586e-01,3.189415142776687029e-01,6.355058828887488742e-01,-5.009590438360825987e-02,2.361174669853052105e-02,1.096811557646965897e-02,3.619147305036831547e-02,-1.062400874409778415e-02,-7.116595126950566678e-04,-1.963898175889978309e-03,-4.310345084136031624e-04,-2.732688631973305762e-03
-2.104256646306938983e-01,-3.380720430883142336e-01,-1.108852622433758196e-03,2.053478159362786271e-01,2.247701069789421330e-02,-3.848192792771187865e-02,4.495107648009121770e-01,2.315183178205290349e-01,-6.858946792925428859e-01,-2.648232093388019903e-01,-8.879867690072202127e-03,8.691189921648702008e-03,-1.081568379511264194e-02,-2.735489277968275457e-02,-1.579129228566479842e-03,7.636965124794876806e-04,1.480430316043965982e-03,-3.985256629744764753e-04,2.171558379695956616e-03
-2.021491290161115950e-01,-2.907132075993596465e-01,3.943268889126932443e-03,4.709158068542093623e-01,2.468802298977101212e-02,-5.315659325620344933e-02,3.055756141541337567e-01,-6.772256048936082795e-01,3.085838429252897308e-01,3.426950419023650635e-02,2.740377023957952032e-02,1.147607328972347941e-02,-4.630854729981663011e-03,-5.729315207794676013e-03,7.495829917676645471e-03,3.181442407144796213e-04,-9.157768744479074033e-04,3.014612231868785304e-04,-2.382075960786462099e-03
-1.608993564328840276e-01,-2.038740736673436693e-01,8.995157297810325164e-03,6.241687001580680239e-01,9.906273471328788660e-02,7.010498895530478322e-03,-6.843266876055027481e-01,2.527520858922872593e-01,-2.229127101438726014e-02,-4.046899148828662571e-03,-1.324164049272834841e-02,-8.701651763239224777e-03,5.778220199974563528e-03,5.461312636861323511e-03,-1.319591444814086556e-03,8.735541602596612462e-05,1.440510789939194721e-04,1.097791143935325091e-04,8.612878004572833241e-04
8.191124643304695807e-01,-4.665254270215285493e-01,-3.267049663936218429e-01,6.438663146045574270e-02,5.853457154401307989e-03,-2.137003038518276235e-02,2.123018384618107282e-03,1.703696265847010841e-03,3.779847971614890998e-04,3.881132973824058530e-03,-3.334985477622120619e-03,-1.269003033680912761e-03,-2.733878603490593460e-04,-8.060337436023095551e-04,6.025638467092434599e-05,-7.120873920433741990e-06,-1.107533359383125597e-05,6.039182465354479677e-05,4.417259544015401425e-05
2.295176436325700453e-01,-1.763793751857802850e-01,8.364044187714478884e-01,1.366397401690981270e-02,-4.116902595252472929e-01,-2.105397938950098746e-01,-3.762554017938599116e-02,3.494842807885408485e-03,-1.539290868536536327e-03,-1.026275718215135732e-02,-3.278527379303902006e-02,-5.018931069625560439e-03,-9.909025178118557788e-04,-4.652014271425889249e-04,4.955372732146310499e-05,1.410283844582430925e-04,-2.385322222704630611e-04,2.459173146427580934e-04,2.146553293506927522e-04
1.209215871208225712e-01,-1.055685471500512201e-01,4.137929891897477175e-01,-4.982523432932177421e-02,6.182802347328620884e-01,6.087666957172329640e-01,4.762959792379076185e-02,-1.882334166597058114e-02,-5.021156655051016611e-03,3.283198573472070891e-02,2.094743804294381118e-01,5.805726368844919653e-03,-3.621614691291680579e-03,2.087094352348101058e-03,-1.173811191440184967e-03,-1.323380001889684350e-04,2.919361937472153925e-04,-4.487433502744613283e-04,-5.446659379549126899e-04
2.270717643434868108e-02,-3.028695048583080265e-02,1.239404742041656793e-01,-8.719252147750874982e-02,5.294418026107763353e-01,-3.825474585288867191e-01,1.073522098081399270e-02,2.448963494312363684e-04,7.483464016390180273e-02,-9.730606624226359469e-02,-7.305365453563652522e-01,7.667928857932898405e-03,-4.125901376609043825e-03,-1.257936789799355120e-03,-1.925420009831415799e-03,4.943258616053763412e-04,-1.190979556369251664e-03,-1.068480568238517670e-04,1.304013919320106069e-03
2.911745588510007959e-03,-8.963230502748446155e-03,4.579913648730998127e-02,-7.515019623956904760e-02,3.584524893220621955e-01,-5.996735391704252072e-01,-1.985814710919457313e-02,1.924652516343784356e-02,-1.370222401694354795e-02,4.584025875566423436e-02,5.792891115356364473e-01,-1.451752244287885518e-01,3.133826752231170798e-01,2.588471906855423568e-02,2.130759830498999141e-01,-6.543240407738184225e-04,2.199899329082348129e-03,1.007590629700584259e-03,-8.807713754794570596e-03
9.141640957091927118e-04,-3.737255153480254204e-03,1.683180353990986963e-02,-3.685520376784557489e-02,1.466250734779686316e-01,-2.570207244939610169e-01,-2.550956909784416610e-02,1.031452694545204935e-04,-3.325149261790097312e-03,2.195423899262834502e-02,2.524017241085535490e-01,2.428255918873702957e-01,-5.619732634396765736e-01,-4.042998905922427083e-02,-6.798120484678334963e-01,2.534065790695144618e-03,-7.064677726469306696e-03,-4.604448642941468862e-03,8.543908943869608918e-02
6.831384732998595547e-05,-1.552360886470600075e-03,3.524091675631619690e-03,-1.608387369665151972e-02,3.600919712754990093e-02,-6.656248530806947727e-02,-1.979929468747529744e-02,2.327715857148617007e-03,-1.092619943554447304e-02,2.646401132230367242e-02,6.193247660317733466e-02,2.343217827311301904e-01,-5.614820171282566275e-01,-6.766793547386049101e-02,5.389718214582613909e-01,3.022233472832015332e-03,-1.193483393840484921e-02,2.305102300576196764e-02,-5.683530678994597185e-01
-9.629923576430627870e-05,-6.767990435022166497e-04,1.141828277951309001e-03,-7.140214084073288892e-03,1.317461610115505145e-02,-2.509156191409244591e-02,-9.493749733530480392e-03,8.744674337223475079e-04,-3.652678869412694096e-03,1.999599048014237546e-02,2.421742529037812508e-02,1.409330228359425008e-01,-3.265211394129603484e-01,-4.255567027972053523e-02,4.481676100064381774e-01,-7.530829977079607496e-03,2.277679085865490574e-02,-3.024587975262658934e-02,8.169576830556082303e-01
-2.933462172124062578e-05,4.529422865171810078e-05,-3.073776733402719483e-04,-6.727074158791031364e-05,-8.169532925622022572e-04,1.511077513900985344e-03,-4.483589974411613960e-05,5.003868469545454676e-04,-1.049096639498711160e-03,-2.902640373682285370e-03,5.696200630455545196e-04,5.926659824055722885e-04,4.200074835440922860e-03,7.419265276256678532e-03,9.937058236575719433e-03,1.949174770762614473e-01,-9.779436850898891587e-01,-7.011018588570189225e-02,2.308570504053824093e-02
-9.574550032419692748e-06,1.661083611839454053e-05,-1.062988352355923499e-04,-2.734746859860595733e-04,-1.784278813871183645e-04,3.997870699032184940e-04,1.462788395479718440e-04,8.675025844959470067e-04,1.729477615895678305e-03,6.894983595535806795e-04,8.404770519188924809e-05,-3.987077305437044909e-03,-9.724671510579256878e-04,-6.414073998791252999e-03,1.557063169238562207e-03,9.806816104713299564e-01,1.936156033880422345e-01,2.641419421799113751e-02,3.732886062856103932e-03
3.483970221360887382e-03,1.143191915956031290e-03,1.273111111953358857e-03,-8.471512751583365475e-03,-4.101565873467198468e-03,-5.389771561185807691e-03,-2.007178246296705340e-02,-6.027677482511021971e-03,-4.514964215967003612e-03,-2.371621773471289940e-02,1.092012563287028497e-02,9.176267973000465927e-01,3.956018881101793228e-01,-7.147829544040628161e-03,6.331289986555961417e-03,3.621210417998556481e-03,3.459507395377982211e-03,-7.037249705620574752e-03,-4.518730765629204449e-03
