-3.436738533999406271e-05,9.585699150587184312e-05,-1.301851380137713077e-05,-3.461529325671467848e-04,2.913716690710580100e-04,9.510289808748596634e-04,7.445569352905614209e-04,8.446874898564431678e-04,-4.022601587877573659e-03,5.189346148265263844e-03,-7.370170422716198740e-04,7.133149454436831134e-03,-5.183347775145661898e-07,5.430304973414777116e-03,4.334135515885458728e-03,-9.980718836299333763e-01,2.679978724055526521e-02,-4.584104073509653182e-02,2.979411558886884553e-02
-2.953974818189546657e-04,1.843976360324732608e-04,6.688177875076148273e-04,-1.740664024203277677e-03,6.384308784244163205e-05,8.369900886687272213e-04,3.106508099223105005e-03,1.086625100256713959e-02,-2.462820215214481007e-04,-4.498673450265619836e-03,-9.448233205471886359e-03,-6.141710539094891869e-02,3.544580778455186897e-03,-9.978860434536214186e-01,-1.257805655108559621e-02,-5.812916713394438578e-03,-3.343770691114430365e-04,-1.612769753953572542e-03,1.585023839791755091e-03
2.095203959788662640e-01,4.427163299460865065e-01,1.505115113707255342e-02,4.728812424117048718e-01,7.715294744621607748e-02,-8.567790050284800063e-02,4.005318412557397068e-01,4.418447581169923088e-01,-3.474359681268688327e-01,-2.135879559504629821e-01,2.546270003483627059e-02,1.165595768012045452e-02,1.231193681380596087e-02,5.376872109803474027e-03,-4.029946058318001866e-03,9.077649963359093153e-04,7.429639096878113205e-04,-7.175650266214138187e-04,1.377171243169924468e-04
2.039014670683078068e-01,4.165875557632885973e-01,2.757093658694751218e-02,2.982888971151688162e-01,5.795527158708906751e-02,-3.380538499340937642e-02,4.625138892412973546e-02,-2.031756875646210103e-01,4.819929838298562808e-01,6.428719000201240652e-01,-1.792229854451304547e-02,3.340515609772747724e-02,1.052109949974384777e-02,-7.428528800603519458e-03,-2.039005839091264337e-03,1.211178710041423048e-03,-2.921600404369132688e-03,1.217252495629815232e-03,-1.122857166304245006e-03
2.047713080470309477e-01,3.869450965431526224e-01,1.922158178615617635e-02,7.549080928572556026e-02,3.394450354463510872e-02,4.683343893863815832e-02,-2.347238696887671561e-01,-4.716572496995882768e-01,2.546480682591295008e-01,-6.721001516710907175e-01,-1.843859926533833460e-02,-6.220954758443551780e-02,-2.322700128518281198e-02,1.008343949578607021e-03,-1.636602759312256756e-03,-5.270030921713492189e-03,4.715482618932377579e-03,-1.419285277809761634e-04,2.221573917910453499e-03
1.963256162867672294e-01,3.483795741452490047e-01,1.891856281986870059e-02,-1.960219841434487631e-01,-2.236987478171809790e-02,1.027210926829972837e-01,-4.363187900095900074e-01,-2.151710954507591034e-01,-6.857097547984526420e-01,2.870003483572187153e-01,2.073510916086599570e-02,1.536342576318520947e-02,-1.624873967821457640e-02,-5.654795618476127737e-03,4.015675281452212898e-03,3.862029312522122660e-03,-3.871859575694084048e-03,-4.384496798097322593e-04,-2.324503172636034707e-03
1.875020741040158978e-01,3.012800060619854614e-01,2.576817663935435446e-02,-4.693029277936701660e-01,-5.752676057210218824e-02,5.178061403979856980e-02,-3.209725463447138383e-01,6.580914500743113571e-01,3.288129050879463056e-01,-4.560204707038368471e-02,-7.423646715432043360e-03,-9.548117580722458031e-03,2.513938030370758969e-02,7.858488216018200134e-03,4.973317380421344268e-03,-9.741841177346637157e-04,1.069833251479805365e-03,2.721141774801321030e-04,1.185214183150148448e-03
1.470663406548907148e-01,2.126033958561832915e-01,2.342237300763546151e-02,-6.241929707052286114e-01,-1.243746306708476690e-01,-7.126162126062743352e-02,6.798283733998879974e-01,-2.429921776359332541e-01,-3.039678831474773926e-02,8.243598301421482810e-03,-1.303386442525594768e-02,5.178348474524096384e-03,-7.510997624286054435e-03,2.590164441813875684e-04,-9.081645355073941122e-04,6.633253608863640691e-04,4.921633012121243590e-04,-3.329765944113247588e-04,-1.165622834680852811e-04
-8.423898217625445106e-01,4.306773054746785845e-01,3.203387897738387835e-01,-3.976633276893798419e-02,-5.928988712296631887e-03,2.520050813838219800e-02,1.779058546798751054e-03,6.877211907932891241e-04,-1.335299387008463765e-03,-4.332937875363221392e-03,-1.294273879339713973e-04,1.828427249057198133e-03,2.002509259376642858e-04,5.567214513820752022e-04,-9.827810704412647544e-05,1.040437784989263140e-04,1.564503105431932329e-05,-2.473697078095992376e-05,-1.022856664069146846e-05
-2.283648882410035663e-01,1.614566571142421192e-01,-8.395018516077112913e-01,-7.967958525820226234e-02,3.852830166299595627e-01,2.420180218860474852e-01,5.258721297113407717e-02,3.321726052736512311e-03,1.004953837453558853e-02,9.350952317017940593e-03,2.603920398903356720e-02,-2.779618594886670065e-03,1.284722968160099043e-03,-5.433796392577847577e-06,-8.575764376288063252e-04,4.175341516752265818e-04,-7.759556790605207793e-05,3.499842182368630448e-05,2.972606867760256262e-04
-1.209152845274516636e-01,1.017005538239336149e-01,-4.028955729380962469e-01,4.107319596702162234e-02,-5.076956950959508053e-01,-7.081999593930869974e-01,-1.301531536349972984e-01,-1.309239130584623732e-02,-1.723441463463525752e-02,-8.718526324863879601e-03,-1.841074928400318333e-01,1.751860188943901026e-02,1.710388269157612617e-03,-8.140880971664473352e-04,5.613175147414855258e-03,-6.423628140021988165e-04,-4.404074248738862633e-04,2.970104514111472898e-05,-2.726358433738148711e-04
-2.820738647785896863e-02,3.542205857911078642e-02,-1.437505197940024404e-01,1.006509706900437090e-01,-5.749795495265281886e-01,3.113540038685551070e-01,3.551946264952100113e-02,4.313161372746742686e-04,4.323731246790311900e-02,3.093894429862892488e-03,7.269005224853959390e-01,-5.826321848039998225e-02,-6.500540294949844200e-02,-3.195021549060648221e-03,-2.119865242302951605e-02,-9.798074175526572376e-04,2.216658707067353275e-03,-7.732981584426312565e-04,6.326888933579849841e-04
-7.609194472619626275e-03,1.439882636671884278e-02,-7.672226427971555462e-02,1.057442002836995465e-01,-4.496214943678417675e-01,5.141391823622881718e-01,6.380122563115644962e-02,6.600563008379995746e-03,-6.438500965464108612e-03,-1.139960780809047385e-02,-5.593226105653752445e-01,1.237645692519415974e-01,4.183274184141381746e-01,-1.532358079917301883e-03,9.336139976236361437e-02,1.947725750963878082e-03,-2.379412767152031102e-04,1.025302725077307077e-03,-1.262988995990730473e-03
-2.693159509962777393e-03,5.518003774459902082e-03,-2.759505418054992998e-02,4.517791384793300169e-02,-1.703765075941127138e-01,2.118870828928753614e-01,3.327736801792451765e-02,4.286184544525913770e-02,2.804360092519049379e-03,2.295539049309480023e-02,-3.331521225245759887e-01,-1.557177943717843183e-01,-7.664538561326833532e-01,1.615274100845614028e-02,-4.399525147841596984e-01,-3.605006250676939285e-03,-5.641156189582306052e-02,-1.835684298778905883e-03,6.964462102560957379e-03
-7.473023080702490342e-04,2.121312424487040334e-03,-7.145137651036413337e-03,1.808866713485451916e-02,-4.507871434340280509e-02,5.990184635883967490e-02,1.583511441767634573e-02,1.735819974719297887e-02,2.793987316622470810e-03,1.315285323180030372e-02,-8.724002294833020643e-02,-8.382747605743953723e-02,-3.951603483680042328e-01,-5.243578546030582335e-03,7.760058507579955522e-01,1.593440116600355894e-02,4.689863705621319379e-01,-7.165609778334371648e-03,2.809712710992024604e-03
-1.879311660027153041e-04,8.248298224231455497e-04,-2.120914176015481923e-03,6.694835684090291034e-03,-1.419870243931799399e-02,1.922625622422695704e-02,7.306088944770848873e-03,6.681614326290312260e-03,4.180715721518957206e-03,-1.576120383371671296e-03,-2.321554670442487617e-02,-3.525109790034808288e-02,-1.617973671866920482e-01,-3.269804785245879024e-03,4.412688558192777721e-01,-2.331054753912263286e-02,-8.805596250507319311e-01,1.626286628137369600e-02,-1.946092792691316714e-02
4.945310558347929241e-05,-3.266501094947572126e-05,3.154010297755679005e-04,3.593322983508188441e-05,6.068770980933856519e-04,-1.109308489287953508e-03,-2.321852031540019899e-04,-8.341003608892445407e-04,-1.627708983144778108e-03,2.656359966375426360e-03,9.125567375083581175e-04,3.278516647031159970e-04,4.273569486749478896e-03,1.443821161001187072e-03,9.752672322177838651e-03,3.561303243155112402e-02,-2.144465512731675780e-02,-1.438075358762171962e-01,9.886671178754367073e-01
2.204030044833412533e-05,-3.165483804853384050e-05,1.681416652603630956e-05,9.060390710178287468e-05,3.397894522806229559e-04,-7.511037265915668421e-05,-4.104644565229019254e-04,-1.992478102889787620e-04,1.718804333451765974e-03,-1.077479389576639504e-04,-2.245388110750203621e-04,3.561759147826294887e-03,7.479506449923662044e-04,9.045582330635639672e-04,9.608307609069903846e-04,4.064905529081915686e-02,-1.591159908005239376e-02,-9.883727505641305422e-01,-1.455865333979038945e-01
-3.418781248236447533e-03,-6.779254412751490287e-04,-2.711210714872382566e-04,8.694744302914473796e-03,-1.061005093784975943e-03,-1.094559069112078543e-02,1.769425518719138293e-02,8.651528642879213749e-03,-2.280127493565124383e-02,6.149935204115345583e-02,-5.481723945986668317e-02,-9.690926138531840150e-01,2.218212504647829320e-01,6.082364884429712626e-02,1.650370094877118060e-03,-6.007372450859749247e-03,4.491611493301092502e-05,-3.384397475466796069e-03,-1.169928411081352102e-03
