-2.177975151499947126e-05,3.387705510451505470e-05,1.461525582203643312e-05,1.409963985111713312e-04,-1.426644887208606031e-04,7.389902253558256048e-04,-4.538415977852145789e-04,9.033602772564747207e-05,-2.493944360597181564e-03,3.583574630156851574e-03,4.673065090909925214e-04,9.330329542664653609e-05,2.611192916857153594e-03,4.245732811447773015e-03,8.912799313418871047e-04,1.171624690225989487e-02,9.996427258302085228e-01,1.194983631850832055e-02,-1.971348663124480524e-02
-1.751653503435142032e-04,4.057607461059188733e-04,-4.326351158929671054e-04,1.111735001213158026e-03,7.101181821227965868e-04,5.134268430771634067e-04,4.229739951186138581e-04,-7.793399730886639738e-03,-6.596298235403476665e-03,1.726775918351471789e-02,-2.836495389037187956e-03,2.415865047526639595e-02,5.887011668207225296e-02,-9.977137546993563033e-01,4.696927404956214441e-03,5.967177644146171890e-03,3.803958238238200080e-03,4.204943225456604823e-03,-3.883039184413051258e-03
2.310522812872433385e-01,4.378475971572556857e-01,-3.129054907884457060e-02,-4.777688080290810047e-01,-7.499049851412871448e-02,4.033232626644500107e-01,5.708284513948769928e-02,-4.549124555008109416e-01,-3.669690849568693070e-01,-1.063272206493470345e-01,3.233019987270607104e-02,-9.449190089677353757e-03,2.541722288407256575e-03,3.796062090977030817e-03,6.087122246378152621e-03,3.515399330010327656e-04,-7.737538608607067922e-04,4.021213177097335430e-04,-2.155915111437948280e-04
2.223729569544510010e-01,4.096560969881723469e-01,-3.845291041365381246e-02,-2.956281675799172781e-01,-5.451412143627931001e-02,5.796440734156344671e-02,9.749877983420685706e-03,2.698220030050142437e-01,6.161791200759059173e-01,4.837266624774343438e-01,-2.119121517262724172e-02,2.152199324064910796e-02,-4.382302958431153698e-04,2.524831174703375414e-03,-6.159462423854394388e-03,6.798302083277075981e-04,-2.126832310663406996e-04,-2.269134679283580085e-04,1.163854711188394824e-03
2.224108850158700024e-01,3.763441677186875611e-01,-1.252378937990788164e-02,-6.025585615875460321e-02,-4.144763763821106978e-02,-2.650734328440931264e-01,-3.676967728818757858e-02,4.433197294934543287e-01,4.038542870907426557e-02,-7.296078110569221842e-01,-1.856716313141573704e-02,-1.676720670896879317e-02,-1.754700532793122825e-02,-1.785608747589717896e-02,3.754544909279804079e-03,-2.220221615306007187e-03,2.977252477968407151e-03,-1.117441047300681868e-03,-2.081688759512090314e-03
2.130685456646830012e-01,3.356555437507113271e-01,-8.063251737865182595e-03,2.067875162477675055e-01,1.319192398903266950e-02,-4.615749489430185926e-01,-3.912674753931101590e-02,1.662295904930572166e-01,-5.888491837584781674e-01,4.579579759872801636e-01,9.451794101451451531e-04,1.069534217006398551e-02,-2.008159886272688731e-03,1.073697931403728816e-02,-1.500771117896053299e-03,1.974564999884282843e-03,-2.872986325648677845e-03,9.225438634910973707e-04,1.921960834745809702e-03
2.041019353600669883e-01,2.874077394600026425e-01,-7.569174106161536721e-03,4.772172515736652354e-01,6.649689174748414644e-02,-2.818896791708113136e-01,4.452142363933921272e-03,-6.478598596813038846e-01,3.628047183761748395e-01,-1.047836331106817148e-01,7.199884020646429156e-03,-1.544060291769372428e-02,3.742787204480274577e-02,3.173762327607990760e-03,-3.069310476934505785e-03,-1.080147951990872551e-04,1.370271949343550982e-03,-3.001799674985808982e-04,-5.513972930343501687e-04
1.589326383256388642e-01,1.991714425375242237e-01,-3.669947688389149729e-03,6.108008225082187659e-01,1.385219456025931495e-01,6.834423449202104983e-01,-1.831191171468441251e-02,2.655040584132153381e-01,-6.806545572423144952e-02,3.440771740022941817e-03,-5.659341344300685209e-03,6.152913069072931708e-03,-1.231131069003016387e-02,-9.470585266416150540e-04,1.263460752089748222e-03,-9.519799311969124808e-04,-7.536827316561127421e-04,5.129683602989007800e-04,-3.309847409140535129e-04
-8.164703412930383042e-01,4.696320987234348654e-01,-3.294950528696847236e-01,6.079222911073523666e-02,-8.019751652017790763e-03,-1.653689740427849962e-03,-2.089873745330586216e-02,-2.010661388104095261e-03,-4.084961768502740412e-03,-5.388659545253021189e-03,1.275949810903240353e-03,1.350694845950853144e-03,-1.404925117702938119e-03,4.248075668325254433e-04,-1.992581159331762962e-05,-5.667603718917759071e-05,-3.655341342752880461e-05,2.687897958892107350e-05,-2.502392545367397155e-05
-2.333138484677901303e-01,1.775254948229207375e-01,8.620178514730324482e-01,5.466537390548609904e-02,-3.578851305708385944e-01,3.145610739685825857e-02,-1.946558420837545267e-01,-1.222256877667557244e-02,1.066509489290516817e-02,1.208061818893882769e-02,1.922711222163132894e-02,1.517056475839976930e-02,3.811806919357298238e-03,2.536519309197134684e-04,7.394751374177119382e-04,-5.315709042166552942e-05,-2.336856048516756045e-04,1.475341371504944973e-05,-1.177542499560528695e-04
-1.170939957754136840e-01,1.037400606947989634e-01,3.662623587973601325e-01,-8.591554963588275695e-02,6.387026471479260170e-01,-5.010544523514769838e-02,6.254759694958752503e-01,3.181640756793243513e-02,-3.769087799702268340e-03,-5.113382296696966124e-03,-1.255332282074207717e-01,-1.213213408090924039e-01,-2.782864689169226372e-02,-4.029267894971086394e-03,-1.376338123220944253e-03,1.545789556285191192e-03,5.698860094767060121e-04,7.350513234050573661e-05,4.529261890331662700e-04
-2.360091209015256417e-02,3.039430266474423686e-02,9.898706768788383126e-02,-1.108842556188196493e-01,5.275782810970737202e-01,-1.581135100183454073e-02,-4.188957007098678131e-01,-9.921305084196883894e-03,1.297655693953043629e-02,-1.965665479328942977e-02,4.661085605221786943e-01,5.418499331676206454e-01,1.023692101996059589e-01,1.748799795756042844e-02,3.524410234942884873e-04,-7.690635576289411510e-03,-5.502563354871711906e-04,-4.802946110887825826e-04,-2.477807236808995863e-03
-6.150372360783767749e-03,1.095575471128330987e-02,3.762527447782137296e-02,-9.215508026490788762e-02,3.579030381640726510e-01,7.544806486394945409e-03,-5.615217422659620761e-01,-2.513207895372066708e-02,8.011677888153974011e-03,2.259858543473512379e-02,-7.545017865053926798e-02,-7.209188321878430283e-01,-1.165832814471911283e-01,-2.398851526164404516e-02,-7.485250614175462114e-02,8.518354245741431227e-03,2.713151103900785345e-04,7.282486611082233116e-04,3.062273748525108988e-03
-2.161855920791008398e-03,4.236910476382148120e-03,1.456654600948840451e-02,-4.222285982214241118e-02,1.431341680926791760e-01,7.538043408601318926e-03,-2.498459421927434754e-01,-4.213403418395769012e-02,-1.310783862932612953e-02,-6.546766819413065916e-03,-7.501354080438121796e-01,2.941494254567237343e-01,3.811385783244477382e-02,1.470494071717082935e-02,5.013576739275076299e-01,1.035918757309313432e-01,-1.476997291931701328e-03,-2.132531321633744821e-04,6.026949888448291694e-03
-6.771857649025143358e-04,1.887633564778598344e-03,5.411625158941788319e-03,-1.875327104454172986e-02,5.041202529872904764e-02,6.677607822535726496e-03,-9.581834359593512096e-02,-2.153564247857758795e-02,-1.430315941145770403e-02,-9.134965382739182460e-03,-3.997840960391603193e-01,1.991605338462027475e-01,4.392765265338157560e-02,2.227569310171631858e-03,-6.629539237903619986e-01,-5.869078622496686215e-01,6.564172652370216070e-03,1.190692379339677864e-02,-3.893107205551060018e-02
-2.206735638567426617e-04,8.014360604173034188e-04,1.997706749305349673e-03,-7.652027625988082164e-03,1.855757197721012719e-02,4.807135609587964882e-03,-3.725066003694878225e-02,-9.046310836648507533e-03,-7.532842053952384757e-03,-1.015111027069081663e-02,-1.907286692136307416e-01,1.205246289372013252e-01,3.238723646967957975e-02,7.256087386666762451e-03,-5.504292071715928270e-01,8.007276575387731743e-01,-7.978490525164864261e-03,-1.658089150889337227e-02,3.819902082132978216e-02
4.436821532366447664e-05,-2.641519498700890028e-05,-1.302372991420266133e-04,-7.580395611099436488e-05,-3.563662614178388153e-04,-5.585811387385440337e-04,5.290337640316521151e-04,2.737873906858828959e-04,-7.846981694367503163e-05,2.638144513553416625e-03,2.640360931890872211e-03,-4.364732100806686423e-03,-3.809159634216038957e-03,4.636157307386631031e-03,7.112280391666070574e-03,5.690338308177445015e-02,-2.235138959055166588e-02,1.980397117843140375e-01,-9.782240526449152984e-01
2.034465451847793641e-05,-7.122703021120269634e-06,-1.464452487096495088e-05,-1.735869434357177740e-04,-3.341141995536276842e-04,-3.973685073258074432e-04,5.100323823585685250e-04,2.650651762304851583e-04,1.185832938765576721e-03,-1.874213653998786774e-03,1.216471062745913502e-03,1.601234347529249943e-03,-1.417230706845016121e-03,3.275615545730628173e-03,-2.601927582100913884e-03,9.025698686925098801e-03,-7.892104234441152735e-03,9.798955967871508799e-01,1.990772946769830409e-01
-3.591983403759325434e-03,-1.240867763584624882e-03,-7.202823727692280961e-05,-9.354164375159984557e-03,-2.836381861615595509e-03,1.282124233467115716e-02,9.360847891551848238e-03,3.992147334508937273e-02,-1.268742247242718099e-02,-3.078174896769900453e-03,-8.472058041851120852e-03,-1.708195328755504894e-01,9.825205770973244324e-01,5.366125049615311920e-02,1.929337133634149992e-02,-2.516219363194504080e-03,-2.861760299125503532e-03,2.057176206719383334e-03,-2.353223749615774175e-03
