-5.831162475970575268e-05,1.089280186846527677e-04,-1.567331713509398714e-05,-1.678795389375643452e-04,6.528040173208227203e-04,1.133260739217001279e-03,-2.195325497842787426e-04,-4.806175803622807718e-04,1.626619922875187666e-03,-2.003039788973957208e-03,-3.908422594327322537e-03,-1.423571376844849114e-02,5.744801181864299779e-04,-6.811416185739117488e-03,7.869683912181192273e-03,9.997809901556173884e-01,5.576835253055353187e-03,7.568085241995201225e-03,-3.783475261944465370e-03
-1.107625881477215053e-04,3.125192230314033847e-04,6.881506574250626342e-04,-1.193823596542017713e-03,-4.364668791594457885e-03,-3.500637862856387163e-04,-6.699056169798521271e-04,-1.271308852413457514e-02,-7.819068426875502376e-04,-1.700227336986391904e-02,-1.521173439946748272e-02,3.268323873249247280e-02,4.704958185360794826e-02,9.974714893795765258e-01,-3.079095280313742106e-02,7.306033764834908052e-03,5.405788477832144424e-03,3.642295013702551067e-03,-4.525742635659591936e-03
1.852286657325199482e-01,4.477282265806743489e-01,4.424945081535241326e-02,4.782489227689284972e-01,8.027844585543834899e-02,-4.920787987938064073e-02,-3.688778863178742151e-01,-4.132591179349349164e-01,4.348823111444711786e-01,1.818493151118607751e-02,1.686557927205428742e-01,9.933685823313614157e-04,2.936372014580654333e-02,-3.177000445150558912e-03,-7.519093809461054739e-03,-2.009525369995317115e-04,-1.187243297019487717e-03,-4.855163576135011132e-04,-2.632605374901364611e-04
1.801236107643398032e-01,4.254229642909604925e-01,4.492986381946999230e-02,3.208088485600816275e-01,6.309864728245326293e-02,-6.134213781418074163e-02,-8.362400004365148909e-02,1.759198319355351481e-01,-5.903567242169130980e-01,-1.837855998695616389e-01,-5.023330759615652896e-01,-2.728206119341308744e-02,-2.058305031183504247e-02,-6.391518141690200050e-03,9.809357114378500914e-03,-1.757310299077900241e-03,-1.286937076278019424e-03,1.407298305390436433e-03,4.670204112927506279e-04
1.822827146092606265e-01,3.947375783614970324e-01,1.779476040475427845e-02,7.002254571660451732e-02,2.619116532545786094e-02,2.538167443603815687e-02,2.683599438536644621e-01,4.588572603613371714e-01,-1.539783181190121086e-01,3.426378840065948950e-01,6.153051976804134737e-01,3.892756908931562648e-02,-4.108527163182521154e-03,1.969796870161718075e-02,-1.289346937754646226e-02,4.341434959434107600e-03,4.224774315287206650e-03,-2.096686872377886458e-03,2.933640737134345588e-04
1.759438236723289140e-01,3.586922067680607396e-01,6.889997376699120817e-03,-2.189508197075187013e-01,-3.533180631764249596e-02,6.070669967774204590e-02,4.482012302882921184e-01,2.516077265223064519e-01,5.772957327592779242e-01,-2.497894038250514925e-01,-3.567176996573273029e-01,-1.759495987656190322e-02,3.258970086317735325e-04,-5.630532444334834276e-03,7.310375975072796843e-04,-3.036936545462634324e-03,-1.074831280458796645e-03,2.673522999530828989e-03,-4.782479758640423013e-04
1.715326699673833111e-01,3.171759609497860066e-01,1.278546176795482790e-02,-4.635879548866128630e-01,-4.861506043482290151e-02,2.669085910002785486e-02,2.997887676507807186e-01,-6.810178313107629888e-01,-2.976689868571537056e-01,7.331750342035023293e-02,6.024728575928466751e-02,1.625458016025923408e-02,-8.907564306392968048e-03,-7.114275232563377176e-03,1.243963983472991600e-02,6.102682315162014657e-04,-3.646114452152335859e-04,-1.663568713306918341e-03,2.668383558759076634e-04
1.365600939619092402e-01,2.292587065431562210e-01,7.866228022677059298e-03,-6.030827868213261000e-01,-1.132928990370465905e-01,3.115034695262223693e-02,-7.008447450939503387e-01,2.434090425675283220e-01,2.438151656609690784e-02,4.533080484952890440e-03,1.220628197971816362e-02,-2.345148732576418388e-03,2.466814204206808914e-03,1.534886505883810816e-03,-2.345224351148610109e-03,-1.045896539010007000e-04,-6.205717592592542011e-04,1.291308440385317802e-04,-5.128650219929312831e-04
-8.610674886534046557e-01,3.786097074959068332e-01,3.349510358787776143e-01,-4.825776596645454941e-02,-4.124712750503130125e-03,2.515063139897384323e-02,3.696402693015962432e-03,1.157741556783521523e-03,1.774401123552986738e-03,-1.272016770300725386e-04,5.255089503544658341e-03,-9.471843619830144214e-04,-2.176800473635959990e-04,-3.702520566275946542e-04,1.123688846195474063e-04,-1.183500589297779853e-04,9.088617963134568701e-06,8.932246883253751302e-06,-2.485199984655838096e-05
-2.480778233616368900e-01,1.619881348313610414e-01,-8.363684531664471455e-01,-4.225061607647098011e-02,4.119500141901371593e-01,1.976817373983138781e-01,-2.872814429107052245e-02,-5.606921851882457758e-03,-1.334055856082965244e-02,-3.283675728059535365e-02,4.409296627674520914e-03,1.337086461751122715e-03,1.358151642320941811e-03,1.618910790500699285e-03,-1.210275835273548321e-04,-5.499077861393242977e-04,4.496797486692959801e-05,-2.348326330464175365e-04,-1.178510035537669071e-04
-1.311021946873376365e-01,1.003467930761294813e-01,-4.034697380070332851e-01,5.196014869617348458e-02,-6.165814218619446452e-01,-6.163820136447977216e-01,3.237144231805121758e-02,2.919414496440107722e-03,3.516640279755572224e-02,1.945104666083835310e-01,-8.348825122980882418e-02,-7.143091668581303885e-03,-2.381948826870263283e-03,-1.560866771936692194e-04,-1.718243557725921051e-04,9.996829463927972472e-04,-1.324726118694087519e-04,2.289299340157762916e-04,2.703514900399362560e-04
-2.803143165564475625e-02,3.306688187686396274e-02,-1.327302052444309932e-01,1.168168915309878431e-01,-5.303089969319840780e-01,3.837538361945729837e-01,-1.029779119658258109e-03,-1.393803916090520512e-02,-1.092081610116919371e-01,-6.467142310833207119e-01,3.281523599816296710e-01,-1.539434476239818963e-03,-1.513611289450471527e-02,-7.643154116456121749e-03,-5.098660600336692335e-03,6.239731723312535398e-05,-1.226757094651102363e-04,-1.090467933173354257e-03,-7.574764437003846844e-04
-4.961429304847081445e-03,1.187426198896729575e-02,-5.372672469999568295e-02,1.154666507374492723e-01,-3.490153919138238581e-01,5.969111271691490694e-01,-2.066235123451552053e-02,-1.924784988435444474e-02,2.999671341777337616e-02,5.170368614099396520e-01,-2.793897239136985400e-01,1.875122887038433925e-02,3.575989184757711881e-01,-8.910513182656754419e-03,1.734413343367662841e-01,-1.884292682726959036e-03,-3.242299900034492817e-03,1.701147965059728495e-04,3.702733921783078839e-03
-1.534222404679441449e-03,4.546593480010723692e-03,-2.018874949410616459e-02,5.011439289770709682e-02,-1.354762839123731799e-01,2.453304381788641297e-01,-1.762161464681666692e-02,-2.431398626636923840e-02,3.078149657518611942e-02,2.253590192640022305e-01,-1.200984658456901166e-01,-3.475043778363140490e-02,-6.851104566499367499e-01,1.539258178500455682e-02,-6.137981554462749179e-01,4.221998306084338674e-03,6.129450722107308847e-02,-4.173577020593029381e-03,-9.811721188828486512e-03
-2.201562959143604770e-04,1.835020583063989809e-03,-5.108722889156308046e-03,2.114233001532038123e-02,-3.212477596255493978e-02,6.334442996901686052e-02,-1.289353981719361039e-02,-2.157631632057731372e-03,2.744188487998534126e-02,6.525607747933097336e-02,-1.351243600542284713e-02,-2.737154779330042489e-02,-5.742905606985236888e-01,5.164850191127347279e-02,6.597786408344203934e-01,-2.394674744790672560e-03,-4.695088031219336600e-01,8.428006301126864802e-03,-8.032266598831924731e-03
-1.410221860509772547e-06,7.770091020244920994e-04,-1.494585320527758296e-03,8.110341316887030583e-03,-9.205095637212654114e-03,1.868801402702119016e-02,-7.426506435856279273e-03,-1.731222700081108245e-03,1.369741969298796276e-02,1.891405108898892157e-02,-3.560916290860243350e-03,-1.486309104857140920e-02,-2.575927298883823324e-01,2.056771881147474376e-02,3.951627821434830490e-01,-7.684769803901684952e-03,8.799322704311388632e-01,-2.034365236079846775e-02,3.123966149036566664e-02
3.757473563551925257e-05,-5.391864547640415936e-05,3.279625201968267511e-04,-4.661047069878183403e-05,7.550556549037601558e-04,-1.460840173749187705e-03,2.795690214558377231e-04,1.404244169754801166e-03,1.153217186771088179e-03,-1.676505920604167126e-03,-3.163484526674654670e-03,8.990350936523804071e-04,4.172015938434294954e-03,2.620534486729095280e-03,2.544165608940671466e-03,6.857827767226823239e-03,-1.628818617025090676e-02,-9.838664833856241021e-01,-1.778871485192851098e-01
2.156111599186741955e-05,-1.175946807982413824e-05,2.909533548739297120e-05,2.719976933337596588e-04,1.739686157196445259e-04,-3.735185326289296062e-04,3.453589028992038444e-04,-1.642403469700607146e-04,-9.394403378098677973e-04,9.470798428687963273e-04,7.763271616362904482e-04,-3.879168287835546743e-03,3.902964215772716187e-03,-4.864850966951921735e-03,1.359871263091754455e-02,-5.444101979897491943e-03,3.405569006264693582e-02,1.772389383186194767e-01,-9.834405340343320701e-01
-3.175573317451963265e-03,-1.618534179449255183e-03,-1.112632542189014072e-03,8.724544100845858449e-03,-4.292372139870086895e-03,-6.608632429615882500e-03,-1.142725478800510862e-02,3.272257999199352368e-03,6.138182037203965442e-03,-2.284963430885604205e-02,-4.420233511290566630e-02,9.966383265596848728e-01,-5.207117642935240459e-02,-3.133598992645882791e-02,1.096392519852589431e-03,1.374252414256414700e-02,2.261185106982793909e-03,1.541199006207412446e-03,-3.750961551576274377e-03
