-5.047139665482578433e-05,1.411872573452586303e-04,-6.722632758708740343e-05,-3.292408403728448382e-04,9.815197691684382844e-04,2.914782492504637643e-04,-1.000543673174024992e-03,9.570661156042596868e-04,-2.986478531626043844e-03,5.553555891984774187e-03,1.612444504557013073e-04,-1.193037561086439033e-02,-1.191460051287404100e-02,3.070516303723767730e-04,9.964822651772949902e-01,-7.518893743643512151e-02,-2.643289106595428720e-02,1.841809728950272521e-02,-2.126298983085200909e-03
-1.630059546865810665e-04,5.214067226359258992e-04,-7.952145379487188075e-04,-1.115374903845259627e-03,9.845228589496586233e-04,4.994114365838744733e-03,-4.434230429608977241e-04,7.181447224844831646e-03,-3.511808889768837112e-03,2.656756627942866503e-02,3.499243382822379345e-04,-3.045981586806416948e-03,9.993979108442607728e-01,8.218404417881693125e-03,1.226020270622554809e-02,7.510961020368184596e-03,-7.301364676642551309e-03,-8.089777600238025335e-03,-1.835246503070614042e-03
2.388897322794521216e-01,4.353330952827803024e-01,3.598574118491384283e-02,4.800341404110254340e-01,2.856256979719916378e-02,3.006237962822463916e-01,1.651255015925269243e-01,3.972648799136648812e-01,-4.767251452931617339e-01,-1.281964296639224732e-01,3.671065659403938142e-02,-1.423128058388484218e-02,-2.156876990753244048e-03,-1.229930264138236543e-02,-1.086113616329631090e-03,9.659138430965691141e-04,-6.218353233249145290e-04,3.207447980123317023e-04,-1.679738119600108527e-03
2.303616715163704087e-01,4.079973433800864746e-01,3.537407219349683607e-02,3.066237261792633673e-01,1.608787444584115073e-02,8.248065999111051094e-02,6.691485891776925710e-02,-1.673205167469550836e-01,5.870889930826762582e-01,5.478705500320264488e-01,-2.046657219293469485e-02,-6.224463170250053162e-03,-1.159183583203195721e-02,1.496793572402772658e-02,-1.388951773872042434e-03,-2.398373069134901447e-03,1.495214673130991836e-03,-5.696613912455200917e-04,2.167896864325852529e-03
2.311063565707063838e-01,3.694369925828380197e-01,1.232386002350165620e-02,6.284034197270592370e-02,3.464004293421064223e-02,-2.149363868374928599e-01,-6.678372894388619196e-02,-3.833040824743030872e-01,2.378964310889702116e-01,-7.406339126161612940e-01,-2.719407240724426231e-02,2.381329715374686656e-02,2.425648987931461331e-02,-1.088736542809780328e-02,6.199606765641308033e-03,6.310727200330512945e-03,-4.688294999536946344e-04,-1.557404691169794167e-04,-6.274405784421259544e-04
2.203494361665678525e-01,3.279415976807912858e-01,-1.341606017179220465e-03,-2.197905808622062085e-01,6.084151166203618025e-03,-4.318088741136155151e-01,-2.313252893811107713e-01,-3.481751449499397855e-01,-5.499775347279960425e-01,3.623802013867986060e-01,1.714690111279220525e-02,-5.788152710058187995e-03,-7.486469476305279008e-03,1.283471310433051057e-02,-3.724781831621527210e-03,-5.399538796203202115e-05,-4.618338605826146997e-04,-5.293031702467849422e-04,3.577384476470298730e-04
2.105801810714730549e-01,2.817048523641478841e-01,-1.785272713212809198e-03,-4.789024327174854490e-01,-1.011719618023325992e-04,-2.452129329035965810e-01,-1.809682673555294830e-01,6.995051102477209959e-01,2.507342706037820057e-01,-2.692076734993978718e-02,-2.560539842763687526e-02,2.106050294867670841e-02,-2.759988046640592541e-03,-3.752718479699412510e-03,-3.714445351352141530e-04,-6.772881831930081808e-03,3.240251211847888497e-04,1.389542332126694540e-03,3.080854324953356084e-05
1.647616113277454164e-01,1.964961567901150619e-01,4.929560813795517450e-03,-6.172953039172289769e-01,-8.184483793082593384e-02,6.355164082873010489e-01,2.904808306307478660e-01,-2.341729149732675319e-01,-5.248683040952534934e-02,-1.400315333632315591e-02,1.698539947725433152e-02,-1.082262967624512094e-02,-1.931306140376691212e-03,6.495310237731985372e-04,1.626925039369477607e-04,2.849356116015259403e-03,-5.069565965723751887e-04,-4.293757093783991900e-04,-4.406946161917692597e-05
-8.123486981485414926e-01,4.938852777668320537e-01,3.023153014601312472e-01,-6.518501787293458360e-02,1.588099352926799004e-02,3.325086521061894362e-04,-1.508099912883717995e-02,-1.288236546943342508e-03,-2.353993323056073617e-03,-5.797802491318326638e-03,1.023791523990535014e-03,-1.250392794234565612e-03,-9.653091821254978935e-05,2.925861948090144674e-04,-1.301291428822552493e-04,5.269350362861902482e-05,-2.431770576431332539e-05,2.680080445631998637e-05,3.145899019674252206e-05
-2.099253888474238716e-01,1.633911832569672484e-01,-8.604596873141924229e-01,-1.484829146035113699e-02,4.149684644712692272e-01,8.704599041675742388e-02,-8.870094106390197242e-02,-8.313799664937998948e-03,6.220548035806141261e-03,7.858696605688681586e-03,2.826602311770179052e-02,2.560583087042109154e-03,-1.824506953159849053e-03,-5.255798179312231623e-04,-5.836225830287654608e-04,6.839734973724968586e-04,9.657492313280831395e-05,2.518805465624307386e-04,-1.862553332718173407e-04
-1.094200794408377447e-01,1.019008835892507153e-01,-3.934583738040551837e-01,3.136623418718159639e-02,-7.669757207701298762e-01,-2.294976296774049185e-01,3.833796647004515390e-01,2.748398515033053865e-02,-8.182667995132205177e-03,-1.445055482507288458e-03,-1.817504455900750826e-01,-9.181957514605397497e-03,1.573153193908213366e-03,-1.332473430714909519e-03,9.778141283536608431e-04,-1.274231735761762515e-03,-1.612245893993955142e-04,-6.223258252963383922e-04,-2.193814723380099513e-04
-2.080987690211209482e-02,3.017984584725685870e-02,-9.848708493906320471e-02,5.876254678125476111e-02,-4.265269974635678141e-01,2.113012809014829241e-01,-5.113696529636266863e-01,-1.601977922479532260e-02,4.634493940526456662e-02,-2.612224397529160080e-02,7.024655281084977165e-01,4.147545750432611762e-03,-4.292351866540964006e-04,2.890209492692484214e-02,4.595701187624482461e-04,5.543869046470027359e-03,-2.560675185093321091e-04,1.479198790544600413e-03,5.974712245595162992e-04
-3.579576804504009963e-03,9.571467317667958080e-03,-2.821493996486070660e-02,5.441044112184793141e-02,-1.977715203042783587e-01,2.800175792105211725e-01,-5.437612290764638479e-01,-2.699750838543366407e-02,-2.205715245816401368e-02,1.249375691401765969e-03,-5.885938114249256170e-01,3.885703888662844774e-02,4.208439542608878418e-03,-4.511078774590417950e-01,-1.280758277754625446e-02,-1.732652595398261053e-01,8.228056291535954534e-04,3.044204746973303097e-03,7.678297549421780367e-03
-1.245490112679133524e-03,3.830556785791870526e-03,-1.237849163957338572e-02,2.721411228291320539e-02,-8.936643715155687118e-02,1.370909221878024720e-01,-2.618813615804523320e-01,9.040568001482626216e-04,-1.316791238581213955e-02,-1.428089950199817534e-02,-3.197240941803471403e-01,-3.951992268202395020e-02,-1.120971791370288864e-02,6.080328225127287212e-01,4.791333263850788837e-02,6.423226045534733419e-01,3.571387429177830947e-03,-2.795243797538806557e-02,-1.186029326927809796e-01
-3.234196340749920305e-04,1.766241249087024869e-03,-4.991706045094229834e-03,1.318587837715453313e-02,-3.303727787993181869e-02,5.780744783458174885e-02,-1.015654768575417199e-01,-1.481879737255664903e-03,-9.205927736398512515e-03,-1.965175634422497777e-02,-1.330017722544779013e-01,-3.315679789115917597e-02,1.709560908696013343e-03,5.713058382951553549e-01,-4.405667121376567047e-02,-5.571373721713474003e-01,-3.627005032529714151e-02,9.344895495574710720e-02,5.630299745217244300e-01
-2.524919326941022616e-05,7.879292778948987540e-04,-1.712611423081145156e-03,5.456850916817847404e-03,-1.213742065942011519e-02,2.279469206316376423e-02,-3.854724934915474549e-02,-2.331630075719519531e-03,-2.731505573766772332e-03,-9.437686933502774031e-03,-5.101111073209552843e-02,-1.292791580544960274e-02,-1.899252714119784718e-04,3.075569011913822925e-01,-3.569594669751496169e-02,-4.905028587750897007e-01,5.260363652190978845e-02,-1.007657332403773809e-01,-8.034694870994201210e-01
2.497925411966010799e-05,-2.834139560424590379e-05,1.599109633209388657e-04,2.113513508136273371e-04,2.650190351730845833e-05,-3.166960368111943836e-04,1.252064768195783892e-03,-1.445972378736512434e-03,3.179951285696627902e-04,1.224577876629609095e-03,-9.528664683873537718e-04,1.104245247107485308e-03,6.841366267820783546e-03,-4.358822045269896382e-03,-2.001852098563058555e-02,2.240570105636698756e-02,-1.268969602382202522e-01,9.806458747624220429e-01,-1.457899528649767851e-01
7.158072899397033321e-06,-1.531818447842421693e-05,3.052740633991610886e-05,2.826265323551298281e-04,3.624864911756248294e-04,-4.051837676699673483e-04,5.572689972173875013e-05,2.223518115879215143e-04,1.685327119988900245e-03,6.903848098106710445e-04,4.111614177238998523e-04,-2.897157324108776740e-03,-8.073764322141104358e-03,-2.489811562993790237e-03,-2.431030603115131097e-02,-4.434992276926012084e-03,-9.894611410448115318e-01,-1.350773757246251927e-01,-4.501554417304119010e-02
-3.375224291295247925e-03,-1.112891536543890881e-03,3.162152244809862157e-04,8.866384456770780645e-03,-4.580023559980796882e-03,1.305252619723767070e-02,2.278986867110370865e-02,-4.174808478260145367e-03,-1.821390140806196031e-02,2.062675979124625747e-02,2.390123665262226024e-03,9.969896807267325523e-01,1.657933934143886916e-03,6.490590591150757760e-02,1.220781213885267953e-02,6.395877846648624805e-03,-3.492037824815397758e-03,-7.532861728915631917e-04,3.306616923450100744e-03
