7.988472390018566802e-05,-1.630644646921933173e-04,1.340903594930468678e-05,3.638059847650442261e-04,-1.414579809571131930e-03,3.556866228626650596e-04,1.625637411739941059e-03,-2.077463938973703791e-03,2.207299241074198171e-03,6.788910310888681549e-03,1.511139418757184521e-04,-1.629263311627355149e-03,-2.066365419419646104e-02,1.340231774553678548e-02,-2.733202734510724492e-03,-9.994482403276523375e-01,2.959207719000747552e-03,-2.031894943066479137e-02,-2.151453171087657282e-03
2.686086231567879311e-05,-6.453272374530844404e-04,-9.364158005538073936e-04,1.524998715176006372e-03,-2.227620740538054523e-04,2.426741581322442061e-03,1.255838974179886722e-03,-6.020273818718092050e-03,-1.526187579931573626e-02,1.811286300057978610e-02,2.557622638987942787e-02,-3.806020575614644380e-02,1.952083103892512592e-02,-9.983176258372384870e-01,-1.070728358516044717e-03,-1.354608463566448102e-02,-7.093533648349283939e-03,-4.025291490846845226e-03,-4.311446497167728889e-03
-1.624141785941256022e-01,-4.615101712649282151e-01,-3.792656807180856682e-02,-4.935260337176053391e-01,-4.359331074665772493e-02,3.155462449588099516e-01,-1.599928394916419194e-01,-4.331909821850938314e-01,3.942032058295637520e-01,-2.090764356324023854e-01,6.632558806638036084e-03,4.029448488433277908e-02,-3.052265498701972266e-03,-8.452925257714653459e-03,-5.844179183740037635e-03,4.559191256715730930e-05,-3.142415297237290735e-03,-3.483016917621458005e-04,8.052586527686508060e-06
-1.577566591816385033e-01,-4.358782855107479204e-01,-3.653736275891752983e-02,-3.155381854723696144e-01,-1.867692406441407577e-02,9.679998320492694264e-02,-3.232518239837625651e-02,2.009399391921370404e-01,-5.265694765927559917e-01,5.920907778610986494e-01,3.736687586227889490e-02,-5.308774442209673872e-02,-2.430265611344491553e-02,2.004604654614856873e-02,3.362587796630784991e-03,3.232460661084326104e-03,2.437820170393730206e-03,1.062953490139346372e-03,6.225507712907250347e-05
-1.623931050981723689e-01,-4.042165790668367231e-01,-1.536309307265600575e-02,-5.820161481846083257e-02,-2.939050514610448694e-02,-2.364746372458419177e-01,1.143854931732953828e-01,4.785210140675985047e-01,-2.155343718378627538e-01,-6.744470059465575984e-01,-6.080990546576178074e-02,2.695989592770307863e-02,4.191757740042616892e-02,-1.375150416948382054e-02,2.992353887352671490e-03,-6.983412445371926444e-03,8.293451069220648389e-04,-2.311950965069733228e-04,6.047306331257136860e-04
-1.597313632684846385e-01,-3.659010028213292021e-01,-1.070127354225397162e-02,2.280144394574938060e-01,7.413468890079137445e-03,-4.163397421896087303e-01,1.505780771824293818e-01,2.322384360394214031e-01,6.333376417861796837e-01,3.652434203645886779e-01,5.961283678891272919e-02,-2.046811890246294594e-03,-1.956727339729570289e-02,-3.501660743825156605e-03,-4.209339781855380661e-04,3.995865309897406702e-03,-1.016739853748423964e-03,-4.818181361196198758e-04,-2.302758155234355553e-03
-1.567377813923920837e-01,-3.222396146211508605e-01,-1.747160014851211959e-02,4.796561846883670155e-01,-1.034118051861817808e-02,-3.279115575796895388e-01,-4.923912165738783542e-02,-6.441933363814256186e-01,-3.327113525204515865e-01,-4.913179453482863918e-02,-4.913646035892692276e-02,-1.712022275301814875e-02,1.706495761692105803e-02,7.886482496540855522e-03,1.402302706671189683e-03,6.466669119180926660e-05,9.337955227725131717e-04,3.467909184414098172e-04,1.570869669373943121e-03
-1.231807877234242510e-01,-2.277325185290820508e-01,-1.274963668723548896e-02,5.940717905613651650e-01,9.976558108151582782e-02,7.277864271546476971e-01,-1.289444490822052626e-02,1.929918031005481982e-01,4.703759391555010355e-02,-2.456283395442052098e-02,-1.195867967519749844e-03,3.743933756584385056e-03,-2.650998754066078138e-03,2.433699660810698313e-04,-1.832104439816871055e-03,-5.490058887180788983e-05,1.483862554586032985e-04,-6.011966879383013988e-04,2.125507210880830597e-04
8.800242273737890475e-01,-3.367095991576432024e-01,-3.305767206076971054e-01,5.048448937870487346e-02,-1.328663273605256746e-02,-1.709607848252719725e-03,1.205819757034802715e-02,1.043593712720017439e-04,2.275479239572000649e-03,-4.545236663376486796e-03,8.632238052685758728e-04,-1.920895468647042335e-04,-1.598470837888168843e-03,5.204304755068918939e-04,-1.506146391951260465e-05,1.920474265433168206e-04,-2.675190467432659669e-05,-3.506957150432553214e-05,2.755697635231824335e-05
2.522890864326752802e-01,-1.460271978118884151e-01,8.458864538744965689e-01,2.842952990224630397e-02,-4.218923384378208685e-01,5.501869100548458652e-02,1.266994068452090838e-01,-2.063195273681996816e-02,-7.115929227993979603e-03,1.023146669304760177e-02,3.216033466126014262e-02,2.400067201037924241e-04,-1.916542184353700086e-03,9.178771283274187809e-04,1.598692302220988280e-04,1.044467315218298824e-03,1.902573231342602532e-04,-1.795444672972744849e-04,3.999517401167018184e-04
1.348430675123198363e-01,-9.159114070217676262e-02,4.020303162226098181e-01,-2.724732286855567273e-02,7.540320395322290814e-01,-1.055069474871702662e-01,-4.351294264558132063e-01,6.241037300426324069e-02,1.674324686993695563e-02,2.835068075551391148e-03,-1.942988728025396294e-01,5.668451455102990581e-03,7.240737385360680126e-04,-7.053128994331606290e-03,-8.466919643558109198e-04,-2.018368052184996760e-03,-7.327757169362752836e-04,3.557213664847218336e-04,-7.943176395801760433e-04
2.837375333887528703e-02,-2.913462983146967306e-02,9.788339887418476271e-02,-7.496157321567178955e-02,4.468347288483821012e-01,4.630236911227501168e-02,5.510097325884391051e-01,-1.361354623110060391e-01,-6.122324772660119041e-02,-6.670179108397845946e-02,6.691837776217122169e-01,-5.178067955438350051e-02,8.147268608458194464e-03,2.030714872932427167e-02,4.029105656453329035e-03,2.572791411680966497e-04,3.450051042729585914e-03,-7.963566724135293876e-04,1.659890395030016747e-03
4.011015838207952419e-03,-9.394973263257227689e-03,1.888816684946482624e-02,-8.186428563337157238e-02,1.908287435974843904e-01,7.906612173602164950e-02,6.087745640859062446e-01,-1.094680363432548459e-01,-1.439093208172392314e-02,7.727961697822655074e-02,-6.309362878144878506e-01,3.974018814536923738e-01,-2.866239564942736975e-02,-2.887270624001257030e-02,6.108523024775488336e-02,7.244955583187138743e-04,-1.943638261560603391e-03,4.177464569000275589e-04,-1.094943553267874138e-03
9.703952241515984142e-04,-3.564979647141958748e-03,5.691859863377804647e-03,-3.945801175434886232e-02,5.869491277855790751e-02,3.686546233010395968e-02,2.167895861413310088e-01,-3.895618745885150169e-02,3.400946975221473545e-02,-1.821984176502353461e-02,-2.879978752962713551e-01,-7.568964274127492065e-01,1.744216100730577174e-02,2.292393346155034359e-02,-5.212955075352905254e-01,2.446100891525850637e-03,-1.224289316616007789e-01,4.082958164697175416e-03,-1.279567012953634030e-02
2.754324377715045274e-04,-1.608927848294568717e-03,1.778839658333042318e-03,-1.913396552580777857e-02,2.110816509327867116e-02,2.002646156409433956e-02,8.387829163386993636e-02,-1.904851674811149434e-02,2.798274314935750642e-02,-1.578394676135757430e-02,-1.321045357368068884e-01,-4.490363010887759021e-01,8.370577518050629010e-03,8.214962432053685495e-03,6.234854265099508686e-01,1.194735849921930949e-03,6.156545570974309989e-01,-2.175580897389487942e-02,5.374713481467019438e-02
9.855756513105166775e-05,-6.289526511888894915e-04,7.787565871494645962e-04,-7.777977707044986082e-03,8.254538084414677138e-03,9.426437315392777183e-03,3.428710088156219915e-02,-7.624011153114698854e-03,1.204765025785071823e-02,-8.695750675164598195e-03,-5.506173832557623160e-02,-2.387172606030820710e-01,1.020550913283512634e-02,1.268559901663147624e-02,5.792282093151382982e-01,-3.876040804324778957e-03,-7.745438836565199381e-01,2.287254268581629529e-02,-4.563417516841576649e-02
-3.796697488434038441e-05,4.067183425893100475e-05,-1.373541204686245100e-04,-2.178881431779527143e-04,2.539922051299155258e-04,-7.490834232420081696e-04,-5.348114366553094034e-04,1.499209894791041003e-03,1.455718485167905142e-03,2.061800610922958406e-03,-8.318642281217385973e-04,4.243654088674141296e-03,3.442432183124767564e-03,-3.092396172806886716e-03,-1.394612250439099775e-02,1.257879353152064608e-03,-7.482844514398682978e-02,-1.800052483250340063e-01,9.806900759470902340e-01
-2.774770978561042755e-05,1.813496594483233622e-05,-5.324902154805905707e-05,-3.256742165670792918e-04,-4.504888847441817536e-05,-3.385855586182606150e-04,-5.689206469503837755e-04,-2.322196171840010704e-04,-1.541793547221202015e-03,1.514335964826627671e-04,-3.659191530979308488e-04,7.202570885574483472e-04,-2.176717163794821778e-03,4.549023633101747371e-03,1.579632526165672098e-04,2.042110002741528291e-02,-1.849737635951898343e-02,-9.829288405072068580e-01,-1.818312585444168128e-01
3.366312794752932078e-03,1.990458478824987543e-03,1.379421824594467773e-04,-9.584267796475228265e-03,3.748047918931335441e-04,1.376574674009872247e-02,6.413856418847929328e-03,-1.579784977005640328e-03,1.512457938107157271e-02,5.316926043015375580e-02,-1.168698354893994186e-02,2.994475274785995955e-02,9.973786208044463919e-01,1.908747884171303755e-02,-4.056750043355979423e-04,-1.994228319562594415e-02,5.213758750727251826e-03,-1.953517683328903111e-03,-3.641218521088598805e-03
