-4.935620293726260239e-05,1.397552733724986352e-04,2.858098007898950344e-05,-4.176171542718293164e-04,-5.704389950233364464e-04,-1.351923875842142835e-03,-7.291610990362597505e-04,-7.129219120887805199e-04,2.239752366335726313e-03,-3.978836954658248638e-03,6.654696737086748066e-04,-1.156232269247500256e-03,-1.229916793624604397e-02,1.080914151385774583e-02,1.345794396129764911e-02,-9.993207637080420147e-01,-3.457290554655658658e-03,2.938758707185470595e-02,2.680892427248298196e-03
-1.492624473326655064e-04,2.087105919215626808e-04,-6.226524391214359510e-04,-2.253078971165266634e-03,2.044161243227866735e-04,-7.851491456665039923e-04,-2.628552417682636887e-03,-1.108033285319171522e-02,7.199937132001545115e-03,-2.389470010610951142e-02,-2.181058837805931443e-03,2.885538160245067207e-02,-2.650166370839728957e-03,-9.991065929292417547e-01,-7.495686971675380450e-03,-1.080174342291136992e-02,-3.052845611599063272e-03,-8.658582898609685097e-04,5.440724330079468180e-05
1.884687174667276088e-01,4.560954122625278662e-01,5.739544163539919697e-02,4.832172511961295713e-01,-8.279262879662323271e-02,8.376903563416819576e-02,-3.886212061473728885e-01,-3.890644138578986388e-01,3.860375842771734956e-01,2.313329955571307439e-01,-7.637939839410449842e-03,-2.667930088059353166e-02,-8.117367170256628572e-03,7.366792378431183137e-04,-3.968346207454930170e-03,4.028511027671347771e-04,3.541787477136850446e-04,9.771758365040340583e-04,6.472348475235819177e-04
1.824870862699529417e-01,4.287119257465716315e-01,4.926906716644913198e-02,3.022771195197707095e-01,-5.704779206607561021e-02,6.230221420672752558e-02,-3.455346011493207886e-02,1.692700541773448364e-01,-4.833261828946825989e-01,-6.466676901479234685e-01,8.517364662235156827e-03,6.261856984086018076e-03,-1.065783345949562408e-02,9.628737352993294377e-03,4.039244763994346080e-03,1.514459151132497693e-03,6.108287142671951948e-04,-1.319090899096298690e-03,-1.122354719098171737e-03
1.848385451865411644e-01,3.941064540868058907e-01,1.471332799360430300e-02,5.962340321629130968e-02,-2.363347894716598743e-02,-4.204567661169990311e-02,2.710814879067343086e-01,4.582856106297654719e-01,-2.878765384528552129e-01,6.602295661204093946e-01,-1.939274847822803141e-02,2.201706809303260667e-02,2.518613001789213671e-02,-2.298687777368410567e-02,-9.000179488063123415e-03,-4.434654425310892087e-03,-2.180519557405753619e-03,-6.611206586257754045e-04,8.475847535580506706e-04
1.784907364430584065e-01,3.535584356791866556e-01,-2.940474539334007748e-05,-2.240344412676600061e-01,3.955161521995482349e-02,-1.178566189010381154e-01,4.488749403104401181e-01,2.220823348174731926e-01,6.625499167538864143e-01,-2.953704640493216571e-01,1.767745068074045786e-02,7.818536275813031114e-04,-6.921326628100405234e-03,8.822880384908032489e-03,-1.810433725816406941e-03,2.619196950511268936e-03,3.906334059887815215e-03,7.670606929257818216e-04,-1.152827391341119598e-03
1.733109209984670107e-01,3.086095659210230657e-01,1.507937590478116048e-03,-4.760176431308162370e-01,4.899235158064904616e-02,-5.473820877013467479e-02,2.570273893234870655e-01,-6.939923521349090629e-01,-3.031032105657054943e-01,5.271919537136728756e-02,7.661033628070883748e-03,-1.690719015873994209e-03,1.077235733644054186e-02,4.552136580847850750e-03,1.367798569360272748e-02,-1.780614366913059205e-04,-2.520966474902732509e-03,1.720089554705270490e-04,8.456179092010953843e-04
1.357796169172937606e-01,2.199739299215723309e-01,-1.230875327888551925e-02,-5.989690914119216725e-01,1.052213600093837853e-01,5.707220116997164389e-02,-6.941724840697635068e-01,2.784659535800804164e-01,2.138895924358320474e-02,-6.530687797048422352e-03,7.176697716350061791e-05,1.693033179302507992e-03,-1.135478764385175476e-03,4.767244711049847599e-04,-2.710742584213132658e-03,5.088024344721428721e-04,-4.150669402206466868e-04,2.837181636778572614e-04,-8.298512365209217924e-05
-8.512379626908558317e-01,3.794045030899243498e-01,3.561854242668413550e-01,-6.311870361751767411e-02,6.392425218156227648e-03,-2.230579936405971408e-02,2.233103446193618249e-03,3.089749148831210518e-03,1.305339885314524360e-03,5.954430412948579117e-03,-1.179216339139671282e-03,-3.257288280872269997e-04,-1.575244122990554323e-03,-3.291163002810220235e-05,1.303924968676674876e-04,1.552218741210783463e-04,1.540636395465377635e-05,4.417706549871390232e-05,7.059138819067322381e-06
-2.652525499071263226e-01,1.671135133700366593e-01,-8.214691681643540022e-01,-2.240007895925048148e-02,-4.184963657467009601e-01,-2.170730536672280109e-01,-4.909414946345677655e-02,-6.558614419023001130e-03,-8.804927182555103565e-03,-1.412736928384711148e-02,-3.748978082684224777e-02,-1.422159603843511531e-03,8.021638742005866461e-04,1.225679519334054628e-03,6.101145959272798874e-04,6.240162047988638723e-04,-4.928556905024685138e-05,9.599887821147886486e-05,3.104522611806333427e-04
-1.438181045061167063e-01,1.044714254675460641e-01,-4.165853639181527068e-01,6.159366812809675962e-02,5.970046631794337921e-01,6.136441374074065314e-01,9.845168069610735206e-02,-5.075936996370499638e-03,1.439090046475994741e-02,1.786930664948603587e-02,2.185210956221879663e-01,6.325212281152693336e-03,-7.110278784507493080e-03,-9.764891180053723819e-04,-1.202511796578303611e-03,-1.100802623992496246e-03,-1.444188047946219481e-04,-1.397818629171456524e-04,-7.996381493287926887e-04
-3.145717498694301784e-02,3.540492220861489459e-02,-1.270210324386247258e-01,1.127274506054326136e-01,5.403449911859390387e-01,-3.667212034804762100e-01,-4.684773032010570298e-02,-2.029372588769644270e-02,-2.140189855205171590e-02,-2.201782411788820795e-02,-7.339054412488178469e-01,7.705702643465824932e-03,1.397921645293784612e-02,2.782781402504458813e-03,-4.815514254361397302e-03,-4.569273586914287567e-04,6.839222477652871302e-04,4.146828369615345139e-04,2.195602430762489104e-03
-5.300931439517021782e-03,1.257553644202719437e-02,-4.760001830069909845e-02,1.099845627427388645e-01,3.604271899032022719e-01,-5.872476225803520133e-01,-8.822165479874610750e-02,-1.289016841280960293e-03,-4.443323920331963134e-02,8.649585003097686603e-03,5.869208077517450439e-01,-3.581462953116972825e-01,1.877980396345555608e-02,-1.290662804595591427e-02,1.660119194191870817e-01,3.100756848768057225e-03,-2.101374549467792917e-03,-1.461009876960556349e-03,-3.134144484841751982e-03
-1.692391710664074584e-03,4.882098280960776859e-03,-1.646763977573430932e-02,4.806978124470357577e-02,1.392946993968625924e-01,-2.428765707501662208e-01,-4.609487300617477051e-02,-2.791485846665385517e-02,-8.492454663663447090e-03,-2.519093006527536784e-03,2.485659613523733269e-01,6.883284200351634796e-01,-7.061251441705272691e-02,2.450253236930368186e-02,-6.080797408743147114e-01,-7.495704738671408497e-03,7.005674367276122638e-02,4.464965052384777498e-03,1.021446953566622871e-02
-3.183267889956273647e-04,2.043811935303184273e-03,-3.504255949260965362e-03,2.130163947521295995e-02,3.580782344708795945e-02,-6.484798905414961012e-02,-2.007568282305612073e-02,-5.105115182258095248e-03,1.119431028612444950e-02,3.550292911027029888e-03,6.401125295713454288e-02,5.515078339069769964e-01,-4.767893714403294986e-02,1.278905136239697621e-02,6.325769755799924843e-01,1.074534286934377032e-02,-5.314439014320273547e-01,6.352126989325282760e-03,-6.162221697191056467e-03
-3.548702867941351346e-05,8.225366067414228511e-04,-1.008372418534692581e-03,8.614608114890079382e-03,1.155063974317828424e-02,-2.155151128834934676e-02,-9.717633226244234979e-03,-2.661458395533735765e-03,3.155927858917093910e-03,6.078267034872742759e-03,2.156058556172714760e-02,2.890883948657336777e-01,-2.793708258497912267e-02,2.342901700006677287e-03,4.491791115119463385e-01,2.756539661901860703e-03,8.440156844539479231e-01,-1.432606188424787735e-02,-4.204158822093257558e-03
3.433261745497719877e-05,-3.760104985089619204e-05,2.074670742836376696e-04,-2.218229119224458798e-05,-6.212604402827602264e-04,1.582375940429549786e-03,4.922564072724527938e-04,1.324987948197525398e-03,2.899896763219363257e-04,-1.714612514063974889e-03,1.651825247886724163e-03,-3.752177077885436585e-03,2.827334170424479140e-03,-3.729188068065367504e-04,1.314284105513478275e-02,7.689717469192646968e-03,2.129899334348981862e-03,1.667702610245244965e-01,9.858592087055693121e-01
3.446051449056576345e-05,-3.909242383259988010e-05,5.573772782807406682e-05,2.869412454223738596e-04,-2.222442670631659834e-04,4.222889039140948256e-04,3.947063684920030634e-04,7.149358229945853346e-04,-1.875611214915251079e-03,1.145873410497285169e-04,-3.727842850642762483e-04,-2.460232445715857582e-03,-2.076884668218158952e-03,-1.329915495699721811e-03,2.833527652611250378e-03,2.852436922437788860e-02,1.510433299440275962e-02,9.854170590561125431e-01,-1.669928819987629154e-01
-3.422901410949066772e-03,-1.345986779040602615e-03,1.585098928572518744e-04,9.943633944896262261e-03,1.316124325007569582e-03,2.042363719057334673e-03,-1.230638725147237614e-02,-5.642386525066031555e-03,1.448835786681749310e-02,-2.403336852585111899e-02,2.269075263158471661e-02,8.946802053664078269e-02,9.950922924905668543e-01,7.883402804888075318e-04,-3.114213294100071344e-03,-1.218991906456918725e-02,3.325560960852976585e-03,2.197875793585231559e-03,-2.827926596453549449e-03
