3.887589710332981695e-05,-8.679216076658010737e-05,-1.262675838422352075e-05,-2.277727375159395960e-04,4.914404020247936612e-04,-1.202964515278706148e-03,-9.369698744530108227e-05,-2.596370425740234162e-04,1.624572596224472263e-03,-3.006445975624006881e-03,-4.227082283903763732e-04,-5.574497814911837969e-03,3.085796107223602418e-03,5.525359578603230085e-03,-2.442209963008873472e-03,-9.997125249612889286e-01,-1.205097746476082622e-02,9.929929655177173464e-03,-1.550045726982528412e-02
9.712893942949258014e-05,-7.712685945054329221e-04,1.808715152190896514e-04,-2.008906742580129304e-03,-1.197989810612444165e-04,-6.917995966988617568e-04,-1.840644511058453590e-03,1.288013914963373821e-02,-3.328702043845026791e-03,-1.596889810001745486e-02,1.464171712550729233e-02,6.762623495986480604e-02,-2.181238802020534773e-01,-9.731935992044264960e-01,3.886244871932827225e-03,-6.301378522644788399e-03,-3.428060484505486213e-03,-9.016076489793422872e-04,-4.537783970731172623e-03
-1.983723339419912746e-01,-4.460298119900661384e-01,6.325624757084780114e-02,4.913364304198710175e-01,4.296908788109859989e-02,-2.182001522914927272e-01,-3.077363084155165796e-01,4.090834227293010938e-01,4.311530451569636213e-01,1.371960020902749378e-01,3.093408690099512005e-03,-9.927362239826509251e-04,5.656209558107731621e-03,4.807134299964222206e-04,5.006158976020228316e-03,4.292155019757768527e-04,-7.973124507728060169e-04,-2.791095673225111131e-04,1.506336479068016748e-04
-1.926440865026559646e-01,-4.214460623850693199e-01,5.028106619217727336e-02,3.153943871092931284e-01,1.870082630356677614e-02,-4.346825545217068709e-02,-5.250071525992920651e-02,-1.807069869100296211e-01,-6.199228696456907661e-01,-5.085569437339502175e-01,4.437427262934678929e-02,-2.187839252116262345e-02,1.270399477461926947e-02,4.140036022684558809e-03,-7.414706331755994279e-03,7.690505614648496203e-04,1.286066503729677317e-03,-5.054805482842575056e-04,-9.151024433209835416e-04
-1.948914177884090160e-01,-3.895085172251062655e-01,1.119986887130257520e-02,6.218951785367184820e-02,2.265877087269723561e-02,1.793729165956633176e-01,1.933775696082936923e-01,-4.650792573350189807e-01,-1.205814941335245777e-01,7.047754157455102808e-01,-8.244137184963715170e-02,2.503545484132144866e-02,-3.277177118204498835e-02,-9.758860898591098509e-03,8.241061132203282222e-03,-2.704208602786020363e-03,1.087225072118412194e-04,1.991416024836318091e-03,2.397300485845002462e-03
-1.886207671264099606e-01,-3.532014849884180796e-01,-1.038541600886854627e-02,-2.300644329158886003e-01,4.759435566038644136e-03,2.810439514447935494e-01,3.537701355179118101e-01,-2.350008003032556247e-01,5.702991567470797607e-01,-4.464360869457784098e-01,4.784182201958858682e-02,-1.650689244794039875e-02,1.104742725479174008e-02,-7.727343187601327284e-04,-4.672803801631579914e-04,2.178414464631069341e-03,-7.116207294453561621e-04,-1.511040906612509845e-03,-2.890614302931599627e-03
-1.822145273719034120e-01,-3.101146064018022730e-01,-1.661735898324829749e-02,-4.725233276961802731e-01,-1.142275742208295232e-02,1.824224122076814614e-01,2.167398485156092902e-01,6.815908927681715301e-01,-2.975691659178805182e-01,1.113701811309681100e-01,-1.419476906324139420e-02,2.815776474510937530e-02,6.854311939818332616e-03,9.054169854339249451e-03,-6.675521024070471543e-03,-1.195955051029884810e-03,1.753517381497455055e-04,2.131637283479923971e-04,1.239587653099139767e-03
-1.404525073855434347e-01,-2.191067416784441280e-01,-2.403362895656037390e-02,-6.003302458483917858e-01,-8.955132845130765740e-02,-5.000560043579771463e-01,-5.001254093203864048e-01,-2.490429936127509791e-01,3.131319529420296260e-02,9.549348456458118953e-04,-7.365603906486694816e-03,-4.577750485120568071e-03,-2.997066322170064984e-03,-4.707611697770861491e-04,1.141560168748528186e-03,8.824844820946742968e-04,-2.022730458160304869e-04,1.351592948490278816e-04,2.066822941055981898e-04
8.432040323694651729e-01,-4.067575071643811935e-01,3.440239868965048187e-01,-6.993815452001150845e-02,9.736201427873493464e-03,-4.083088025186783557e-03,1.243685149184290371e-02,-2.151227792184266449e-03,2.575452981434256557e-03,5.334533339674930354e-03,-1.362294099567554727e-03,-1.882370226204344282e-03,3.389046124701005215e-04,2.401688912422998722e-04,-3.080943512064311196e-05,9.020067108921269404e-05,-2.688053281307054671e-05,-5.351114957294608481e-06,3.347305268042494631e-05
2.596436377248377281e-01,-1.644229096640126841e-01,-8.425833695908679921e-01,1.949130717953946601e-02,4.133903173379411822e-01,-1.349205484164783531e-01,7.416495051268910677e-02,4.051679008708387181e-03,-8.887724154623065712e-03,-2.853126584578296026e-03,2.286691334243584617e-02,6.829596971993879759e-04,9.857847971262644841e-04,1.641160402048476015e-04,2.092937146625229166e-04,3.724756914909459248e-04,-3.899453483690492732e-05,-2.561576883945102532e-05,-1.631563947057314012e-06
1.337751715247412765e-01,-9.777565405873696325e-02,-3.949148904022835582e-01,6.139207757894785122e-02,-7.442518232039534443e-01,3.815814763834827761e-01,-2.984495331929903905e-01,6.437703306498821464e-03,4.078582927925414325e-03,-2.040823957761147070e-02,-1.540528685476021120e-01,-4.202306321729508756e-04,3.913910629161889733e-03,-2.535613839719624493e-03,6.999913518778839950e-04,-6.700824960137108030e-04,-5.665879868995749553e-06,-5.389173980766721883e-04,1.681614723231416220e-04
2.652898559149502108e-02,-2.644386157711592009e-02,-8.712400321345201148e-02,6.925756856014775309e-02,-4.481793228657606765e-01,-4.064956391026753879e-01,3.945389094997074908e-01,1.554081049772879780e-02,-5.859326318180668215e-03,8.314069036440836780e-02,6.721232606295857170e-01,-1.394666256648373522e-02,-6.894462404427949276e-02,2.289723870639715636e-02,-5.311830181084613474e-03,-2.986660551501310471e-04,-2.542274537225205368e-04,2.616612870373089938e-03,3.173003209583233016e-04
4.952235969031958118e-03,-6.286262870197100068e-03,-2.190542509813144315e-02,6.158552430038142372e-02,-2.327342149247538239e-01,-4.299658967754297345e-01,3.972614039795898111e-01,1.835340203935700160e-02,1.124301490702305645e-02,-3.613400505281876701e-02,-6.022066896901093758e-01,3.722069978640980131e-02,4.650155111382835993e-01,-1.107185721401562628e-01,-6.694783371471425826e-02,1.568530942274644433e-03,1.129831038463443779e-03,3.838049561837306341e-03,-2.262557999902798257e-03
1.687006381716648316e-03,-2.214047711139778378e-03,-6.965890563454464265e-03,2.676219438195327413e-02,-9.111345143652800627e-02,-1.923141165185021095e-01,1.747717112361645564e-01,2.642878483388176949e-02,5.836337582234608218e-03,-5.953601788806156536e-02,-3.531181162022984932e-01,1.315938602008897076e-02,-7.333740256618668241e-01,1.630648040569158963e-01,4.714651202439170130e-01,-2.814360072735649226e-03,-8.423659379299749603e-03,-8.638642891146428027e-02,-2.209584623111281437e-03
4.935417152697093570e-04,-9.605575095675579749e-04,-1.919034266361891762e-03,1.207250300415896663e-02,-2.780726315760893852e-02,-6.625608799344807898e-02,5.695480259261007788e-02,7.302832546370245474e-03,1.010746031314642759e-02,-2.036263669240838750e-02,-1.427696511951108138e-01,6.322694998129346766e-03,-4.006031750032484906e-01,8.471848837621558104e-02,-7.186289230225422209e-01,5.513555714228934521e-03,2.142344651793810784e-02,5.329319561583730769e-01,4.307755667291626733e-02
1.347898334285290301e-04,-4.282216186262597615e-04,-6.165420906500002898e-04,5.359384712290669178e-03,-1.029002401846107473e-02,-2.582927986976025700e-02,2.135583657162971188e-02,1.514245402917852945e-03,4.545101071899078880e-03,-3.659764090279572259e-03,-5.540362722939261991e-02,1.803973518639111640e-03,-1.774531625405481594e-01,3.819676464130408039e-02,-5.063715243744408845e-01,-6.361299145199349019e-03,-1.606699381769982615e-02,-8.385574771642471115e-01,-5.286237742282442337e-02
-1.624696633430959531e-05,6.588221085829610516e-05,8.737030207230667427e-05,9.670740089330133774e-05,2.349509554740453069e-04,4.424600781729603896e-04,1.715784501452716465e-04,-7.790109361647210582e-04,1.358776902177413195e-03,-3.409281105067152144e-03,1.477582828230142092e-03,3.590414913239738277e-03,6.709389229905628887e-03,-5.211106474269785842e-03,3.658958507433587685e-03,-1.454192446893330833e-02,-1.221742722978887280e-01,-6.392328384250595130e-02,9.902831823418761781e-01
-2.941569150641470623e-05,2.737084292687694658e-05,5.970337097044995696e-05,1.914985770594234272e-04,1.390159741745333960e-04,2.572975978919251239e-04,-1.174663171993258772e-04,-2.432606579273398047e-04,-1.718476271954008823e-03,3.202334974461935120e-04,-3.776451332248320658e-04,-3.394510057138160845e-03,8.608920034336631135e-04,3.445672774931094005e-03,-1.184777714204592568e-02,1.421734617499889088e-02,-9.920263490359514380e-01,3.358487029886283309e-02,-1.199405743576408556e-01
3.476616274237769727e-03,1.250658047051240703e-03,1.826641626046877258e-03,1.088878780657608764e-02,3.127310141848667260e-03,5.192339016910462422e-03,-2.095074295860094304e-02,-1.793042516395304889e-02,7.439135314382729416e-03,-3.478251715092624263e-02,4.072536478768520873e-02,9.956796726241665674e-01,1.010586677133637826e-02,6.792284128225110906e-02,1.167991678960500837e-03,-4.958342191018664559e-03,-2.810511605527738974e-03,-4.602841405091572468e-04,-3.980111356297958737e-03
