-5.828562769618120774e-05,1.428122730022250752e-04,2.199183132485924610e-05,2.932847528132928702e-04,6.762191267354198320e-04,-1.465296416190485333e-03,-1.064637248412298115e-03,1.833692849079445039e-03,4.577898407386393016e-04,3.501625380852060355e-03,-1.487648767816074661e-03,-5.368274469274008243e-04,-2.250255230472361992e-02,1.051724989615677661e-02,6.660542947099183132e-03,9.993264425719597943e-01,1.063948752246541424e-02,2.341897844068370482e-02,-1.221031602942184704e-03
-1.442595443238324970e-04,4.073199528294557518e-04,-6.792507601464965869e-04,3.309484821373852304e-03,3.937122327481210157e-04,-3.744424649688361806e-03,1.300249591284039375e-03,1.376090578288312327e-02,3.688748481737515704e-03,1.307726287471579554e-02,-2.837085965066582244e-03,-1.847748598109618182e-02,1.977193563072728727e-02,-9.988355485085517182e-01,-3.218822982753989648e-02,1.097682872957667262e-02,-9.908997479114091834e-04,4.934281577094389200e-03,1.948785021719685482e-03
1.826175487315832846e-01,4.529611446141937336e-01,-2.919721985045883872e-02,-4.806577664907129566e-01,7.041633999691851442e-02,2.488308915641452776e-02,3.433886639228880266e-01,4.163595261229104394e-01,-4.182619960779798696e-01,-2.156705473380065574e-01,8.971943443087335157e-02,5.538293831467517442e-02,-7.718644339931070471e-03,-7.599837938881210319e-04,-1.009109858313118717e-02,7.156418277000974135e-04,-2.771863877263139146e-03,1.939874361711810800e-04,2.453944618219793287e-04
1.784555337867597125e-01,4.263179128549719477e-01,-3.936129386462385027e-02,-3.102552901407378827e-01,7.593631497588165802e-02,3.054619925682124440e-02,1.126434952719087973e-01,-1.263292187591710525e-01,5.470618524357340196e-01,5.758450557663383762e-01,-1.416398746085645033e-01,-4.476246939767497546e-02,-1.424807914056491591e-02,7.738031927698049706e-03,6.510750191389063496e-03,-2.565416299479759618e-03,5.322264834624215821e-04,-9.246967765602750935e-05,3.178615999347867024e-04
1.833837818799780028e-01,3.950332416645723210e-01,-1.340985033223077334e-02,-6.117201944232634331e-02,4.814776141050788882e-02,-1.777945240409726027e-02,-2.329479469693878646e-01,-5.284211315350910709e-01,2.150578378864076989e-01,-6.475347607753340062e-01,6.358900198692604699e-02,-8.352798997914060233e-03,1.857485708343492581e-02,-1.476394471532437372e-02,-3.345112196867983632e-03,3.469658091249458107e-03,3.991381360080619410e-03,-9.375425820110864367e-04,-1.350592870293686361e-03
1.783833050850412438e-01,3.577083138918334404e-01,-9.492394427458665171e-03,2.093329701739714555e-01,-3.083351853645529064e-02,-1.745137354285614811e-02,-4.535716973263203555e-01,-2.404978863655045096e-01,-6.064955913938239185e-01,4.038251445248185467e-01,-1.897672329171293595e-02,-1.147999071778365437e-02,7.651264175717724728e-03,5.412124605561862952e-04,-3.337290255394031145e-03,-1.111263950700132471e-03,-3.759273761767132922e-03,9.295241747322008623e-04,1.492364887489021439e-03
1.732193106402160343e-01,3.133657725873386091e-01,-2.495859436998451586e-02,4.619353858970235427e-01,-5.875801245408325546e-02,-8.227426442585651645e-03,-3.363075941339479513e-01,6.552536910250131852e-01,3.123354149810093627e-01,-1.172966055277787356e-01,-1.616975859568687158e-03,8.379083352192307280e-03,1.031097607660541766e-02,9.417542251469528461e-03,1.493340150329740441e-02,-1.413897968199955219e-03,2.046688439928291345e-03,-3.262451596561434129e-04,-5.501928926700804532e-04
1.367923321371106726e-01,2.241638371378553429e-01,-2.672524565914126057e-02,6.102067442595069391e-01,-1.387851410857851298e-01,-4.578260270294151613e-02,7.022080128149833511e-01,-2.023227285125222819e-01,-4.952648631561896997e-02,5.647645243400415890e-03,4.624097865236767406e-03,1.010609414047502000e-04,-7.276900969129775770e-03,2.549907008834901038e-04,-4.885367082668031109e-03,8.070668121744355075e-04,2.012211787501157461e-04,4.231053172585432843e-04,-2.518722948586415620e-04
-8.677641374912261618e-01,3.835334859092583981e-01,-3.116521692857950887e-01,4.618656024530258530e-02,-3.588210987395465835e-03,-2.208644079277585423e-02,-8.550814688889235918e-03,-2.716506405507220293e-03,-3.337199333783854617e-03,-4.989795045874034600e-03,2.450315565357757790e-03,1.264919279112726187e-04,-1.902063365047705450e-03,5.542913490176312524e-04,-3.861201497442510392e-05,-1.723780638122485848e-04,2.163416678227415862e-05,1.107877392898511880e-05,-7.636218943510571602e-06
-2.283469045427815036e-01,1.501305929933124950e-01,8.426424821960878386e-01,7.628002808975982429e-02,3.924879331296667329e-01,-2.303810385513485881e-01,2.929186548865161596e-02,1.543658518241603286e-02,4.796346754021674035e-03,1.890716077523677680e-02,2.888060179293076846e-02,6.122048336509225809e-04,-4.235051416788690459e-03,1.124717500171290791e-03,-6.478602863206774478e-05,-8.107025001414255123e-04,-1.908493551871257119e-04,1.794930483068466929e-04,-3.439063015280061195e-04
-1.216010785091985180e-01,9.854355986397583811e-02,4.103097590329952138e-01,-6.065842022063390460e-02,-5.726216815901479240e-01,6.588150326489645714e-01,-1.167501575676392969e-02,-1.220609893867370677e-02,-4.247110009174359310e-03,-4.399850037947383719e-02,-1.977825474857847765e-01,2.117374453656978078e-04,1.266248647446104048e-02,-3.145668216993837297e-03,2.393458360094593250e-03,1.524568467652313809e-03,7.648694179213684355e-05,-4.078394547446241277e-04,5.692701579251580610e-04
-2.559054823155856515e-02,3.309235991057986326e-02,1.301782627510354173e-01,-1.176872350079585378e-01,-5.499708354758480189e-01,-3.565810594870637562e-01,-3.336756862283240394e-02,-1.200887302582463387e-02,8.987315772638354572e-02,1.120969060549658614e-01,7.169882735800519047e-01,-3.399239418880886654e-02,-2.432876453527233612e-02,7.040811891364608978e-04,-1.060201548874872314e-02,-1.847016210885896084e-05,-8.463369347463918849e-04,7.675193920723003341e-04,-1.055250339468093157e-03
-5.031876530749635444e-03,1.233014858796945001e-02,5.586694746542805734e-02,-1.060337076992017569e-01,-3.959626080911646251e-01,-5.724835727056416523e-01,-1.791575905503249230e-02,9.027981210655178224e-03,-2.078836352322364217e-02,-6.919594688125979554e-02,-5.844995037056817111e-01,3.719592249687700414e-01,5.957574499376787304e-04,-8.483689585298857111e-03,1.233489035955440544e-01,-1.756749039057367307e-03,5.112454909307428616e-03,-5.607001374434403317e-04,1.300038429410350048e-03
-1.570191589710222138e-03,4.780144736590759801e-03,1.931164999029916923e-02,-4.587571063512226738e-02,-1.437595064799995770e-01,-2.216386557763037890e-01,6.059288830702880095e-03,4.637952511774576236e-02,-4.001110253498482011e-02,-6.477120458182543394e-02,-2.583307262530047943e-01,-7.562459859291340569e-01,2.935247513685706328e-02,3.252834534197824451e-02,-5.227400042481764597e-01,3.731621131394895902e-03,-7.655864111472564237e-02,1.725311296504489136e-03,-5.004632981696976492e-03
-3.427264116171412620e-04,2.105483268424056427e-03,4.565199382627476397e-03,-2.040656092177633302e-02,-3.543021113644616998e-02,-5.871302192382393814e-02,1.443486483018785807e-02,1.768465024506936378e-02,-3.570645012164895549e-02,-2.890917762214293557e-02,-6.196810413734423623e-02,-4.709880345593344120e-01,1.295833802088742354e-02,-1.338201416552102160e-02,6.751069357983399133e-01,-1.048964143132278572e-02,5.568205441271956158e-01,7.464086384961999762e-03,-1.492812272986707330e-02
-4.196910669922342872e-05,8.696083037611072094e-04,1.329247167553457634e-03,-8.616805443132268677e-03,-1.259511353066836321e-02,-2.230289266347511637e-02,8.319869161829113180e-03,6.346738752779237588e-03,-1.422814359841876979e-02,-1.815719177020985037e-02,-2.214787698116999631e-02,-2.453007047864056711e-01,7.985333434962793922e-03,-1.075531361427748550e-02,5.040646378757320800e-01,5.970408369627320903e-03,-8.262374070388992520e-01,-1.386181787009337779e-02,2.838891717896340622e-02
4.149129179015511416e-05,-3.324699607298013280e-05,-2.549170925377146997e-04,-4.008501211945692043e-05,5.412111174257146521e-04,1.593558090602792540e-03,-2.941270152127273838e-04,-2.220020325451403361e-04,-8.801765827807536517e-04,1.455834695855522326e-03,-2.510375520281738935e-04,4.547321555210680384e-03,-5.598790860890767284e-04,-1.413556167079444521e-03,7.349217429154206865e-03,-4.935780168083474945e-03,-3.367265240355090533e-02,1.725759325511823372e-01,-9.843659596858944649e-01
9.681194484881986242e-06,-2.191369230740215947e-05,-5.030661727487569337e-05,-1.929662990067529870e-04,2.309969241811570808e-04,5.936833128281418775e-04,-2.290944098585356999e-04,-2.645982163988760353e-04,1.205889008095281743e-03,-1.461742568494920876e-03,-2.820644885262831220e-04,9.215127631554474556e-04,-1.411421464387443156e-03,4.840343427012474414e-03,1.692876819342646957e-03,-2.284306479852236602e-02,-1.005693035579667376e-02,9.845745439470570126e-01,1.730798798951728723e-01
-3.260451443812411448e-03,-1.370669065017627707e-03,-1.106011672625895824e-04,-8.934972614522827816e-03,1.114407165582571510e-03,-9.380806412564845348e-03,1.963869205778705218e-02,2.890566091219326592e-03,5.597081067309846343e-03,2.240481565043731318e-02,2.674449637833122700e-02,2.956857396768046431e-02,9.982021792056330334e-01,1.967856990461672173e-02,2.919322535878491557e-03,2.216493512930800200e-02,1.754413750270356932e-03,1.924362000945404336e-03,-2.708797815628918989e-04
