-1.475929698669982217e-05,6.221523004353890528e-05,3.731109812242589988e-06,1.961048444829274393e-04,-3.233782962137338591e-04,2.591781621235774661e-04,-5.009603202571594974e-04,1.340594087280360096e-03,8.388800432405971294e-05,-2.065115827016841907e-03,7.854194775462513319e-04,-6.955232085567813680e-03,5.766664636469927448e-04,2.340781858170650105e-03,5.432916479464096338e-03,-8.538204344170016724e-02,4.282350438436898638e-02,9.845107188065329584e-01,1.467100676915517321e-01
-4.888736387380765972e-05,2.578872297556877749e-04,5.411668033726879700e-04,1.268384226153641608e-03,4.337101405868209157e-03,1.758519193854408708e-03,-2.413811532872783740e-03,7.830136435887809915e-03,-2.384737103542156240e-03,-2.395521107199660715e-02,4.025702213335894016e-03,6.326731653782453890e-02,-5.128527991693172111e-02,-9.962113098734398653e-01,-1.028477940910501806e-02,-2.354891490530371546e-03,-6.427563871892537188e-03,1.512050624414347077e-03,9.402894371277973826e-03
1.915812673240463171e-01,4.543152115419063497e-01,4.511080490292450340e-02,-4.729593922852766141e-01,-4.588849728749634649e-02,-3.687419944540160643e-01,9.764233196846762441e-02,4.157685280337587996e-01,4.230345407497919652e-01,1.763160443329866434e-01,-1.621790917932039791e-02,-4.950526688101946314e-03,-1.662103813843576403e-02,-2.988960957622022185e-03,-8.590969252153681998e-03,-4.520338756510322207e-04,-1.925354862651283141e-04,2.119916533448187813e-04,-1.564035209507954249e-03
1.856281533517918914e-01,4.277096007222557783e-01,3.974670977719442500e-02,-3.037482601649589831e-01,-2.663352269141240625e-02,-7.859832574952135831e-02,6.948010331614218327e-02,-1.438024483412677357e-01,-6.112362463538411061e-01,-5.306480521372013426e-01,1.649793775735664686e-02,-2.461471950012712739e-02,7.208409830603058378e-03,1.041423520026842423e-02,1.152013838503270111e-02,9.858164582313571917e-04,2.668815859891051349e-05,-9.503064742050230593e-04,-1.795837160268065093e-04
1.868756810594489337e-01,3.937904071905473091e-01,8.314186035182869958e-03,-6.154266999141580485e-02,-3.968276149531997643e-02,2.327399391246029181e-01,-6.736729722918238794e-02,-5.107202421987607766e-01,-1.442919167785482737e-01,6.793713859695670321e-01,-2.564195594902655279e-02,3.355817482435873023e-02,2.208699388338300831e-02,-1.860795503170266374e-02,-6.114268455286034527e-03,-3.774682874127553776e-04,1.156355009185062186e-03,1.825515725384202785e-03,2.874669349401675830e-03
1.779375289835478935e-01,3.545775429715349314e-01,1.664473673959533282e-04,1.976997662613861062e-01,-6.913918152623430187e-03,4.388818190027611310e-01,-9.511345510978963524e-02,-2.379037484308918760e-01,5.843358402202594171e-01,-4.509684596054417405e-01,-9.201863018929654081e-03,-2.359594817099418523e-03,-1.435991610835763398e-02,9.423750242386333062e-03,2.315763085266692341e-03,-1.249483704690131027e-04,-2.365047257147898790e-03,-7.730739045143637887e-04,-4.570795620735338132e-04
1.719823647961866986e-01,3.085416013826053905e-01,-1.448362569655796135e-04,4.676936754781045313e-01,2.265707114762225555e-02,3.427380767551819751e-01,-1.954278127822941039e-02,6.602707413146234883e-01,-2.837658404227678122e-01,1.357358572774785832e-01,5.423049410923502789e-02,1.541824289691261576e-02,-6.243406749549820984e-06,5.175536954196826266e-03,2.966360362620537681e-03,3.830838065102613443e-04,1.514737471566912196e-03,-7.330795901952953924e-04,-3.730112721504812655e-04
1.348518940938895350e-01,2.212223841342245145e-01,-4.480689239560299054e-03,6.299013474730853490e-01,1.105356888283512418e-01,-6.910492019293625887e-01,-4.227136786733294224e-03,-2.113961371937660982e-01,3.121548784538245164e-02,-1.783622427063695157e-02,-1.384602430160355828e-02,-1.056376561247062904e-02,1.410390310252542705e-03,-1.963135677263305300e-03,-2.069156917300887973e-03,-6.495040025544006682e-04,-8.335638029740148635e-05,2.565257190467232196e-04,-2.087160264102304330e-04
-8.557646863784489355e-01,3.902025133412483360e-01,3.344354052396658616e-01,5.601643992735372973e-02,-1.352556383935412700e-02,5.321403254999531630e-03,-1.333208965096582994e-02,-2.017807586271100177e-03,1.536844758867330187e-03,5.093963782858110766e-03,-9.245672577691844149e-04,-1.233884083189571964e-03,3.611142838274977447e-04,1.361058853801208883e-04,2.768551108268071682e-05,-2.073273597368800302e-05,6.856514196916929847e-06,-6.620128807068971033e-05,4.159866488643457558e-05
-2.516967795645417283e-01,1.520557355453254489e-01,-8.453107267627653076e-01,1.874357181956327889e-02,-4.250109379626194062e-01,-5.032874546319170139e-02,-1.170038021834905601e-01,1.831661892916535556e-02,-1.368025655304969980e-02,-1.633259294824206120e-02,-3.112417588931102111e-02,6.845851082466390073e-04,-2.877886615843019448e-03,-1.409104809518865135e-03,2.603947517049035108e-04,-1.443750698756769669e-04,2.548781793589740110e-04,-2.357956839349956211e-04,-8.309368030784410151e-05
-1.344985113091552997e-01,9.660102907553702600e-02,-4.009880628896160260e-01,-5.756289608803766972e-02,7.667020010471701230e-01,8.264523298365580861e-02,4.208917771582246781e-01,-3.546133834557638892e-02,2.513853170975060072e-02,2.492134629276585717e-02,1.845848897347872053e-01,-8.372612558881059250e-03,2.157057325054619057e-03,1.385744684085082369e-03,-1.351075261290878666e-03,2.277359595207984692e-04,-7.029371628960988947e-04,4.305760617956819669e-04,-2.431126096641835572e-04
-2.641355938001455073e-02,3.024616547564218383e-02,-9.354196357526492478e-02,-9.584667227724295857e-02,4.277609843846934545e-01,-2.276002357856464486e-02,-5.920540868060262252e-01,7.857985401986170015e-02,-4.611671429989921966e-02,-2.166194975981128312e-02,-6.599853174303035308e-01,2.030120014529419870e-02,4.061112658700324896e-02,8.660265046398673205e-04,1.332727622013787179e-03,-8.241356276443549287e-04,2.265854831566111848e-03,-1.222265696702673845e-04,2.031960038419525563e-03
-2.893146271122675611e-03,9.299285668111754305e-03,-1.774518641432720756e-02,-8.741625720346268835e-02,1.646190136409074745e-01,-6.385757604357339412e-02,-5.934107462941227151e-01,1.081867299560128684e-02,-1.187488073026589201e-02,9.810360712894972829e-03,6.293374114861631785e-01,-8.651502188072379695e-02,-4.388405058753731547e-01,2.028826617006958613e-02,1.082153834777214163e-01,2.895172154900673561e-03,-1.518329641636858565e-03,-7.974032812932500000e-04,-3.989224925036303181e-03
-7.960934517477934657e-04,3.595900702615326128e-03,-6.002312172534920477e-03,-3.949749291626008380e-02,5.930844883282029162e-02,-3.259245107046235962e-02,-2.564550059328816189e-01,1.684778043451256105e-02,1.024549574745430708e-02,-2.098491104297616275e-02,3.214790389620339472e-01,8.649821124501208547e-02,6.837209881370289732e-01,-2.212786082630957898e-02,-5.759298293076526853e-01,-1.907043951210157275e-03,-1.610870599410233264e-02,2.238248828673319521e-02,-1.263258700317495542e-01
-2.263615633560237331e-04,1.467951305038931722e-03,-2.229047541968750754e-03,-1.789459156372111281e-02,2.142635669430247719e-02,-1.890616347440544909e-02,-1.023854492189793380e-01,1.106470376890924569e-02,1.779430623250544130e-02,-3.587783664636746452e-03,1.442751437816724991e-01,5.475510940445223185e-02,4.826633890572715191e-01,-2.087809440600833094e-02,5.709049018950470566e-01,-2.804120588427415003e-02,6.437789174234943845e-02,-1.014140477251924272e-01,6.241474507643161029e-01
-5.424740999922633949e-05,6.714685624405632419e-04,-8.481783886588368810e-04,-7.648082417958958733e-03,7.847047886573045236e-03,-8.591870559986445818e-03,-4.133450494907993378e-02,4.151003404008488454e-03,1.136521842988776586e-02,2.552626099918562253e-03,6.070687361548284672e-02,3.139008087795997631e-02,2.899034562275213944e-01,-2.520169202828526772e-02,5.743206357530166173e-01,4.130028697500546381e-02,-5.471318908750678195e-02,1.144495454778395177e-01,-7.489669834013542582e-01
2.503050917449900736e-05,-2.449290971267491948e-05,1.388234675169389490e-04,-1.117659666138795126e-04,-4.688344944800908160e-05,5.083025898660271978e-04,9.920521304070594945e-04,-1.310186357450356717e-03,1.578606727460812919e-03,-1.944935883372308745e-03,1.714326129662459980e-03,-7.718679151852458117e-04,-6.039970083953726324e-03,-6.397294225378430746e-03,-1.269817266492809585e-02,-1.995286540943661258e-01,9.735521773250077615e-01,-4.455979868077573208e-02,-1.007345252494483007e-01
2.875151442031074434e-05,-2.778782640180646653e-05,8.076333181471734388e-05,-2.289080067892383587e-04,-7.253526888152420581e-05,5.636309496816033996e-04,4.594281485062317867e-04,2.038046490210360811e-04,-1.319840036279020011e-03,2.641361903394357749e-04,-1.697156667848362724e-04,-2.367466490543172850e-03,-2.654090354216204553e-03,3.006535440753092727e-03,1.149872587595903058e-02,-9.748748424202187124e-01,-2.071378657077992680e-01,-6.940688766055909398e-02,-4.170425020083059348e-02
-3.240354516212313324e-03,-1.087207828567961394e-03,-4.966746663405384194e-04,-9.450817332084190253e-03,6.763171519924501135e-03,-2.373848643769380096e-02,-2.033956247255115646e-03,-9.811662042225690900e-04,-4.014134983150480229e-03,-3.382201976314646447e-02,3.214657099939709911e-02,9.871153758376987053e-01,-1.325746614412459112e-01,7.033874038077961299e-02,1.108553364831611245e-02,-2.240976607391542870e-03,3.029479773247538118e-04,6.527302088919201446e-03,1.659696993160402593e-05
