4.329857358435522852e-05,-7.354127854612134169e-05,5.325030283891047679e-05,-1.418557705448717811e-04,-6.813735491951822612e-04,2.357263312434874859e-04,-8.089837083109441751e-04,4.184323781352826833e-04,-2.327731403783136685e-03,3.555970747954794332e-03,-5.533550660788966440e-04,-6.758297474232925414e-03,5.763044865323661836e-03,-6.470681567774443175e-04,-9.786399609202340796e-03,9.996781966952790199e-01,1.121137847786015003e-02,1.796007075960795799e-02,6.443876893599414808e-04
4.307586229069226282e-05,-2.732910958222828845e-04,-1.033353370807601080e-03,-6.351276339015472262e-04,2.680923217245380959e-03,4.461779728489860368e-03,-3.258012968097704666e-03,2.478624268385250240e-03,-5.779386142941277810e-03,8.644008741645836658e-03,2.293957753711583711e-02,-4.123552645604983136e-02,-9.697352036532984609e-01,2.386346564856142438e-01,1.425871924529320371e-02,5.593038712323808274e-03,3.684936030608652966e-03,-3.693704571364557574e-03,5.020587695695938324e-03
-2.123470469148303341e-01,-4.388640186702607027e-01,-2.160377891521731222e-02,4.913724779676618692e-01,-3.893631020110405183e-02,3.632408579948630534e-01,1.047629824394400860e-01,3.637176637106202537e-01,-4.358209858184307062e-01,-2.289594277500646979e-01,3.533338370905356185e-02,-1.219607932360868768e-05,2.437876913995386599e-03,-3.972793026120984353e-03,5.249269223719263584e-03,-2.564742611413420282e-04,-2.677051328062223391e-03,4.587842118051751279e-04,4.092091995270816566e-04
-2.079075690772225204e-01,-4.144066487217120121e-01,-3.122401072326251581e-02,3.125649814514085412e-01,-3.987907145180638602e-02,7.898924373967160240e-02,1.026915844452083865e-01,-1.468793709530484271e-01,5.177430718623408090e-01,6.121190307615126391e-01,-5.655428092297509063e-02,-1.778722744953315643e-02,3.737225802985828706e-03,1.041843974869531911e-02,-5.575407483521274341e-03,-1.067741073276869037e-03,1.400850576896333580e-03,-9.323276678923002152e-04,-1.038081486919194144e-03
-2.114448759354231322e-01,-3.809923565158955805e-01,-6.152578646333058815e-03,5.255968204939938382e-02,-4.904296058675055442e-02,-2.561984590928016448e-01,-8.519191825868507872e-02,-4.510575019100377392e-01,2.926848575095751248e-01,-6.634582563537151367e-01,4.845825893910574861e-02,1.193137901228184632e-02,-1.146968092576390423e-02,-9.731895678916096040e-03,1.908589565761953377e-03,3.310549794997944516e-03,2.811367640118065704e-03,1.165075354370971811e-03,3.840637468419706171e-04
-2.045997098064314124e-01,-3.446065251051358969e-01,-8.429717539653425878e-03,-2.137469993126725476e-01,-2.208932880683220617e-03,-4.464349595349156874e-01,-1.901615608482381259e-01,-2.564928270335958826e-01,-6.091453812860341266e-01,3.479057726875617318e-01,-9.456794791349117449e-03,1.709940174087162508e-03,6.961659536804673011e-03,9.919412836572534184e-03,-3.516266373309348808e-03,-2.648795281522800093e-03,-3.304044881385773298e-03,-1.173382146117470928e-03,9.701905854328733822e-05
-1.997171985289841467e-01,-2.999195890545002796e-01,-2.591002907616362164e-02,-4.792053804235834602e-01,-1.119546376101062703e-02,-2.865853937605166157e-01,1.128051988596061594e-01,6.888096650946815558e-01,2.546922444150769849e-01,-6.257670666725144437e-02,-3.304084977054554811e-02,2.065706887622665439e-02,-5.366993039236270073e-03,-8.608317175948166505e-03,2.147961291827899400e-03,7.484128353989076598e-04,1.115606238359856481e-03,3.059420624613325124e-04,-2.119652383923298507e-04
-1.545652652537456706e-01,-2.094029162591070359e-01,-1.488408052674054793e-02,-5.914556899291907310e-01,1.631895810750091380e-01,7.038784588573002710e-01,-7.211361694194433347e-02,-2.330548165215561296e-01,-1.820607552101278018e-02,-6.351122980686259474e-04,1.408428758954693820e-02,-8.175993787427825524e-03,5.058757529411772765e-03,1.942540215124873623e-03,4.099817621758866708e-05,-2.386396144885872552e-04,1.044136215014463461e-03,2.246925539331218885e-04,5.835729866292624227e-04
8.318041369053565948e-01,-4.461319518215980384e-01,-3.242770485344058096e-01,-5.563362544407032817e-02,-2.495817715923853708e-02,7.501926858391112817e-05,-1.200024281552548346e-02,-2.240824080671618892e-03,-1.858817423865292929e-03,-6.297189047509138028e-03,-2.821581700622807364e-04,-1.430472851268173914e-03,4.862710583946375752e-04,-1.403028587475991260e-04,1.080307192886279752e-04,-7.964146151824415905e-05,8.082835217224728947e-06,3.776640704232794122e-05,1.556155299189323907e-05
2.359946820638308684e-01,-1.669811191670461104e-01,8.756986585005273049e-01,-5.896134886829998423e-02,-3.706586051309974650e-01,5.478504122749355137e-02,-6.704451222100224483e-02,1.463642247151400455e-02,1.010590901001287220e-02,1.876239254991704172e-02,2.255540073411532037e-02,-5.938781025957971631e-03,-8.188258293307104912e-05,1.537609628257576282e-03,-2.602189266597861169e-04,-4.763945860528393883e-04,5.051288544646997665e-05,2.272753755834013768e-05,1.619475850220494128e-05
1.155562020192204414e-01,-1.003786748831222847e-01,3.477613642535150040e-01,6.402691899796962571e-02,8.413358983800375279e-01,-1.163364403215747245e-01,3.242742367392711933e-01,-4.153365912950874456e-02,-2.547897889792705151e-02,-2.894487898567406348e-02,-1.443387057654275107e-01,2.279478828028713711e-02,-8.882113989427464079e-03,-1.879903197412398363e-02,7.521239800723051542e-04,1.032335569875209198e-03,-2.793562875495133073e-04,-3.442647977055191487e-04,1.184025338272838866e-04
1.932790663963917729e-02,-2.897718657374847781e-02,6.549971057677884956e-02,1.097551433212821670e-01,3.290550102017070211e-01,-5.471523568576113980e-03,-6.301127363405104598e-01,1.732771195628607652e-01,1.210538127818828052e-01,5.440719459578910455e-02,6.314339221261503488e-01,-8.346913502591951639e-02,5.682943648936408104e-02,1.433450550163457571e-01,-2.210281438655821115e-04,-7.678101368018170085e-04,2.226199616905587264e-03,1.767559422604148868e-03,-1.481482257369442113e-04
2.218604153042337806e-03,-9.977888622174736072e-03,1.605353266975378251e-02,8.707301422385391176e-02,1.070388363574353713e-01,4.098428251261735517e-02,-5.520194191338710921e-01,1.094149089369223227e-01,5.907022960780466958e-02,-1.457512589886408513e-02,-5.076126607409047198e-01,5.126581352224914012e-02,-1.604567434517305824e-01,-5.940371728643726312e-01,-1.377325048574804811e-01,-7.774274881889073991e-04,-2.444282648119225354e-02,4.549512251405291030e-03,-2.441072587637732171e-03
4.905433708079692595e-04,-4.170640418575008619e-03,7.264657909950207951e-03,4.417793856006925479e-02,4.221942562702324375e-02,2.302543760634362044e-02,-2.867954598533907218e-01,5.455748680532228334e-02,2.997170008704155147e-02,-3.314446954833231290e-02,-4.529885242631435660e-01,4.325374265948737917e-02,1.213314179649999242e-01,5.001204046652781843e-01,6.591891513546129788e-01,6.413647524950966995e-03,2.602521619384613738e-02,-3.503572628272727529e-02,7.261367865485698209e-03
1.070451786845463962e-04,-1.989720620872913355e-03,3.113719544704475137e-03,2.204499555919981965e-02,1.666694086495265972e-02,1.369001961831060009e-02,-1.349066025293143845e-01,3.051904516167337073e-02,9.257985507553662119e-03,-3.077378685036123024e-02,-2.702674237455773287e-01,3.295022552777503860e-02,1.021272328387158451e-01,4.776993043508352965e-01,-6.529960174816517027e-01,-1.258139750577636981e-02,4.885748160187640687e-01,2.909700849298195793e-02,5.807040246183169628e-04
2.974560540587786864e-05,-8.884884187728329203e-04,1.593817362769320853e-03,1.017127529827717772e-02,8.240451778130642585e-03,7.667192379513718820e-03,-7.016076759690802189e-02,1.487046552032089165e-02,1.042433007533680525e-02,-1.931267968509170832e-02,-1.487294178930885225e-01,2.139281940608222035e-02,6.116184138612607707e-02,3.007314534833406827e-01,-3.412165308975598221e-01,5.692766237017398909e-03,-8.713849811012618352e-01,3.822511062525126707e-02,-1.220123248183021571e-02
-2.073456077029900630e-05,2.337631601869701452e-05,5.663391769934987111e-06,4.250812139091130024e-05,-8.034665946366205641e-05,-5.098743092530887448e-04,1.957333549811399328e-04,-5.739746600937737937e-04,-4.261354304970096343e-04,2.397813839934572790e-03,-1.071312467858518032e-03,4.999901905431001397e-04,-3.580496335670086197e-03,-4.814090022057664758e-03,5.458190239238112917e-02,-1.753781101178145466e-02,1.844939465843561596e-02,9.906368922559380952e-01,1.223415196618780343e-01
-1.942963432592332708e-05,-6.017573178795572835e-06,-5.389879173321689474e-05,3.338013827958827176e-04,-1.048668079451403108e-04,-4.031667773810287936e-04,6.464064252397181711e-05,3.346978610971229791e-04,8.529559457367997134e-04,4.664330444483559502e-04,-1.186249444756944522e-04,-4.438332671978151636e-03,4.935996302629588710e-03,-2.324069156974226374e-03,-1.581399870396435481e-02,1.478896908614321746e-03,-1.356302325647480017e-02,-1.213962265915280031e-01,9.923587572422150060e-01
3.495898977937522949e-03,1.256430533533283095e-03,9.135368160300853585e-04,1.037970822239678292e-02,-4.416214258092071815e-04,1.602812048233237530e-02,-1.375363352859579509e-02,-6.668814925565547287e-03,7.040514771368681056e-03,2.902383575547444472e-02,1.149449960331064280e-01,9.918227286594420988e-01,-3.663020708050259561e-02,9.433474225697078067e-03,7.654576112372739327e-03,6.952213993608857140e-03,3.028165948267727125e-03,-1.448569458714334341e-03,4.616321492764511973e-03
