-1.545417986657528933e-05,6.185947084875162200e-05,-1.130488914450359960e-05,2.527844788723107128e-04,-4.415893411068205678e-04,1.784588259976187914e-04,5.176435269897552505e-04,-1.425366647209588182e-03,-4.769572170250692693e-04,-2.465205695792727081e-03,4.545278856470381088e-04,-6.296507901071795969e-03,-9.801015141120795820e-05,-3.870097359798527203e-03,8.718498779773158026e-04,-9.953516610853402335e-01,-8.543283729352459110e-02,4.371638290959932449e-02,-8.244202566873860523e-04
-3.041201791648651359e-04,4.083091625858678748e-04,-5.569570087968181600e-04,9.776008143262682193e-04,5.780229833359857477e-04,-7.564284697796093805e-04,3.904070918993358778e-03,-2.537378571187863465e-04,-1.476363217241006068e-03,-1.320924739583746385e-02,-4.622120581102350662e-03,-1.151305902265615383e-02,2.063443409261752487e-02,9.995679098127604467e-01,-5.197322539758437478e-03,-3.695913619573020382e-03,-3.899558482080617630e-03,-5.519330707853302258e-03,1.885827760485649790e-03
1.821957314278411511e-01,4.432328665291259684e-01,-4.582142603743410980e-02,-4.852065050257958201e-01,1.368762746624511278e-03,-3.527709050429947979e-01,-3.390727812585430517e-02,-4.048638618616870466e-01,-4.519183950094363689e-01,1.854314591850845517e-01,-4.329613681419535592e-02,8.977392479452124541e-03,-5.211024295084479285e-02,2.837134564325574822e-03,2.264214997166648098e-04,1.118355876012418226e-04,-6.137222623843195972e-04,-2.914891471005461813e-04,4.060514333287245335e-03
1.775327282291021547e-01,4.230115349705107497e-01,-4.550340526669226227e-02,-3.295611045817730123e-01,-1.074422621420777386e-02,-8.232142323755343993e-02,-5.473075384461863896e-02,1.466679742455166968e-01,5.315359482428857474e-01,-6.015118643218905214e-01,-2.043997231896053576e-02,-3.007514908532938139e-02,4.141570513464324504e-02,-8.072162590435331617e-03,6.857050830799125193e-04,1.036277886334999480e-03,9.376742235859789358e-04,-4.943724170969138404e-04,-3.271474089115529969e-03
1.814195445970588627e-01,3.960468940644787383e-01,-1.674700111843908240e-02,-8.465699619970669387e-02,-4.294615903542556984e-02,2.149942940316590667e-01,1.162536176054834378e-02,4.309187418660115343e-01,2.767906877439251789e-01,6.965251253790755159e-01,8.278756412707141688e-02,1.137801672650212530e-02,5.499055148347551346e-03,1.022930446062904862e-02,-1.579438921312474294e-03,-2.484030242150020006e-03,7.372279234921627535e-04,1.461843081211527300e-03,-1.925713475974537032e-03
1.759057802910475865e-01,3.612566050133764750e-01,-1.254383337346068501e-02,2.212994277031031243e-01,-2.732054530526777797e-02,4.507884596689842316e-01,8.048450604324398905e-02,3.311703697699285853e-01,-5.990886615781249036e-01,-3.287950623030084230e-01,-4.193278713980242572e-02,5.607929152765573841e-03,2.156462330821264095e-02,-5.997352336846639188e-03,1.637286806581240766e-03,8.183284386028571609e-04,-9.006351153511888861e-04,-1.458608200756849422e-03,1.142386293698511050e-03
1.722601804270041947e-01,3.230122348594466342e-01,-1.177549651252644825e-02,4.624584533976834888e-01,-1.562756996203347112e-02,3.276921361655021347e-01,2.735552948654841610e-02,-6.861451793995542170e-01,2.631789333857614266e-01,4.037298613641928519e-02,3.451188389876366780e-02,2.228411833709449327e-02,-1.512973595995672701e-02,1.094340358339620416e-03,-6.072718966381046319e-04,8.940571866569267537e-04,-6.675954038877252332e-05,1.031982248747527432e-03,-1.690515131260412552e-04
1.336990559882927088e-01,2.335237147324687179e-01,-9.167815770729137361e-04,6.157380179767203421e-01,7.393308579072398190e-02,-7.043241455560134145e-01,-3.259900996199954770e-02,2.132303076433482991e-01,-1.442464573655677373e-02,4.443020131502886487e-03,-6.041416837463071954e-03,-1.105722355594851609e-02,-1.739154410619267726e-04,-1.173011326864105723e-03,-6.557936860882119601e-04,-2.299953308995472472e-04,-3.127073942749548203e-04,-2.581917552014033747e-04,4.149892867154799514e-05
-8.655941747614853687e-01,3.772125710798894804e-01,-3.248496643422822960e-01,4.961852351023735702e-02,-1.926604129347620625e-02,2.736656547587365713e-03,6.454785721108022463e-03,1.386926650609697541e-03,-5.430576183228344499e-04,6.516202319125640428e-03,-6.015902907972177317e-04,-1.515046654843641696e-03,-2.379239963712542121e-04,-5.876225286893440323e-04,1.488095789368634736e-04,5.998034711900899736e-05,-5.453564069968489605e-06,1.042516918231081107e-06,-1.780229812281477155e-05
-2.399704549190654623e-01,1.575382232857080178e-01,8.489383695272323394e-01,-8.192100417948491690e-04,-4.289703873439508763e-01,-4.759334284957685707e-02,9.716449196592384652e-02,-9.773393264415676865e-03,7.248191329270168605e-03,-1.349195755127515287e-02,-2.905866936923286181e-02,-1.066181568740601302e-03,-1.180988104587234926e-03,-1.211710931721328465e-04,1.206811901084508512e-04,2.920751768089501692e-04,-1.092869011953512645e-04,1.981655158134390646e-04,1.126392661611134028e-04
-1.278640596688359055e-01,1.019576522064712804e-01,4.011698699007568703e-01,-2.423031145437038944e-02,7.968758924455974224e-01,8.803002351219572919e-02,-3.711526957179128727e-01,1.417662255071266931e-03,-2.364200837282054782e-02,-2.162643188135543286e-03,1.750348509695768551e-01,1.418990186710033683e-03,7.659852379063378106e-04,1.950702981712425016e-03,-2.541568395735908578e-03,-4.830051323817599065e-04,2.836393627933475888e-05,-5.225178339637036621e-04,2.185071782551326329e-04
-2.595628331180802051e-02,2.879605665198340519e-02,8.944271588862333366e-02,-3.212947280896204238e-02,3.966161706564623191e-01,-9.648444796118409855e-03,6.727385164085734059e-01,-2.121905715646245274e-03,7.735720137285229114e-02,4.772159603499839808e-02,-6.082260908060311833e-01,-1.017875111062714784e-02,3.134177087835545578e-02,-5.554747379892183319e-03,1.266447443373897724e-02,-3.232050650464567528e-05,-3.757848699316870085e-04,2.390297162377248361e-03,-1.477977230471577696e-03
-2.895887395758824784e-03,6.051389127360718226e-03,9.501123163702336616e-03,-4.497625485679109664e-02,1.178203996780052831e-01,-5.883954444296191078e-02,5.895119154052801402e-01,2.100842659665760719e-03,-5.061272400247067600e-03,-7.355647085837394017e-02,7.096362750280561515e-01,1.824577649773721777e-02,-3.506273330526492038e-01,7.512671698939400559e-03,2.482477339191283341e-02,5.190937839192501365e-04,9.598396987980548859e-04,-1.129987238295954632e-03,-1.408252010849135420e-03
-5.600668283396363720e-04,1.950782124256070357e-03,9.475197639856802398e-04,-2.137217988681076875e-02,2.855221883319164142e-02,-3.614354748034112608e-02,1.757888375732521158e-01,-4.069966378311476451e-02,-3.025825230075781733e-02,8.962314660000475150e-03,2.392512495941374051e-01,-2.827249042317940900e-02,7.537107973968462105e-01,-1.869250679886994698e-02,-5.747532169576604621e-01,-6.408399514177588480e-04,-4.291821596624622454e-03,-1.917722550690784469e-02,8.163845821070769837e-02
-1.164616398411554498e-04,8.734218076896924565e-04,2.223095649033417036e-04,-1.166835173606391336e-02,1.165379987215472112e-02,-2.202719394892286783e-02,8.428979160400801307e-02,-2.692129436793823036e-02,-2.163007435699966161e-02,9.104928611718269768e-03,1.395653842574665626e-01,-1.190306400647162671e-02,4.778029954722155526e-01,-4.912030602074884261e-03,6.321566579936781505e-01,2.613607915748770646e-03,8.725413518413117561e-03,4.908908912845378475e-02,-5.837867571678815315e-01
-1.007978767687302268e-05,4.334005963803203628e-04,4.207076988451912113e-05,-5.745332472634900531e-03,6.202659834184142025e-03,-1.095839707405521848e-02,4.549333883034714643e-02,-1.240680361769467416e-02,-6.380605745329764183e-03,4.610335429748713305e-03,7.726240196138549343e-02,-7.501149072454978139e-03,2.695696166048517362e-01,-4.417070235560533256e-03,5.179128527929770520e-01,-2.666601432325290256e-04,-9.462999168812520970e-03,-2.197246980313765849e-02,8.062279673496778321e-01
2.099388909868050618e-05,-3.284846975647875977e-05,-1.944844072765589712e-04,-2.483843316527740226e-04,-1.301459530682886722e-04,-1.782247238595608806e-04,-9.423564203563506271e-04,1.036266659611294501e-03,-9.154693433755100185e-04,-2.051346624755266083e-03,1.550617336689051650e-03,1.674030271177853356e-03,-3.678381731776221315e-03,4.662895866627572022e-03,-2.955580137915930078e-02,6.014140860524604809e-02,-2.022778812601031817e-01,9.759979398703083620e-01,4.442418355012439646e-02
2.732229262954655093e-05,-2.293570043205113827e-05,-8.145327247683966927e-05,-4.240318851013530560e-04,-3.824257921380184403e-05,2.368817598976955333e-04,-1.163455458941703603e-04,2.827950147726329515e-04,1.678218501372890237e-03,8.540503145865205401e-04,2.128970457585492712e-04,-4.567578115151585405e-03,-1.453554438239720468e-03,-4.579445825021340871e-03,9.274762540871275482e-03,7.477425322236350147e-02,-9.754787820653653130e-01,-2.054432361825189735e-01,-2.256402951744188035e-02
-3.330974378916275961e-03,-1.556317801213933294e-03,1.602542429469093900e-04,-9.519467951345986570e-03,2.743267563572201681e-03,-1.997586329169651065e-02,2.004031526780498213e-04,1.731604830046614557e-02,1.400159967597869141e-02,-2.466650472071435854e-02,-1.225561914503360897e-02,9.982985690795227463e-01,3.789853909129971277e-02,1.026661923911008703e-02,-5.097760382805195320e-03,-6.045569291096629209e-03,-4.789494558914718370e-03,-2.488095675930708170e-03,1.143264284025585775e-03
