1.094595764845057621e-05,-6.133937058801862256e-05,-3.070649161042451397e-06,-2.235067807937942005e-04,-2.378398529225559310e-04,5.320940066634165548e-04,1.162831316527723405e-04,1.116574917635999474e-03,4.751125796394840080e-04,-2.261539397178392516e-03,-5.192183405899511005e-04,2.761841329136226642e-03,-6.596787687366332913e-03,4.837277120804712657e-03,2.984372065350205175e-03,8.747845681367885651e-02,-4.828274133872166585e-02,-9.935522516260043568e-01,5.272101089010849256e-02
1.438134535924115833e-04,-3.646763396310499306e-04,-7.882569133503161240e-05,-3.365272377195570232e-03,-1.338582226667442464e-04,2.452547517096772319e-03,-7.469574253980318206e-04,4.892924497949510503e-03,1.092728902480602157e-02,-2.111576663376043758e-02,-4.590216068826101330e-03,-2.215460248609337976e-02,-4.003777922235102898e-02,-9.985938769779995061e-01,-6.580156431876362129e-03,3.888170805542999747e-03,8.666393078389215575e-04,-4.131501150324338144e-03,3.437172403032584360e-03
-2.444962964037346309e-01,-4.303302293943799262e-01,4.343852687734088558e-02,5.073218628347537784e-01,-5.499061281591766104e-02,-1.922051667614037632e-02,-3.382816772269018890e-01,4.203297696898073421e-01,3.846088840720633950e-01,2.284595798815320378e-01,2.102952577552261518e-02,-1.737374057058784990e-02,-1.932161252920468891e-02,1.160263944735854353e-03,-5.598150105439118028e-03,8.917624960985529080e-04,-1.121184778263679092e-03,1.819581840913528880e-04,-3.400264586465013119e-04
-2.356451633750712982e-01,-4.021613855044403607e-01,4.037650251624210623e-02,2.997300330283560466e-01,-3.086776073701331252e-02,-4.580115681207879569e-02,-6.553593646907610037e-02,-1.737367818323615754e-01,-4.909057889537582486e-01,-6.412956748219956760e-01,-3.306970426384066991e-02,1.753332184267600985e-02,-5.745076834016146078e-03,6.345037367160547177e-03,1.547106499582729267e-03,-1.984966598569593964e-03,2.261110639825804954e-03,7.038118367593085853e-04,-2.088895619339048697e-03
-2.356445842072612540e-01,-3.662023843872036499e-01,1.370484495627836800e-02,4.191142393257404203e-02,-2.282695982784531050e-02,-1.569536480683568751e-03,2.344747419293825019e-01,-4.701330176886734935e-01,-2.953444524437258134e-01,6.651673326287433907e-01,3.180357587902831601e-02,-3.631421469207465110e-03,2.680210751521461959e-02,-2.091021678633647046e-02,-3.885118078396218241e-03,5.918367893709922806e-04,-1.672737246889330256e-03,-2.105623870290971710e-03,4.148977370309172089e-03
-2.240659675843515442e-01,-3.279935227843294165e-01,-3.065104643669213768e-03,-2.290170135232286186e-01,2.761502653002333857e-02,4.362133409144443308e-02,4.347897440066929020e-01,-2.729459877145039570e-01,6.589421331742864041e-01,-2.967258877214902779e-01,-2.741322927883031030e-02,1.452433876632681226e-02,1.298312759295413947e-02,1.203642550969374371e-02,4.286627282220686376e-03,7.415059644390269546e-04,1.148714052029618793e-03,8.008143336096115684e-04,-1.306822727405916335e-03
-2.138280213699612076e-01,-2.829038331869672129e-01,-6.882228923550483268e-03,-4.833484340748587793e-01,1.455621057976549775e-02,6.716897497757978730e-02,3.080359680009795986e-01,6.724919852369355411e-01,-2.948342591141459579e-01,3.575962292568447137e-02,-2.230091091212026231e-03,-2.123779133743567207e-02,-2.773859819967612952e-03,1.490182035453245643e-03,6.422144791832100179e-03,-4.471364438310248797e-04,-7.155570201093247075e-04,6.743512686028415833e-04,-6.393262340044950998e-04
-1.650077987455914608e-01,-1.962852428790873571e-01,-9.352387529667709198e-03,-5.895245481868417459e-01,8.118536686742110209e-02,-3.303532025473326916e-02,-7.316846581831260021e-01,-2.043439687910215130e-01,4.061604590427959210e-02,5.096653750530790762e-03,5.562258419961860906e-03,8.360946052119545835e-03,-5.490931496893099693e-03,1.855123827607714753e-03,-2.467215194573333607e-03,4.102220173655665757e-04,1.205874621606986568e-04,-8.784018565335081907e-05,4.735280659916167633e-04
8.031319965531400484e-01,-5.011249417959846575e-01,3.148581488747580481e-01,-6.448958458280490413e-02,1.102174522661227181e-02,1.967698079399515798e-02,2.115949302771918863e-03,-1.282910026686841058e-03,1.662881912927154831e-03,5.687565258060927123e-03,2.190717740628236269e-03,1.173026936210235177e-03,-1.385441832590527831e-03,4.484357558462329996e-04,-1.687546908623082699e-04,2.454170779813615264e-05,-1.824083734162469585e-05,6.388275518561693106e-05,-5.764651263152787137e-07
2.152289759253322721e-01,-1.697231993027536745e-01,-8.210698737282666748e-01,-1.030695079269985590e-02,-4.334566010490770172e-01,2.451750562784899001e-01,-3.875956435595325628e-02,-1.706079836827226540e-02,-4.154304614505687811e-03,-1.526076693222970689e-02,2.383558548387454748e-02,1.612254011869116560e-04,-1.681662344976462653e-04,9.638660653285266227e-04,4.504310847368172242e-04,-9.140280957916239253e-05,-4.304604759396649799e-04,2.643305078651741894e-04,-1.037653221030348843e-04
1.184003702367004696e-01,-1.078029373884465958e-01,-4.436671342477060409e-01,3.713378713466591874e-02,5.514605862349513110e-01,-6.560305799529075887e-01,5.620728390045365286e-02,4.078851011842862112e-02,1.425668568822595740e-03,2.573032597693175258e-02,-1.900406722052088992e-01,-2.495850850993663970e-03,-6.184982882359354311e-03,-9.277585797710301112e-04,2.640045895706490467e-03,-5.365443672746931120e-05,7.504890810739101893e-04,-3.894963975614588775e-04,5.053225993285601124e-05
2.461209101831374896e-02,-3.345661157659153562e-02,-1.469856708062398654e-01,7.221012302653173620e-02,5.462722804107007502e-01,3.568351829271427245e-01,-2.664383305995296578e-03,-4.479130572862267609e-03,-1.772011798108774627e-02,-3.799729223983133730e-02,7.366518515915162491e-01,2.128763822291940278e-02,2.376894672711228618e-02,-3.528287653470298449e-03,-1.529469843310294307e-02,1.580118907329310356e-03,-1.763162300804988966e-03,-2.005380429302624232e-04,3.450596092147295574e-05
4.934451403309685416e-03,-1.180532435741428986e-02,-6.201546997908171516e-02,7.299513599513618445e-02,4.145247274594568987e-01,5.660586018349272885e-01,-3.649599307652835745e-02,-2.587885708288716058e-02,-2.274274519588817198e-02,2.653712316413186015e-02,-5.837682660050798056e-01,-3.353618150761354944e-01,-1.856132884566304153e-01,1.720209874352184726e-02,8.461118591516970933e-02,-1.778354253902399542e-03,6.043001600393222870e-04,1.084011063623350904e-03,4.578925781788205536e-03
1.584800029296720789e-03,-4.379589188770231789e-03,-2.314125203901358160e-02,3.098915249785066939e-02,1.542423006833854859e-01,2.189069518196677666e-01,-1.992830346643090222e-02,2.690074918544324567e-02,-8.998821366968405913e-03,2.273951693705984767e-02,-2.695198910497556000e-01,7.185805530409296038e-01,3.891583788779076070e-01,-2.776276527270720579e-02,-4.224132285492722128e-01,2.887351783375724772e-03,-5.177242827815745942e-03,-5.177142123413073192e-03,-7.310124928745109774e-02
3.167294189580755577e-04,-1.650115157203670396e-03,-5.458460579350348126e-03,1.340986088018761464e-02,4.008112516181235041e-02,5.587159875814940585e-02,-1.153039008491493420e-02,1.191719250712831510e-02,-1.019031054690154202e-03,1.111776356890468477e-02,-5.864411442049378975e-02,3.595653843833956920e-01,1.591254620200160674e-01,-1.747871596193917992e-02,7.536708201587801748e-01,-7.875830104836299261e-04,1.151212664029267578e-02,2.896225088960544328e-02,5.170254641465619194e-01
3.112159205226622402e-05,-6.945468256546362277e-04,-1.637151263752472221e-03,5.555710512967496767e-03,1.339861900312710671e-02,1.811100938340124214e-02,-5.494097066595086953e-03,2.703289678217064753e-03,-1.007061554922775767e-03,9.711931602980523187e-03,-1.547140122136348231e-02,1.516091679549207427e-01,6.813580718803276259e-02,-1.222031674489896906e-02,4.949422556005369511e-01,-2.773548687039236946e-03,-1.603395997750410584e-03,-4.393982660564191289e-02,-8.511170739187453593e-01
-4.629471971928329695e-05,5.608681760830610256e-05,3.318837907016599568e-04,5.985835477744152350e-05,-4.917820583995234597e-04,-1.535458965050882267e-03,3.014516072107211548e-05,-9.089372944910438165e-04,-3.621931922636590609e-04,-3.215502159590721571e-03,-1.505669314148068731e-03,-1.264874878610091615e-03,1.169345744432649442e-03,-4.380295676529208067e-04,1.049072507812445591e-02,1.769881132014212433e-01,-9.820860233231137881e-01,6.354070962675713308e-02,3.915492545980120941e-03
-1.061646707704528558e-05,2.482277381849384420e-05,5.152285605264873613e-05,2.630700313173914024e-04,-4.568247704539404896e-04,6.716120432403057110e-05,2.099333205801589739e-04,5.318295082365215326e-05,-1.846443855186573812e-03,-6.199291119232428838e-04,-1.236921074957719486e-03,2.905989952423883782e-04,-4.922730519348997129e-03,3.811699030963594526e-03,1.161348899818556235e-03,9.802842246971956719e-01,1.816357905005803464e-01,7.715673857208497910e-02,-7.229403676505203984e-03
3.618058807088883524e-03,9.048992324068067146e-04,2.179998981735069752e-04,6.859876333918001751e-03,-5.822563194308622578e-04,-4.263545627302606222e-03,-2.086720337051612903e-02,8.168838092488419148e-03,4.246690116264686260e-03,-2.180574279853512293e-02,-1.381861115785306543e-02,-4.653885966775179184e-01,8.834770319648727055e-01,-2.463338135763176381e-02,3.001997343807457155e-02,4.703600105536599914e-03,2.523455857080924430e-03,-6.514593267577990961e-03,6.055891029110661676e-03
