-5.290591808243181021e-05,1.437639996392612728e-04,-2.224422731222503501e-05,-2.843266423328750961e-04,5.713953215123036920e-04,-1.471816528397285485e-03,-7.596693271070722574e-04,-1.952720653814708123e-03,-1.178735712055448224e-03,2.961699905866790362e-03,1.543681416832004332e-04,-6.815261173708711019e-03,-2.020746844803148964e-02,-6.632750619760065941e-03,-6.412693670351536125e-03,-9.993146412948249457e-01,-1.409270352782721406e-02,2.478636276444228653e-02,-4.487380983456378523e-04
-1.505931276140858022e-04,3.258765414190008410e-04,-1.194409672607957837e-03,-1.008149636023580008e-03,-9.939840782078931264e-04,-2.400610870746358767e-03,-3.704636055349101471e-03,-1.796826062955542754e-03,5.615522657403485343e-03,-9.046616850545638206e-04,-1.779010493094722659e-02,-3.686327461712511633e-02,6.777760934077926847e-02,9.965018164271729484e-01,-2.405674331938918720e-02,-7.587089906952700427e-03,3.938602324835346370e-03,2.015738803291481935e-03,6.647152101175153680e-04
2.013784349288135211e-01,4.495369946521610149e-01,-4.790064443632179036e-02,4.742452567008669240e-01,8.626862436523269340e-02,3.398330903273162618e-02,3.942464125320763180e-01,-4.582900821013229375e-01,3.441589951495653277e-01,-1.924065854778260476e-01,-1.724310581811010906e-02,1.461553755479200190e-02,-1.030767511670551383e-02,2.354976151823246288e-05,3.502513722303197356e-03,-3.175362148502238651e-04,-2.623147826548370698e-03,9.239138409500952066e-04,-9.363113747246675834e-05
1.946268516770190693e-01,4.214422705240952194e-01,-4.557493502868487090e-02,3.010882919124184820e-01,6.344768632977033918e-02,2.816219023884802830e-02,6.643899960016878825e-02,2.391191375796812846e-01,-5.415624136561040247e-01,5.754069910290686707e-01,-2.830866561051553418e-02,-7.888488821362530865e-03,-8.036106303827752345e-03,4.250122451392806221e-03,-7.543626777367583823e-04,1.876716847513999146e-03,5.437964307889719788e-03,-8.693414408170021873e-04,1.011735190888452549e-03
1.970678348337861485e-01,3.888603880605051022e-01,-1.583244196254910210e-02,6.415656663904080459e-02,4.238953377301792058e-02,-1.816387142912417180e-02,-2.670718956740773531e-01,5.064014845621672700e-01,-1.171050228211041183e-01,-6.764800662146254195e-01,6.395760296904978714e-02,1.558937636315873079e-03,1.443116457187255258e-02,2.428580079813811925e-04,4.824416178161537380e-03,-2.865856108152698995e-03,-3.690226976454006637e-03,-7.576390528284727716e-04,-1.614608334839469318e-03
1.900208534034661945e-01,3.490518438687587599e-01,-1.072477567736331537e-02,-2.061408193233428554e-01,-2.706283763445096330e-02,-3.477205220978017014e-02,-4.656896496895344129e-01,1.190740875137682037e-01,6.392302544332622016e-01,3.970092491244720523e-01,-1.256739080558489340e-02,-4.897845318851034614e-03,-1.221520084249690585e-03,-5.567775575634208336e-03,-2.793827272208429437e-03,7.727418283923061064e-04,1.623424023425632358e-03,2.588667660370707561e-04,1.287940233397708717e-03
1.840192705325859879e-01,3.008717343706165392e-01,-1.516830595843380626e-02,-4.750018784471640165e-01,-6.779909548400808728e-02,-5.907299286265501291e-03,-2.851279083333655429e-01,-6.263676369329268523e-01,-3.987557686647602573e-01,-1.095076001119556636e-01,-3.884478272839491687e-03,-2.441922170953541270e-03,2.041305466408736835e-02,-2.392584936760577211e-03,-6.798720549257371640e-03,1.398991466566557994e-03,-4.687297533003661272e-04,1.561197677677499303e-04,-5.660839552298843353e-04
1.478756178851665937e-01,2.142619154614396060e-01,-1.337260865895159405e-02,-6.081684530593493010e-01,-1.352715173777536972e-01,-4.243078989368714860e-02,6.843900464301428954e-01,2.598332371273933128e-01,7.700322947219227776e-02,1.281267062555561248e-02,4.361391719687624652e-03,7.411103056462844431e-04,-6.984630413131432194e-03,2.312034357135486686e-03,2.551087239419633484e-03,-7.729145643723718409e-04,-6.480403028564853422e-04,4.893525356443647733e-04,-9.410381376014829947e-05
-8.431299094843206499e-01,4.060970750236705396e-01,-3.466979776707911909e-01,-5.657228759814075109e-02,-6.538810249970378533e-03,-2.628150202949915137e-02,-5.759758894437979650e-03,1.804340575784231905e-03,2.326154001870667665e-03,-6.095818603900143677e-03,-1.688859512576077306e-03,-2.747771317435097936e-04,-1.062677719664281879e-03,-8.060053136927818659e-04,1.324931966336207969e-05,1.703828531904732233e-04,-1.356139820273895358e-05,-2.315112374417808178e-06,4.447351058799104537e-06
-2.491885355181306383e-01,1.777820859029485556e-01,8.339037185502632399e-01,-5.871858707295442292e-02,3.853981758217888132e-01,-2.374816175340725144e-01,2.957026714431010631e-02,-1.278112494850366411e-02,-8.715575358859991781e-03,1.192304231595250029e-02,-3.555883918555158979e-02,1.820837300155053870e-03,-1.320299389854678526e-03,3.346067038815061286e-04,1.514332733080926273e-04,6.644958263443872040e-04,-3.606113353841890152e-05,1.249808126312197340e-04,-2.927919962897120617e-04
-1.300774638310379372e-01,1.118049110303846461e-01,3.941320423037010245e-01,6.004167618240864590e-02,-5.301070861818198976e-01,6.931652539186263784e-01,-1.388479918568122362e-02,9.867730165165481890e-03,9.152707680904807741e-03,3.413332692260189535e-03,2.228581896287394060e-01,-7.521902370485130003e-03,2.704727419863076684e-03,5.034069050399977985e-03,-2.704483768534226098e-04,-1.349763075225566362e-03,3.929831009559933089e-04,-2.862922855778543356e-04,3.611302751621833828e-04
-3.054778554682491959e-02,3.902275007491801118e-02,1.388150441301279625e-01,1.192337189480429938e-01,-5.681533936848049970e-01,-2.981115153951386376e-01,-2.651911529858956909e-02,1.690142678858113853e-02,-1.797039102540454181e-02,-4.988823412718346867e-02,-7.402647391361614204e-01,-1.600212668307916461e-02,-7.426611660151563252e-03,-1.410646334817740669e-02,8.997692821949234213e-03,1.826749615674503040e-04,-1.745522822926709851e-03,1.289939479380471012e-03,-7.162818264198471960e-04
-7.663261060638035596e-03,1.515616928872657969e-02,6.288913553292149738e-02,1.179928500479319742e-01,-4.193619356729845205e-01,-5.465783977275531225e-01,-3.851316150464724475e-03,-3.359412333651620730e-02,-1.939289285961173087e-02,3.426280099174018601e-02,5.616257549121095316e-01,3.603383636721955163e-01,-1.108989639872439703e-01,2.418262399180037825e-02,-2.146298840796800889e-01,1.517920027591062974e-03,1.729844847968195834e-02,-2.074685927806386564e-03,2.443992652843999212e-03
-2.817272121438790019e-03,6.119804615515879107e-03,2.527340854733700279e-02,5.621775676249467918e-02,-1.788563254410539816e-01,-2.503333540743684638e-01,5.642620081694074349e-03,-2.365296846418815657e-02,-2.761746963220750809e-03,1.650303164913321380e-02,2.694043014305011474e-01,-5.694260379483253587e-01,1.927400182256793770e-01,-1.372866210569475935e-02,6.822936994481459960e-01,-4.238677117383592152e-03,2.899617840403431734e-02,3.267619586083416426e-03,-8.472391730038032753e-03
-7.268246832728395045e-04,2.540170836234248962e-03,6.917005602354189472e-03,2.432283786380890975e-02,-5.063059642279080230e-02,-7.731794581442621994e-02,1.147149487600976174e-02,-4.357966499809132893e-03,3.727055710180082228e-03,2.907754944215720609e-03,7.992094902788712818e-02,-5.711121862618341316e-01,1.977374801375749724e-01,-4.537663179078075398e-02,-5.870332473680864860e-01,1.165441837955245169e-02,-5.216126938702589921e-01,9.591933676396701206e-03,-2.795536660595301492e-03
-1.572792542280503645e-04,1.116832367511035604e-03,2.324441060944361977e-03,1.032961445167810896e-02,-1.735510712608141076e-02,-2.880749748219749509e-02,7.859455248946389111e-03,-2.276778966173546685e-03,5.374823784532882162e-03,-7.448062889840998714e-03,2.712636359381814799e-02,-3.355311317675478966e-01,1.220397713514540516e-01,-3.284537954150892891e-02,-3.779179184941612868e-01,-1.008344652418385022e-02,8.519517418115079010e-01,-2.143956110966098796e-02,1.047264520609002443e-02
3.564472994239719560e-05,-3.801079996103733690e-05,-2.977839964129408499e-04,6.820583463261413568e-05,6.252517181610000229e-04,1.315584283554004563e-03,-1.413001052109515154e-04,2.336015351454404955e-04,5.231133197541393623e-04,2.111479287484764600e-03,-1.741909141466412893e-04,4.111967903492678468e-03,-4.839497142533293983e-04,2.314985967106299213e-04,-9.393706764991596042e-03,4.721044838500090303e-03,1.425969976172551147e-02,1.788572628967564637e-01,-9.837031868338308449e-01
1.636347938117173738e-05,-1.815671636590624152e-05,-8.357038668870846632e-05,1.872887324376254427e-04,3.371447959826067006e-04,2.306995751348460606e-04,-6.283144506845413785e-04,9.398474400335548977e-04,-1.060685863975811480e-03,-5.480921499053581156e-04,1.302584746176596716e-03,-6.991172437746311997e-04,-2.880705987891036667e-03,-1.891414877511266674e-03,-3.356830522289538758e-03,2.410161976066168069e-02,2.138284539520186531e-02,9.832646990050685210e-01,1.792321810353617595e-01
-3.105010038753832670e-03,-1.391230465265604717e-03,8.486875565853490861e-04,8.908240858742630386e-03,-9.690761837182782510e-04,2.927812131790328339e-03,1.467438727534947467e-02,7.182113099441316678e-03,7.161043230556092196e-03,1.686493023523718410e-02,-1.581540177903439578e-02,3.242104622355920229e-01,9.437355621642860015e-01,-5.234580562953655009e-02,9.070382610106219115e-03,-2.084279368246573852e-02,-5.213680620551476574e-03,3.356607455133448024e-03,1.272707465497341936e-03
