-4.419251704771947199e-05,5.937279625360661534e-05,3.035751892937670757e-05,8.945585040484806572e-05,4.891162479696449777e-04,7.889728816261009888e-04,-1.619852669932610385e-04,-9.326930829632433268e-04,1.955321242257802676e-03,-4.047368856940876738e-03,-1.219080466226136897e-03,-2.579866535096370095e-03,-5.497232381376074284e-03,5.765867010648830816e-03,3.494564245057734438e-03,-9.997414529109710513e-01,-1.391229739215660809e-02,1.473249656186242061e-02,-7.959129211631229585e-04
-1.432106085955036159e-04,4.827887928259962059e-04,3.126323145607248777e-04,1.029522518867071650e-03,-1.678909343211108752e-03,-1.589736758471185611e-03,-6.518440635522797059e-04,-6.540809403864043629e-03,-5.897055454248743660e-03,-7.847661652015522002e-03,-1.687818125845792425e-02,2.441968259298695886e-03,-7.534667756472516673e-03,-9.996174064092013811e-01,-1.338099587332945532e-02,-5.647344206381501620e-03,-4.102865913058576473e-03,1.504297693846041745e-03,-6.408432910267060877e-03
1.911835800229305382e-01,4.530727976179618199e-01,-5.549689313569215743e-02,-4.884818477659149671e-01,8.258379912907205800e-02,-4.343046342853754821e-02,-4.114249589287948261e-01,-4.819937498379137653e-01,3.040267160654185896e-01,1.050824485099353667e-01,4.283130349522855373e-02,2.583460295614752739e-02,-1.021911170112655386e-02,-4.565942347018514454e-05,-1.014480549940284700e-02,5.669900950782152298e-04,4.871367042724949158e-04,4.976397444152416043e-04,-1.706783516904723254e-04
1.835405593695731696e-01,4.254139808751837282e-01,-4.639092494444901210e-02,-2.995781315728231475e-01,5.339039780006164804e-02,-1.303715712807559587e-02,-5.157387062469440814e-02,3.573297208140133185e-01,-5.819192377506331448e-01,-4.534984925517945298e-01,-1.157815219794384176e-01,-4.513688250184401396e-02,-1.158986813062627685e-02,6.229795703000069393e-03,1.267156045841893140e-02,7.523218031947946595e-04,-1.445115997033016928e-04,-1.943635330076834769e-03,2.968494226535197842e-04
1.862570750178497714e-01,3.929356393119818325e-01,-2.156152799712801951e-02,-5.372265133276651200e-02,2.318888303170933349e-02,-4.164818839331155612e-03,2.940251289610955610e-01,4.551068312230592272e-01,5.380196026907910906e-02,6.942828327799700494e-01,1.607176337291535695e-01,4.298340586117625761e-02,2.422569535983175315e-02,-1.150955291559004404e-02,-9.371584486031961717e-03,-3.644094727557794892e-03,-1.029845721936239675e-03,2.805503427279876401e-03,6.024444938613874884e-04
1.798112544637518184e-01,3.556421925536397688e-01,-2.511866401824341781e-03,2.132385485375762613e-01,-3.131240342228289869e-02,1.618295994127071785e-02,4.583181004351024046e-01,4.658209671556999554e-02,5.862584037620790500e-01,-4.760929087302916418e-01,-9.875095275870102163e-02,-4.558805919116780403e-02,-4.205192041585568280e-03,1.591043524002745809e-03,2.705481937283930622e-03,3.202358654374047337e-03,2.579185986894130117e-03,-1.900466402865153524e-03,-6.152762000937789981e-04
1.744095289475823263e-01,3.110585724967686594e-01,1.543799221544319995e-03,4.679638067851406569e-01,-3.905366985335868152e-02,1.423832257880022073e-02,2.559412300313084754e-01,-5.983504808174439082e-01,-4.577657059595416911e-01,1.332488797178844331e-01,-5.960886668799287094e-03,3.044223033234932582e-02,1.530676851240702317e-02,6.047688951981885531e-03,5.768689735721990730e-03,-9.465276391471845723e-04,-1.402825725251341743e-03,5.122529774374391881e-04,-7.025234336626992556e-06
1.353891933733891439e-01,2.206803222770530593e-01,7.196018899409683221e-03,6.070707639418270185e-01,-1.220844917784735389e-01,6.071556553668425865e-02,-6.813434990001512315e-01,2.654892489214623619e-01,1.042849208594424926e-01,-4.500170117945667507e-03,8.758493873539212327e-03,-9.065730220524956945e-03,-4.366334290549659346e-03,-1.158995954695039724e-03,-1.739905756746102121e-03,1.707526675504611512e-04,-8.413896754696172011e-04,7.229173582322212449e-06,-3.018432432151408338e-04
-8.617253223829836051e-01,3.897215319337825612e-01,-3.179585103987360162e-01,6.137974556845582352e-02,1.531974653179530091e-02,1.972259811486448342e-02,5.238041542875783094e-03,-1.650744348204267933e-03,3.468941879278260136e-03,3.455802658400610079e-03,1.398613547294205771e-03,-9.090690314537933255e-04,-9.343448212644602305e-04,1.589035696485402319e-04,3.034894978585460091e-05,8.205530695002324622e-05,-5.304601619725790395e-05,5.999112807394898383e-05,-1.703288287272560964e-05
-2.339677661879442927e-01,1.587066835056991088e-01,8.615821826256410132e-01,1.971121490651609257e-02,3.785103737608289109e-01,1.810943634055268425e-01,-1.917638283275200847e-02,1.689302597078910567e-03,-1.169339356680551339e-03,-9.793695949578877166e-03,2.865772584837004283e-02,-1.684659790130997549e-03,5.566204870517052483e-04,-9.258209536104310133e-04,-5.605835639235030778e-04,3.740200987296620058e-04,7.483408071510652313e-05,9.299240513357056475e-05,4.640228241662731613e-05
-1.258422501781190639e-01,9.535756557363093966e-02,3.738995686884039049e-01,-7.840901164359354025e-02,-6.685289526932449711e-01,-5.859513178856109450e-01,4.196824683558393956e-03,1.108332951136405597e-03,-5.911225616972922391e-03,4.589656770322243784e-02,-1.906233123852083822e-01,1.360758767423906300e-02,-1.187362023974354759e-02,5.152214649350656157e-03,7.176819148408630734e-04,-6.927063990047775330e-04,7.763771173688103870e-04,-2.584490922887436553e-04,-9.540870746063410718e-05
-2.815307747487201182e-02,3.308401660556552215e-02,9.975056170066831651e-02,-1.120531432870868899e-01,-5.214605659413582561e-01,4.482874581142532455e-01,3.174353485611348252e-02,-3.266977173978496962e-02,-3.726357679882996016e-02,-1.422171600879087172e-01,6.878224366420778724e-01,-6.712254301404908807e-02,3.577931258485515104e-02,-1.045638269556044622e-02,4.541241653008922657e-03,-2.077658162315719427e-04,-4.231168895789007636e-03,1.122495849991661304e-03,-5.279988765204659184e-04
-5.756563868444891652e-03,1.135965963195973219e-02,2.996087800793717504e-02,-1.003008608405490110e-01,-3.036287241023574723e-01,5.859279690705617716e-01,9.639580382852466767e-03,1.319968939201776170e-03,1.484358536348178575e-02,1.034300010844184103e-01,-5.608042949985049264e-01,4.526531625297191552e-01,-1.348858382930260835e-01,9.216477082271455970e-03,6.812714087722776535e-02,3.583985344564160876e-04,6.799307831789739610e-03,-6.057104321137939378e-04,1.283077055742718907e-03
-1.945044170191203084e-03,4.104525398992945814e-03,1.227489307332999859e-02,-4.655156764215395010e-02,-1.249745623978366776e-01,2.501486392980749041e-01,-1.744378100129061280e-03,-2.677524489101830441e-02,-3.747548463908133222e-04,1.236550258054785884e-01,-3.183337832483936203e-01,-7.117251034048764913e-01,1.899445836255844178e-01,7.411762721422300929e-03,-4.974435633553366265e-01,-2.376433923192837125e-03,1.094462027328691328e-01,3.300727379694360958e-04,-8.814428393404362058e-04
-5.672732526892703070e-04,1.808702185981966078e-03,4.384867322526570313e-03,-2.240731404275211197e-02,-4.424063769687260755e-02,9.527002614317810203e-02,-5.860366492217801773e-03,-1.520139350661899383e-02,1.202736298081724838e-02,7.101562891441255687e-02,-1.389034656690993907e-01,-3.963675788551829227e-01,1.336980002843679849e-01,-6.536073084841702990e-03,6.546800080360060115e-01,1.091778501879626072e-02,-5.998262819401530832e-01,3.426833176420680371e-03,-1.185108942625650620e-02
-1.449485045724100806e-04,7.436826473882614469e-04,1.450032436138168736e-03,-9.209799727915494658e-03,-1.591248974640516525e-02,3.558326115057997008e-02,-5.230700438861402533e-03,-8.051092599720427109e-03,6.012970827119662985e-03,3.749794365159138387e-02,-5.210734458203745978e-02,-2.064064875414504396e-01,7.464948086127308480e-02,-1.134767015474420077e-02,5.638749813006115330e-01,-9.066054991345119315e-03,7.921883746804010418e-01,-6.035099339329126795e-04,1.544648954457608463e-02
5.290187206929102123e-05,-4.802179117620592987e-05,-9.219261697444092521e-05,2.511000065770733295e-05,3.976697813891323977e-04,-7.372275910339921683e-04,-1.192587735284560531e-05,2.690045824048765922e-04,-1.564377843869900323e-04,-3.837929353185979067e-03,-1.477192404749372908e-03,2.845342611360117749e-03,2.422453856300501186e-03,2.427910983149305160e-03,-1.505860095274297056e-03,1.460762998584248275e-02,5.660106591924801527e-03,9.880240648164905215e-01,-1.533726716249513844e-01
1.024624283743706530e-05,-1.964272018959184083e-05,-5.238405088829842259e-05,-2.498227872914445154e-04,3.791093719176790865e-04,-1.123107621257067552e-04,1.767683940106969521e-04,4.476763603390322005e-04,-5.501574994524046844e-04,1.128537407969557428e-03,5.638155752829518723e-04,1.834364048885145718e-03,-2.957434233552077088e-03,6.018655991785775393e-03,1.861336424498810779e-03,-1.688212775135013817e-03,1.864875215565939964e-02,-1.534485298702794598e-01,-9.879518079118345675e-01
-3.375670064180457276e-03,-1.644667235901847799e-03,5.490174450010443198e-04,-9.019607958518699106e-03,1.285978950137960618e-03,-7.652677893417119022e-03,-1.580877716746677958e-02,8.058071089034873208e-03,6.501875090461957211e-03,-4.308689367161146894e-02,-2.587917488815168199e-02,2.765569081216684988e-01,9.589882949497897657e-01,-5.460213720976857428e-03,-2.709799536805396897e-02,-5.976449701437174834e-03,1.396264232318129720e-03,-3.604710009052027042e-03,-1.908277258622804702e-03
