-4.108632705012327002e-05,7.231599300981940664e-05,-4.888013564892943944e-05,-7.067074886368616266e-05,4.453598797089495555e-04,-8.241085682516743850e-04,-1.194386014729121974e-04,-5.762030162947454591e-04,1.904945249264597797e-03,-4.499845929848200754e-03,1.506769534687080723e-04,6.162513296215658444e-03,6.207880198176025759e-04,7.298315990697965168e-03,3.904360701265345221e-03,9.998213338526721339e-01,-5.195406796983084198e-03,1.407129741611749807e-02,-5.450716751166978426e-04
-4.753730359484291195e-05,3.595390962828785624e-04,-2.375276062270234736e-05,-1.004432581096025446e-03,-5.022777179387041217e-04,-2.670122111092534944e-03,6.306430168465027540e-03,-7.644101607245969154e-03,2.173582669006965569e-03,-3.174050216479620823e-02,5.071457153691357952e-03,1.900116066355856184e-02,-6.994762766897251460e-02,-9.966929774618127347e-01,-8.138302124658680983e-03,7.191253666736141005e-03,7.148411248829597033e-03,-5.361719883855104590e-03,-2.640125185654045199e-03
2.344262362713656622e-01,4.343398583544022529e-01,2.121228825168112314e-02,4.759610680183590237e-01,7.304930412119732541e-02,-1.546604377213507513e-02,4.285726406702419777e-01,-4.536427152310354427e-01,3.553975403170304137e-01,8.515973836474498293e-02,1.556508572329121012e-03,1.843006811928625879e-02,1.909478416407362281e-02,3.028645538682842638e-03,-8.919171035200734732e-03,-6.442206469744116886e-04,2.531733050957710261e-03,5.334812104668409331e-04,-7.614330217906713173e-04
2.261394098881022718e-01,4.071961689330779177e-01,2.715555329264321763e-02,3.027522347969787697e-01,4.083775822570624714e-02,-5.730731208490326758e-03,4.563182314737208867e-02,3.142406396557942960e-01,-6.027329393772050681e-01,-4.714193818993293039e-01,-4.819159805398590818e-02,-6.251940710116239133e-04,-6.429744553486303055e-03,1.150132374378155971e-02,9.942079479653836982e-03,-9.016914379665393747e-04,-1.617667702061546852e-03,-1.475875576414867199e-03,1.332267658299067211e-03
2.250397075427680027e-01,3.744002448552715134e-01,8.801639488407763875e-03,6.814338221968657683e-02,2.276519210654326733e-02,1.724572526265273978e-02,-2.730119309172683861e-01,4.201098761298807105e-01,-1.162867095859830210e-02,7.407244156754521081e-01,4.581367731049919984e-02,-1.772302678111488741e-02,-2.469196342326919480e-02,-2.686761654056564474e-02,-6.818613181226355381e-03,3.870556526964963242e-03,-6.763627821434279458e-04,1.644717721402054814e-03,-1.483945834798868998e-04
2.129646118788614262e-01,3.344774854047984358e-01,1.147950276892993095e-02,-2.099696974461807142e-01,-2.561459135081909852e-02,6.584425132410479109e-02,-4.732794439482733151e-01,1.318843259688446679e-01,5.873361136271540994e-01,-4.548840062631939740e-01,8.781123679868219067e-04,-8.539401673004324428e-03,8.919931548721263606e-03,1.111247460600071381e-02,2.298808380072146610e-04,-3.130906165014385976e-03,-1.038555742194210204e-03,-1.473950525252642509e-03,-5.761837821982943855e-04
2.026823008804565507e-01,2.912131537462712139e-01,2.410819728502076875e-02,-4.676565459056865603e-01,-3.524173968662117074e-02,7.781986019195875903e-02,-2.515181173058968489e-01,-6.448796092029323024e-01,-3.978319338089079671e-01,9.998107561487000472e-02,3.177534150735862248e-03,-4.594444445627831990e-03,6.491082198411617446e-03,-8.994460176286492260e-04,7.619595926677050907e-03,8.420495988595948222e-04,1.382765814171738484e-03,5.389851140200700415e-04,6.063542462821609269e-04
1.544352430474985327e-01,2.037699997695755771e-01,1.956695706911943874e-02,-6.230400801775252129e-01,-1.001962773469809026e-01,-2.060667288757312698e-01,6.413208930078755365e-01,2.767321409384482789e-01,7.469245253908184112e-02,-4.585604314550894949e-03,6.154920983392627234e-03,4.970279663781458808e-03,-2.569845646632401993e-03,3.856176734255770556e-03,-2.096397226897844975e-03,-1.626220380923835388e-04,-9.391462494634086671e-04,2.802137603469495412e-04,-5.883772975033774643e-04
-8.183165304371534665e-01,4.755221252333855508e-01,3.190695249045468751e-01,-4.231088151144834358e-02,1.078966795664164022e-02,-1.973436804599919617e-02,-9.781646510581441453e-03,-2.772945359476175898e-04,3.335129983388088453e-03,5.046997225500528088e-03,1.306800079581894782e-03,1.112098252298981136e-03,1.186931933185104477e-04,9.830716308230877159e-05,4.443803245149209954e-05,-6.952248158129987901e-05,-3.830780622857928367e-05,-1.116180871485421713e-05,-1.943438256241603873e-05
-2.232848588122268996e-01,1.720404773114675434e-01,-8.612662592337909651e-01,-5.607388690548550242e-02,3.710610334414651823e-01,-1.905547305325419882e-01,-2.497054163799673765e-02,-1.472483597959089834e-02,-7.283032281519319188e-03,-1.004775245219940820e-02,-2.502983284578047876e-02,-4.155404318174747312e-04,1.783652735238501095e-03,4.715495736033335403e-04,-1.615024249491907988e-04,-4.297231280335336639e-04,2.607167429486644786e-04,4.684799442370935282e-05,3.885052355247499661e-05
-1.134744849632740998e-01,1.018097107218756125e-01,-3.754703650655631941e-01,3.498288775192199412e-02,-6.478528026396158657e-01,6.104101847045800833e-01,1.174935416072213912e-01,3.951929105821895549e-02,-7.228825195989756897e-03,9.937072412683862696e-04,1.633751698695558863e-01,1.095269227462993683e-02,3.273178603815790188e-03,-8.500470095293664603e-05,-1.121209658686374648e-05,7.197585122374022641e-04,1.950820693724825171e-04,4.635075303797577375e-04,-1.716358711829891440e-04
-2.365002867603583150e-02,3.074676785596279147e-02,-1.040143494247899036e-01,9.282522631315681672e-02,-5.328665496271784985e-01,-4.336485355127110974e-01,-1.054724869128116777e-01,-5.174628510554318134e-02,1.163453394376555601e-02,4.070452679218268532e-02,-6.945432184198878645e-01,-3.555544456012368210e-02,-8.823558813195070405e-02,1.747758089003641994e-03,1.242197890205548388e-03,3.326178467125491447e-04,-4.786443404610152275e-03,3.018286316292711005e-05,1.954906007530705675e-04
-5.405875942276954470e-03,1.046239148065369710e-02,-4.355863968746244430e-02,9.386663383288691709e-02,-3.396420441824779535e-01,-5.249969333320205767e-01,-1.124258804076584406e-01,-4.368697751186270684e-02,-3.043815018956877450e-02,-2.236064648916282968e-02,5.592459244158058951e-01,7.689057141892288727e-02,4.999248524820034678e-01,-2.991988937035896037e-02,1.126754522593329394e-01,-1.425564037041642581e-03,3.648893479031759413e-03,-3.177604759085870547e-04,6.924817201677697107e-04
-2.032043870240211794e-03,4.129607924213653074e-03,-1.771340782680475012e-02,4.476190486352293885e-02,-1.445468012904594923e-01,-2.504391740345255357e-01,-4.694556542547233952e-02,-4.469504036558847454e-02,-1.232573725417689114e-02,-3.721700544707137737e-02,3.709488274840739286e-01,-7.913617194796970788e-02,-6.643396008939816966e-01,5.439799553802288773e-02,-5.512938602709120950e-01,3.063565293345343540e-03,1.269323292960992389e-01,-8.641361745603452424e-03,-4.086047377121052905e-03
-5.596538601046279447e-04,1.832016835374849920e-03,-6.325728019036695911e-03,2.156743254894242720e-02,-4.980472829279770919e-02,-9.687587807379098581e-02,-1.093696217512728566e-02,-2.383822938746512493e-02,7.525523220686440584e-03,-1.113572428310699060e-02,1.723672757951567880e-01,-7.099998137882650162e-02,-4.547991100125389763e-01,2.259504931956652848e-02,5.946389629473519678e-01,-5.787774661409529446e-03,-6.237755328128036236e-01,4.369404232300323765e-02,-4.344827547237899851e-03
-1.713950943935782349e-04,8.163125180438589226e-04,-2.276511456111286053e-03,9.189416272976251576e-03,-1.846423273288960373e-02,-3.779861412054798947e-02,-2.210365120032320614e-03,-7.887772980616441706e-03,7.547534460148204970e-03,-3.474680745036691585e-03,7.165406414346665864e-02,-4.666223045638011324e-02,-2.618226198255233506e-01,1.915354157208303681e-02,5.735858936984871148e-01,2.570389874875524637e-03,7.687409731806369440e-01,-4.020971668053938824e-02,1.368836439812676740e-02
4.531647236049414826e-05,-3.024193419416060447e-05,2.556250062184552683e-04,7.539096387618657020e-05,4.339683309393944487e-04,3.200676592505018962e-04,-5.070553183307228550e-04,7.534036573080550277e-04,-4.382446313514359350e-04,-2.804647143075043956e-03,-1.546265288062758769e-03,-3.003158710656859878e-03,4.157231209999352056e-03,-4.685323153029895965e-03,-6.267534759739108383e-03,-1.352978228962782581e-02,6.080797239792095493e-02,9.812555615806825005e-01,-1.820925150632383971e-01
2.634138166496287264e-05,7.773360574900021108e-06,1.461620885919832851e-05,1.324199752608852814e-04,3.094139126766381228e-04,4.349096513855872127e-04,-3.822788608693268890e-04,1.099801112461418429e-04,-1.549816027618853469e-03,2.897138287157738292e-04,-9.472335934162387982e-04,3.174100586903271220e-03,4.840711047867788438e-04,3.542823538600369231e-03,8.982422696024262854e-03,1.964108231253069211e-03,1.656274334160825644e-03,-1.824412352263378168e-01,-9.831587894299597119e-01
-3.255001922489991501e-03,-1.284666020034491056e-03,-9.996102857771640374e-04,7.052586857013748607e-03,2.247363191854026641e-03,7.754006447573687233e-03,2.244745553406462743e-02,-8.518496764840349442e-03,1.646502309087283320e-03,-7.817138061072037569e-03,2.418108353426536711e-02,-9.889541810297077795e-01,1.395735355969247582e-01,-2.788944677934537125e-02,-1.710670124816461579e-02,6.291667852529297077e-03,-1.204668174317261248e-03,-4.156539266701426462e-03,-2.631930496035361864e-03
