6.886831146169213611e-05,-1.937348665467253112e-04,2.552147089408780684e-05,4.319186561103477949e-04,1.101042029435413301e-03,1.160871362256553482e-03,1.289680951978767814e-03,1.787329542634809093e-03,-3.259941795501397968e-03,-5.981590775978813494e-03,2.979343248866956739e-03,1.926458615271810920e-02,-3.922243693711892354e-03,-1.726690215759804983e-02,-3.162597786008262274e-02,9.987498998711904497e-01,1.181973021932651233e-02,2.406152196776304222e-02,-5.673414200556239038e-03
7.062319442748878908e-05,-8.745983986178860721e-04,2.575150770317482661e-04,2.096658051841773004e-03,2.354067180536471675e-03,1.722858565656869290e-03,5.032309497192250479e-03,1.201619747119842159e-02,5.150554682795453754e-03,-3.087944104296091313e-02,1.138172791206162535e-02,-3.423709635681436436e-02,1.149030339182872118e-01,9.918955948576675397e-01,-1.070541501466664054e-02,1.755741605896381577e-02,1.778677908015039344e-04,6.125385843347616252e-03,3.841241596363550136e-03
-2.105898290405296136e-01,-4.381133229033703502e-01,3.896379363440807819e-02,-5.018973026716918584e-01,2.875879901426750193e-02,2.798032818242206510e-01,-2.681708081493182072e-01,4.949082348016603516e-01,-2.622905340549740449e-01,1.944937819756832609e-01,-8.592462954132906727e-02,1.240453561435423194e-02,-6.716673919989570897e-03,5.195804549426918939e-03,9.064904422902066161e-03,-5.140600522563847335e-05,-2.711351596245888465e-03,3.967012649488777334e-04,9.122591332912015978e-05
-2.034315753231890345e-01,-4.112938890015209181e-01,3.776512503243435043e-02,-3.007003505602194871e-01,3.548419819989503260e-02,1.829664899758623453e-02,-4.925062342935584286e-02,-3.061081245476033330e-01,3.949028554495508936e-01,-6.436441843768762050e-01,1.694305970028155972e-01,1.396455343954548095e-02,-1.462375090147174060e-02,-1.782373449568980250e-02,-1.449678883609788541e-02,-3.548530905832611437e-03,1.155148658873469828e-03,-7.843462558203604480e-04,-4.966103056267714803e-04
-2.048250324248681031e-01,-3.841715606740250810e-01,2.151899760445452614e-02,-6.571694132930333554e-02,3.688539406926729519e-02,-1.922352149362230034e-01,1.348559188199899006e-01,-4.630308858775723513e-01,2.526399183142125082e-01,6.796890817051021161e-01,-8.324004647565680370e-02,-2.938849754529165165e-02,2.224502941766004147e-02,2.219012307845835003e-02,1.165126920111331753e-02,7.329155453703562091e-03,2.212028747933437404e-03,-9.002527062155850747e-05,-3.553108579543859326e-04
-1.994531169501620460e-01,-3.489664912554440446e-01,1.154692319052779033e-02,2.100009634886002285e-01,1.134896110138429101e-02,-3.163930327391468733e-01,2.763440914306976581e-01,-1.626077430932554579e-01,-7.312723378652543627e-01,-2.284321986223524503e-01,-6.241049528077178415e-02,1.500218384672206626e-02,8.905647665777305724e-03,-2.718255521758331135e-03,-1.186580898739782479e-03,-3.762656451143929145e-03,-8.494893260892697742e-04,7.388149356800064209e-04,1.500501713363636613e-03
-1.928170846684504891e-01,-3.055353069183981418e-01,1.053740386921356818e-02,4.635959976755709144e-01,-1.579439644663502978e-02,-2.367268497344725553e-01,2.477397665872499988e-01,6.141694272115831854e-01,3.893153068001263262e-01,-1.879137840788356120e-02,7.886757992260992611e-02,-3.339316761493230090e-02,-9.662129504986776557e-03,-1.309468403899324840e-02,-6.964139342725159283e-03,-2.781200501119653859e-04,4.029966353100171341e-04,-8.595087862891075386e-04,-5.408024496675436013e-04
-1.512714139726976936e-01,-2.182564629376372023e-01,6.850290980025907847e-03,6.117132614777021082e-01,-1.153576259900164908e-01,5.752454741372287073e-01,-4.077872573903137399e-01,-2.063341290850509990e-01,-4.130111229746500495e-02,1.422754396902445144e-02,-6.831057492414748487e-03,1.373465547036702497e-02,2.722374763267230080e-04,3.566618802242801835e-03,2.243468534488406423e-03,-1.232777041401017818e-04,-2.853678372414320609e-05,8.417997408242969357e-04,-1.256088033233835428e-04
8.295604771934151911e-01,-4.257357478289685582e-01,3.564450198241153611e-01,5.345608005258817297e-02,1.638466118276613037e-02,1.061324165472642654e-02,1.624053247833178934e-02,1.522267579561347589e-03,-1.771451704955938301e-03,3.837143727026839663e-03,-6.166995140764813203e-04,1.427153233787301816e-03,-7.751889550724479997e-05,-6.006603746967461091e-04,-5.383187450199307085e-05,-2.469936686816348961e-04,8.389815703025477498e-06,9.379983786534815151e-06,5.631102283609085732e-05
2.542201950292417578e-01,-1.846503967339770125e-01,-8.431868008509824097e-01,2.785771968357265288e-02,4.022974835077297029e-01,1.293381683562751516e-01,1.001948928487953333e-01,-1.230577386714200219e-04,6.999720273456098985e-03,-9.640458245284786593e-03,-2.783879837860678275e-02,-2.061112573930792141e-03,5.800611781355988162e-04,-1.845023943888484189e-03,3.156807961982816620e-04,-6.962526605395275492e-04,-1.541690989674786153e-04,-9.156481221340317554e-05,-3.040812779888326821e-04
1.367447572874830597e-01,-1.094431195249842975e-01,-3.827276619290319593e-01,-3.661493636785633637e-02,-7.076079612835176613e-01,-3.717342508460177442e-01,-3.804759204463594724e-01,6.481657478817804026e-03,-2.367321832237620841e-02,3.337768071458340619e-02,1.898409059032724611e-01,3.188868271305302527e-03,-7.652874336511700931e-03,4.206553586612969166e-03,3.203382538273959320e-04,1.239674388641834714e-03,-5.344761050940291655e-04,1.514098726826777492e-04,4.486389459486239662e-04
3.049861221746784368e-02,-3.338168788898424055e-02,-1.030738546229066077e-01,-7.784285239735283524e-02,-4.881679047836157137e-01,2.745206971965539755e-01,4.118751468583971564e-01,-3.488946764363053035e-03,1.106296671313059116e-01,-1.198453160073576218e-01,-6.832268323832868528e-01,1.919877758828630182e-02,6.437680170985710104e-02,-4.487035871885768773e-03,-2.635690303484221363e-04,1.132616583121721617e-03,3.011211873897495783e-03,8.117223760317193986e-04,-2.009316971957934416e-03
5.317786421283495629e-03,-9.179424460369284625e-03,-3.156282251840623193e-02,-8.265305273322279267e-02,-2.576100332400755866e-01,3.590819719328754989e-01,4.687387076780801243e-01,-1.986406170816334277e-02,-8.756444059830684190e-02,1.117122177583664000e-01,5.445876912407048298e-01,-6.241549639744860961e-02,-4.829341544966019861e-01,4.806989914123093594e-02,-1.429299945081532464e-01,-6.285517993473850942e-03,3.913960340023460958e-03,-1.947114285093036424e-03,2.014676674685723055e-03
1.873208512699508404e-03,-3.521964982490409599e-03,-1.265187218276966723e-02,-4.117636308251155369e-02,-1.158179138487838850e-01,1.780860810724897991e-01,2.246775549953075324e-01,4.560923876195817003e-03,-3.988254872410068597e-02,3.977507804989437873e-02,3.435087084225117438e-01,2.995412545938744633e-02,6.344132894139528078e-01,-6.998411001344230498e-02,5.994241962851425409e-01,1.976204850299569105e-02,-1.154504043894990506e-01,1.605945574373124048e-03,4.673539623633886711e-03
5.083987202984586486e-04,-1.565169027632696414e-03,-4.449763576431815283e-03,-1.982952174557287353e-02,-4.100521591399213656e-02,7.292366460366216108e-02,8.032960127744279144e-02,6.381943533606889742e-03,-2.388701794631794412e-02,3.114403920466491532e-02,1.527237162906211754e-01,2.282666794627770737e-02,5.102513290154423453e-01,-6.540083500545720852e-02,-5.860454316845232769e-01,-2.607254255822547342e-02,5.925830435238109706e-01,1.239202797818371969e-02,-2.518627475498064899e-02
1.344860497800275795e-04,-6.553475510114123046e-04,-1.625418436658683389e-03,-8.518290201837050088e-03,-1.643090065862807050e-02,3.039839635174827054e-02,3.199186013181089250e-02,9.734308319214380516e-04,-9.157026881331872467e-03,1.747874057042685808e-02,6.381619496241038025e-02,2.792958370425451279e-04,2.867148951185628514e-01,-3.890064676978103458e-02,-5.244132098387013219e-01,-6.372121624882447558e-03,-7.960429117666520948e-01,-1.701460854786950375e-02,2.239685188600318635e-02
-3.441829206589351213e-05,1.682319750201669901e-05,2.620491729419014522e-04,1.254385740170072807e-04,2.405853760429365370e-04,-7.822659645637725827e-04,-1.022216036413456451e-04,-3.020844790380241901e-04,-1.590180243597298865e-03,-1.304520064331602964e-04,1.524527798881343803e-03,-3.805010263151340725e-03,-4.566950740979715262e-03,3.367237108205051177e-03,5.269524420381308145e-03,-9.014209187981027036e-03,-3.647159612459682787e-02,1.712118482489372595e-01,-9.844769683129515059e-01
-2.142366508036658816e-05,2.481314397427398819e-05,8.213436781641190722e-06,-2.455454418314017141e-04,4.806080348221421759e-04,-6.440731361181423632e-04,3.480818373146426191e-04,2.103434917150837590e-04,1.732257344093040803e-03,2.709622691056776003e-04,2.310038414024809706e-04,3.717684300002682598e-03,-3.578806829098665505e-03,-5.837258362696436803e-03,-3.094249909910384757e-03,-2.284676207993634189e-02,-1.500230500984329161e-02,9.846840796301281618e-01,1.719765753644602047e-01
3.368516680022563652e-03,1.329502252468182195e-03,8.248267540509260495e-04,-1.066275465507451892e-02,-1.952230779614247402e-03,8.872441669322321534e-03,-3.218574119825304974e-02,-9.253205193041482562e-03,-2.429623187868858517e-02,-3.562445020424367947e-02,-3.307294633419585739e-02,-9.949813552089287194e-01,5.788732656684018180e-02,-4.159679486399826820e-02,1.295144075072139807e-02,1.878269641863995060e-02,9.903506247806918503e-03,3.794124262092752296e-03,3.615260492798059219e-03
