2.325100023202478230e-05,-1.118031276782535628e-04,-3.601029323528538056e-05,-3.889133317375860857e-04,-3.609210660263576084e-04,1.134223567720483430e-03,1.312969859438793121e-04,-6.304326775249963905e-04,2.842790858442620795e-03,-5.865257761914151151e-03,1.579364441136808057e-03,4.206169496681866696e-03,1.052287920160396693e-04,-5.747997585184963336e-03,-9.545972121184759934e-03,-9.984683033327662605e-01,-4.715549215890770668e-02,-2.515440913729278041e-02,-3.977486940835730199e-03
3.204432355960646923e-05,-3.757612615184486703e-04,-5.929713351460328183e-05,-1.285933145173519211e-03,-7.619471109957331274e-04,2.338222501505402354e-03,6.578118708930702289e-06,-7.904125365610997767e-03,-6.431339472754838207e-03,4.026616393143934297e-04,-8.839889803915455119e-03,-5.085751517291110801e-02,-1.296265636963180035e-01,9.898410387444318559e-01,-2.416457283777477885e-02,-5.508805869457903542e-03,-4.520277575108935797e-03,1.434682800611197513e-04,-6.839363776147367943e-04
-2.962150567764678111e-01,-3.982748521275198406e-01,4.882445383872075634e-02,4.776812126403071068e-01,-6.901682667132182092e-02,1.280323924313448714e-01,3.817347882496757716e-01,-4.063705574517526564e-01,4.198165960452224232e-01,1.177041694623123524e-01,2.286767682432689231e-03,-5.171721410111692003e-04,2.980271464099041798e-02,3.624939128379459606e-03,6.904947546064218837e-03,7.993943453007921205e-04,-6.984702608095260746e-04,-6.307692809247015696e-04,-4.817229079500498544e-04
-2.827884954597905121e-01,-3.715134072025765288e-01,3.799946968400867708e-02,3.003525191152019436e-01,-4.328430857296677869e-02,3.738811051632952298e-02,4.497729459550908748e-02,2.142467790907532921e-01,-5.994340802816062741e-01,-5.266166647052640259e-01,-3.248777938728836419e-03,2.772474866993623194e-02,-4.004859073001332259e-02,-5.890754767386829210e-03,-9.205016896716987015e-03,1.379415061771373978e-03,1.140584684182540309e-03,8.022791067767980500e-04,2.025684870774226848e-03
-2.767314929312025829e-01,-3.367853667025607622e-01,1.086808752141733489e-02,5.794678542239893593e-02,-2.711049391750877322e-02,-1.147218363477303937e-01,-2.402289206572399693e-01,3.771259118958600332e-01,-1.789142294504740827e-01,7.478042923041040568e-01,-1.708453157491923030e-02,-2.808668801703077811e-02,1.785490003211158069e-02,2.592733907748882849e-03,5.203923782801097436e-03,-5.501826588859955180e-03,3.517307641945346063e-04,4.031537918243304766e-05,-2.021295401309272047e-03
-2.596722963169948439e-01,-2.994862018483627208e-01,-8.649395635371582430e-04,-2.095256856606215190e-01,1.610520551539191755e-02,-2.009569457248039370e-01,-4.086795616601885395e-01,2.946539151320047289e-01,5.993205204347130666e-01,-3.806986144670154171e-01,1.367476061928887821e-02,4.891058452599164087e-03,-1.101769018394912689e-02,5.458605253684078139e-03,-6.512106944021963555e-05,3.627093937032629944e-03,-8.471613448450956508e-04,2.036759452587530027e-04,-1.009438936077329237e-03
-2.440953124235404614e-01,-2.543172408705759446e-01,-3.747485514604428566e-03,-4.810379494142249523e-01,3.773289744602236623e-02,-1.233996810536413663e-01,-2.609827058191993010e-01,-6.983283950410236196e-01,-2.659362183150595360e-01,1.919873436539886596e-02,1.562995958266307633e-02,-2.165633759577619000e-02,7.626846668389519138e-04,-8.683517668047540869e-03,-4.364456502027143879e-03,-3.851268795010133711e-04,1.246865218421415933e-04,-3.917658806195270884e-04,1.893918778426975950e-03
-1.851952519074565595e-01,-1.751071497572104785e-01,-1.144426327688357128e-02,-6.101292068925180390e-01,1.245907620983440628e-01,3.599481322466936417e-01,5.891197823315574844e-01,2.633821519181342441e-01,2.241158229559470083e-02,2.166590351562117100e-02,-7.201453186708241770e-03,9.541334027700533113e-03,3.654093096608558144e-03,1.575741154247836369e-03,1.714130691421286235e-03,4.797512287182230666e-04,-1.815239594930610431e-04,-3.601689860806624210e-05,-4.078343941124907830e-04
7.373693152390428107e-01,-5.898883891457792350e-01,3.212103116470755859e-01,-6.572123023977402556e-02,-1.594147719426314974e-02,1.838246721611438636e-02,-1.399380917615848478e-02,1.095778424662418888e-03,2.103460011825910182e-03,5.344821235160771532e-03,4.189716078713203611e-04,5.010357563843657750e-04,5.087126217604144530e-04,-2.551480625085652903e-04,-9.946595858865566147e-05,1.012179674486131809e-04,-1.814267015989464278e-05,3.272609691909288680e-05,8.325751856405493551e-07
2.019645747021786009e-01,-2.078601527647256364e-01,-8.767643320382620953e-01,-1.783939272515501495e-02,-3.498329643311078874e-01,1.480162539974121394e-01,-4.723096292776168131e-02,-6.987655025972725441e-03,2.949973653345337732e-03,-6.106506018807284983e-03,-1.873580125236859462e-02,-6.626152447332282281e-04,-3.500818615056189298e-04,-1.059020948419017944e-03,-8.126535273369236466e-06,3.842850122295208334e-04,5.741400379580868845e-05,-3.502565284048486465e-04,-2.125116274147508487e-04
9.797203096940200473e-02,-1.125758269810887696e-01,-3.402220809039517846e-01,7.911487724392447796e-02,7.124537996895577985e-01,-5.178708978971184873e-01,2.375252353791861559e-01,7.570902392450672667e-03,-2.392355451365647118e-02,7.677154656806547137e-04,1.502074515660468679e-01,6.149030202034346491e-03,1.604835799719520062e-02,5.466637309374239653e-03,4.021536607913267232e-05,-6.757010240321100836e-04,-1.680162533301616699e-04,8.648477230352435161e-04,-1.156781482960930155e-04
1.662677930684254221e-02,-3.040467995619266020e-02,-8.314695680640936393e-02,1.004639648449983796e-01,4.786996459914134583e-01,4.156167775427268007e-01,-2.456123255084192436e-01,-4.447562022142750870e-02,2.412798897109308047e-02,4.710851368442627377e-03,-7.011717171131809367e-01,1.800873425865272270e-02,-1.556474617293518992e-01,-2.620117989728006080e-02,8.756616723808698793e-03,-6.411104674854033268e-04,6.194277955660655848e-04,-3.469480910804271460e-03,5.093233271633751044e-03
2.626796113428267465e-03,-1.032276191783882378e-02,-3.390759483579750683e-02,8.614695763593439859e-02,3.096253259685611270e-01,4.992406119064854431e-01,-2.753787265699780828e-01,-1.223696141455324349e-02,-2.243128322257768262e-03,-5.624363975948535807e-03,4.966216549481011211e-01,-2.977245246456708665e-03,5.405074568772703092e-01,7.017066630162591134e-02,-1.625199686321064929e-01,2.293515607089325302e-03,-1.386131153562033451e-04,3.544729788377193325e-03,6.471828470462300843e-03
7.511543679759598953e-04,-4.062820309896558041e-03,-1.327307600268714909e-02,4.200667140520477488e-02,1.324470070794125376e-01,2.449817592225599916e-01,-1.220986436449125190e-01,-1.594540695459715704e-02,1.378308327179919406e-02,2.671190800934994392e-02,4.208315029185986655e-01,-4.745976763654481678e-02,-5.665494528701882082e-01,-5.868163644035356147e-02,6.076455841402166325e-01,-4.403442042557622824e-03,-4.636771553447362193e-03,1.395320618572291720e-02,-1.765671254801019219e-01
6.974293696418413396e-05,-1.630726554804653268e-03,-4.675694554712158356e-03,1.892966787250031230e-02,4.775024986026549928e-02,9.901139699410625716e-02,-4.178869122114402257e-02,-7.236448892728722035e-03,2.033961743617630422e-02,3.065331734773470845e-02,2.202323017233717706e-01,-3.842482433578895545e-02,-4.892892333322924059e-01,-7.551020949545672600e-02,-4.846636049730742579e-01,3.984392191430598598e-03,4.561806970378805802e-03,-6.760108942671232135e-02,6.706652886014933257e-01
-5.116740682520287242e-05,-7.434330493571684670e-04,-1.677755441031975872e-03,8.602657129958354507e-03,1.830910357770925909e-02,4.015812770581225072e-02,-1.328590601000183800e-02,-6.002361413913227806e-03,1.293635134308145605e-02,1.927378975400402539e-02,1.021374708605891773e-01,-2.250416661577488500e-02,-3.167072592983587453e-01,-5.703639307464038882e-02,-6.070154672324641343e-01,7.282831753884212896e-03,1.192904025824497978e-03,6.479262747863651084e-02,-7.141483672412953787e-01
-3.983638910526931757e-06,2.002782789197184195e-05,2.140782992510489684e-04,6.546223896861356497e-05,-5.602492908320052162e-05,-1.001207976427158147e-03,1.967765873476345190e-04,8.591990253717326533e-04,-1.318716951933302959e-03,-9.235795373210917017e-04,1.557857809685211188e-03,-1.546824511392636600e-03,7.151351870981153755e-03,4.190666952655755289e-04,6.952040257222590058e-04,3.265103601649049087e-02,-1.598514874542346920e-01,-9.822063201937444310e-01,-9.268824620984303375e-02
-9.211664523748387903e-06,3.000338524044351788e-06,-2.224579566615028721e-05,1.938726579071968915e-04,-2.852126569265786928e-04,-2.488752893935173064e-04,2.578632361276381071e-05,1.809804663711434914e-04,-1.426958976476499575e-03,4.563951372303040621e-04,-1.589430150380798275e-03,2.416184734349453682e-03,-8.942701511288368363e-04,-4.422283885666115043e-03,-5.376391181996524084e-03,4.253571990755877774e-02,-9.859778355779892367e-01,1.601360260202961960e-01,1.829721100600092618e-02
3.441637639688360003e-03,6.641369815905916445e-04,-1.211650379290102461e-03,9.234877971711409964e-03,3.873201113155321212e-03,-4.427473108294507388e-03,2.275861056982298250e-02,1.556388438256035324e-02,-4.021677267791523742e-03,-4.073564127748641878e-02,-4.360934717885547179e-02,-9.953084093168759194e-01,5.367205963068654578e-02,-4.426882378596191242e-02,4.990293861233028282e-03,-3.792811561525886218e-03,-2.071269216108352716e-03,2.243992356973987905e-03,-9.828002296005814223e-04
