-4.833891759596098278e-05,1.518516350915018155e-04,5.541410856833998885e-05,4.727847867507164602e-04,-5.147736745263389174e-04,-1.288874741165839822e-03,-9.017053785424540427e-04,1.068107061747414037e-03,-2.377457861975586315e-03,5.981761005121055859e-03,-1.188522990945696392e-03,-8.700431939608777726e-03,-1.046969071236967912e-02,-1.230863619933039374e-02,-4.276489699712637295e-03,-9.990992706389216771e-01,3.710330490844626627e-02,3.774820856676965822e-03,-2.767960944492351815e-03
-1.313760834514606640e-04,6.179793729257629159e-04,6.123577731288865457e-04,1.334768110315507662e-03,1.511375711518732519e-03,-1.868510562820224980e-03,-4.236206846927602007e-03,-3.605433518743571437e-03,-1.549795548063557030e-02,3.973322688105273420e-02,4.841604124525189425e-04,2.839861829609654012e-02,6.149801504850160166e-02,9.965708232354401064e-01,1.408220622548681314e-02,-1.272042847001828708e-02,6.243625297812542899e-03,-3.295298639599626082e-04,-6.865368978473452601e-04
2.108485977422301927e-01,4.341264029485867870e-01,5.081368950781951083e-02,-4.887853677366800764e-01,-7.049261746762645886e-02,8.910046894876612333e-02,-3.555605050367370845e-01,3.954720037882447636e-01,-4.643202808127487868e-01,-1.178611668991760980e-01,1.038565194973698445e-02,1.419945773134472476e-02,-7.165476555271006742e-03,-1.934859912059755773e-03,1.931530649617791296e-03,8.718984635481275827e-04,7.276688930908650418e-04,-5.202150717989238813e-04,-2.098762584376747515e-04
2.035477666474862779e-01,4.113488080898721755e-01,4.963249002471847859e-02,-3.154189208298754377e-01,-5.507291817136100720e-02,4.545162696796638951e-02,-9.446814890552081290e-02,-1.927271096350384738e-01,6.075933607795298563e-01,5.154154983897034636e-01,-1.946175672361559125e-02,-2.995964812772268157e-02,2.924553527153140459e-03,-1.115746051049576471e-02,2.712820165523915331e-04,1.747081583944881103e-03,-1.200419523909580311e-03,2.058072312432203572e-03,3.541286024015165767e-04
2.047125157680250995e-01,3.822994616415433256e-01,2.118874365810294660e-02,-6.387869353829668528e-02,-2.981262602132209519e-02,-4.708834642874500098e-02,2.411536726486158966e-01,-3.947522666851773776e-01,1.842838392434079098e-01,-7.449055895329358412e-01,6.040632774914274881e-03,1.452323586962158894e-02,-1.206845603662315934e-02,3.219650715566473032e-02,2.636961115713935561e-03,-5.864716632289465430e-03,-7.712752636773110483e-06,-1.973032235588079858e-03,-3.432386847552087485e-04
1.975497909499842331e-01,3.480017719788578434e-01,1.194083810257431238e-02,2.071752302809614643e-01,2.643682608528049802e-02,-1.287390535968020167e-01,4.574811261781204785e-01,-3.183958364634408844e-01,-5.533940614314946105e-01,4.013202221121188185e-01,2.816318549471517538e-02,-6.123276422729332855e-03,9.768104267621086426e-03,-2.497829903162124277e-02,5.850888321495388306e-04,3.495183332828111222e-03,4.670788131948495144e-04,-9.854221105941450738e-04,7.080848978233816047e-04
1.922669621801006146e-01,3.093296966488768840e-01,2.415077945857816571e-02,4.479763592685744311e-01,4.731744860932628194e-02,-8.826509941615068300e-02,2.945167384536541699e-01,7.039845160801871948e-01,2.658150650778627888e-01,-3.427099658240657931e-02,-3.312768359651051264e-02,2.072659720992279728e-02,1.632452735859694914e-02,6.788752692744797618e-03,-6.544904164474221395e-03,-3.854643984917247739e-04,-4.308628093528354660e-04,1.699392047780296953e-03,-8.234183210414717504e-04
1.501596248859712879e-01,2.221979605168533933e-01,1.344904585115929210e-02,6.206674068724766791e-01,1.196546594083533893e-01,1.347260567398524123e-01,-6.754046401293686275e-01,-2.278045256731088264e-01,-4.045081389482982348e-02,-1.907763228711224432e-02,1.504322981269458695e-03,-1.010625440651039507e-02,-3.861660677062296251e-03,-3.929690860131785680e-03,6.600011681615605350e-04,6.265614821630819016e-04,6.335475193818972291e-04,-5.050100339563645940e-04,3.250289869791686873e-04
-8.332369950371130152e-01,4.202355462277829190e-01,3.551929444386525137e-01,4.767933888889448052e-02,4.516527988582117424e-03,-2.473909174416301718e-02,9.052341043321934788e-04,-2.254265885669067253e-03,-3.497998145228890538e-03,-5.315851891583845724e-03,8.816559378929351239e-06,-1.300560865549453158e-03,-1.457701164719992252e-03,-4.233678853922996383e-04,6.000944091920426199e-06,1.811302294787547331e-04,4.704159225671877121e-06,-5.030860568281778387e-05,-2.155112936638030701e-05
-2.477043013643798475e-01,1.971723217306917963e-01,-8.317751869513825280e-01,4.761720029947991151e-02,-3.791558238604696429e-01,-2.341428566472664174e-01,-7.993800764308636730e-02,6.854077290742066793e-03,8.854320739394705778e-03,8.230764989871675735e-03,2.188191606838376865e-02,1.799227498434473630e-03,2.740963199866812351e-04,-1.579147062402952147e-04,6.858504045434961425e-04,5.749462809697811943e-04,-8.898146055453212721e-05,-1.238834576184663747e-04,-3.024329440804988294e-04
-1.308171205472522247e-01,1.148523004954198068e-01,-3.945816515406937453e-01,-6.028207874290525403e-02,5.363659128549850275e-01,6.809188170226863068e-01,1.731941399635783252e-01,1.001598898412137638e-02,-1.015290377861373036e-02,-4.570976520743717168e-04,-1.694717406724616238e-01,2.576243501656879753e-04,-9.430027445926145516e-03,2.025895862109601368e-03,-3.572735984738205969e-03,-1.015442458949790145e-03,-1.747294969298814469e-05,9.110700110366644648e-04,4.243223891705252132e-04
-2.886880877726815883e-02,3.435114789371078448e-02,-1.252304554937305470e-01,-9.940637129802150362e-02,5.661653117875641295e-01,-3.407856338544343333e-01,-6.528607918015891243e-02,2.406200914472792982e-02,4.452275261413920354e-02,-5.270179050231445575e-03,7.236046123006499853e-01,-4.335625150850037218e-02,5.528676279756238043e-02,-3.405724348377631595e-03,1.810202285309711959e-02,-1.018216550628781893e-03,1.225171457711098132e-03,-3.327629429923019844e-03,2.586798519971612929e-04
-7.519604891861664427e-03,1.197003536763596894e-02,-6.024370972400551472e-02,-9.316316149405705349e-02,4.373904992242642065e-01,-5.108069034261565333e-01,-1.067197734919956009e-01,-2.005015838181441884e-02,-1.433733431005530497e-03,7.120918663583246898e-03,-5.716406138979258644e-01,3.130074079500310136e-01,-2.967715400214070987e-01,8.849735676162848869e-03,-1.022875781923778538e-01,1.891555657188953273e-03,-1.004963572796181140e-03,6.914387233191670971e-03,-1.793891411072929913e-04
-2.540735217973065507e-03,4.323208007587607885e-03,-2.307190834084417094e-02,-3.982566677279970879e-02,1.681164180655726481e-01,-2.122515865210882757e-01,-4.245732496681943469e-02,2.064057911128501423e-03,-1.325599934498037855e-02,-2.875106660009285608e-02,-3.299303100536757349e-01,-5.708907476827778105e-01,5.185559643013484266e-01,-2.197301246851511916e-02,4.646092210049020954e-01,-1.530915807735351792e-03,2.216482164271404943e-04,3.997445254794107505e-02,-1.085942518249580387e-02
-7.385949298150066428e-04,1.512944654078086839e-03,-6.564406604148732838e-03,-1.515926016485140762e-02,4.547566521496366337e-02,-6.006143766270092416e-02,-1.397327760912693041e-02,-9.586114638228469386e-04,-7.124717409441574424e-03,-1.497078199479678559e-02,-9.117167450195300116e-02,-3.152167418768883067e-01,2.802720942138327564e-01,2.708178577710830016e-03,-7.729496301915360634e-01,1.968332500548016818e-03,1.519277228990643588e-02,-4.576066540853113151e-01,1.595230896441372781e-02
-2.158503303074563965e-04,6.268147467506431526e-04,-2.103948826771696260e-03,-5.547618429804610125e-03,1.404573906216545660e-02,-1.951934895116410815e-02,-4.792062006031060778e-03,-2.345780042909903496e-03,-5.373178115787109223e-03,-8.942573307599935642e-03,-2.459785606069483585e-02,-1.402285468407217239e-01,1.227556210762011796e-01,3.106999861891981008e-03,-4.183309865811707384e-01,3.716076199345991118e-03,-3.468966235731981568e-02,8.873907796145068527e-01,1.485513606879186599e-02
3.346438100002261816e-05,-4.130944732601275922e-05,1.668984910710592643e-04,2.024762347263693270e-05,-5.245410201907146647e-04,1.470463948767176780e-03,1.659372890783346278e-04,-9.465601815651193207e-04,-2.214401026478764396e-04,6.504286132484447423e-04,1.902363646260561139e-03,-1.219817918771607832e-03,3.550835103856014733e-04,-1.008598129011010081e-03,-2.374888187273568874e-02,7.294130253297241052e-03,1.181157695380742473e-01,9.867329791172182660e-03,-9.926348637146529263e-01
1.364298195868479782e-05,-5.242022981137656610e-06,3.529029513504365834e-05,-2.284550826069325186e-04,-5.390246321383388882e-04,-4.789779214555647829e-05,6.227280561535028730e-04,1.618712494748454406e-04,1.528000422539600158e-03,-1.337559234470767772e-04,-1.042255632338742310e-03,-2.285602303942721979e-03,-3.761137157054496045e-03,-5.316722856478652177e-03,-9.573296738476000964e-05,3.675504457438955735e-02,9.915514592863978738e-01,3.674323115514008947e-02,1.186290814029809654e-01
-3.477505416003201164e-03,-7.525043801911749600e-04,1.503689577838206864e-04,-1.012366349786030136e-02,8.856853361485174294e-04,8.488290657491891558e-03,-1.477744446947897722e-02,-2.459025224577343974e-02,7.478135925596820881e-03,7.384417950745745911e-03,-1.517272041715417991e-02,6.726302656630266386e-01,7.360495692196143969e-01,-6.497297926183823180e-02,-6.904544598996282569e-03,-1.255783017962085885e-02,4.381021663144086219e-03,1.329465419936852596e-03,1.170884423020890390e-04
