5.534343443060202187e-05,-1.269117705451785311e-04,-5.111049154135135708e-06,-3.360657003873683568e-04,-6.737575984253982991e-04,-1.361775708540233394e-03,1.488435556126841276e-04,2.034662721860213547e-03,2.399693171239298834e-03,6.329584893567260194e-03,-1.132011401168369588e-04,1.154434184927923511e-02,9.293798430518755010e-03,-9.614875614022432015e-03,4.159623080356107498e-03,-9.991905218778101005e-01,1.305795055962618613e-02,2.447430022933667557e-02,-2.160942428853730030e-02
3.592403012250187472e-05,-6.166448809735293295e-04,-1.793521168820681245e-04,-2.182981906939525721e-03,-1.201276264822915586e-03,-4.472567411402792251e-03,-2.940635406591258095e-03,-6.357816766910510432e-03,1.866824049697380977e-03,5.067747210063411160e-03,-1.087309310285868372e-02,-3.160665207946095762e-02,-2.271017275964995474e-02,9.989551207994686877e-01,-1.151330373721866189e-02,-9.904884524094629758e-03,2.283437126719088921e-03,1.071672577585575624e-02,-3.500979948828013104e-04
-2.270137407960724496e-01,-4.414347878965327876e-01,-3.011163511436823481e-02,4.880758613469849960e-01,-5.498509018463808989e-02,3.270153147901679047e-02,-3.836885246656867032e-01,4.680256380203845490e-01,3.194628163097915086e-01,-2.025726757428078784e-01,2.132379694077885315e-02,-9.815203628489511944e-03,2.126135716934942840e-02,3.526130491468027883e-03,-2.548787640598345478e-03,3.190426693068736086e-04,-1.203282358799622137e-03,1.125285943327689791e-03,-8.287029082119554656e-04
-2.193892418788921661e-01,-4.112466866098734020e-01,-3.580151504565876053e-02,3.015081021482744483e-01,-5.300248537353324102e-02,4.351022036409819826e-02,-7.429571800367333612e-02,-2.902450681401796406e-01,-4.805180204543131328e-01,6.034665074096757786e-01,-2.295877313971441541e-02,2.070046866818023648e-02,-5.931248772990567464e-03,-3.388382966354271889e-03,-9.674207220303816411e-04,2.078186108470921577e-03,-2.743297753896677734e-03,-1.565014974786231756e-03,2.069868287405835124e-03
-2.203427860744856526e-01,-3.766301964708710925e-01,-1.934722022190361185e-02,5.411119504837253597e-02,-3.014332442680979149e-02,-7.544035302047237199e-03,2.801893871410058301e-01,-4.913184015794397341e-01,-1.427935202448206431e-01,-6.811521849837945952e-01,1.040919274597913377e-02,-2.948722191454783773e-02,-4.633892185920156573e-03,2.431407950913914409e-04,-4.953482820306069319e-04,-5.848152486281253670e-03,5.838887069120690144e-03,-5.199410191413777202e-04,-2.130995927919827459e-03
-2.117482337588959262e-01,-3.343863107771268273e-01,-2.221346902724474770e-02,-2.237609408280542833e-01,2.987256906794691011e-02,-5.944624750566090271e-02,4.756189489305673868e-01,-8.305516139843507895e-02,6.561041892931118724e-01,3.526274730689487602e-01,-6.663628253285105128e-03,1.874720916402846174e-02,-1.007625202952620045e-03,-2.524949194040561687e-03,7.610186898487911796e-04,4.065209932125910496e-03,-1.451856794532358375e-03,9.700653901003616171e-04,2.462567607225620622e-03
-2.018149673680805500e-01,-2.875552697593703466e-01,-3.784373558773281715e-02,-4.736550632498735536e-01,4.274729283273726033e-02,-1.822087744554837935e-02,2.506095165692870941e-01,6.160466152600964085e-01,-4.490712253191523895e-01,-6.091855028041053693e-02,-1.607634891210165534e-02,-5.681324344652996863e-03,-2.498046070857724843e-02,3.688257404756010733e-03,4.055451537803652154e-03,-2.861493221074573796e-04,-6.182472381036612907e-04,-1.486176379742164006e-04,-1.484574881283271626e-03
-1.549867326516458643e-01,-1.995963980055445730e-01,-3.084348087271283553e-02,-6.091423299143494674e-01,8.628266275731444335e-02,-6.396489715987714424e-03,-6.901752754915468913e-01,-2.621738442955350301e-01,1.063535927646401813e-01,-7.783637055041984359e-03,9.470308779026288121e-03,4.265028588667121152e-04,9.127698781061356278e-03,-4.938359946172692083e-03,-1.560991179912352882e-03,-1.094214855066362858e-04,4.257519154827920423e-04,3.335229301125872603e-04,-2.447204198608549336e-04
8.208610701488358030e-01,-4.546488629210458376e-01,-3.416707347538672779e-01,-4.698040544289325271e-02,-4.306583499503008837e-04,-2.167197878941681810e-02,5.175557591774091436e-03,-1.812206974534678015e-03,2.365754587388498812e-03,-5.022096307281929267e-03,1.191994963887862578e-03,1.284526163703311134e-03,1.184390884608417125e-03,-4.655215746170812837e-04,-3.270707398727438657e-05,1.529302778764075812e-04,2.015308852407133933e-06,2.022008345667502161e-05,-3.723074342890440289e-05
2.306026674460082693e-01,-1.965131861626587262e-01,8.382506873628561284e-01,-6.814732128019203306e-02,-3.936382699651746475e-01,-2.114544277854014109e-01,-2.414808938086913936e-02,9.295849932451012362e-03,-8.325623132114252575e-03,9.977104765586808019e-03,1.974957853328303953e-02,4.360417485679862109e-04,1.282821859063118129e-03,-1.330849980846280983e-03,-4.025047510216561269e-05,7.030274653528108134e-04,1.365422094832156267e-04,-2.047376907160560622e-05,-2.705219525492312993e-04
1.210866682406902678e-01,-1.141659157211549480e-01,3.981917395736506715e-01,2.923443623172004499e-02,6.207292063208444954e-01,6.313906973815963664e-01,3.425573542887434125e-02,-1.558032319747425579e-03,1.154388874182215446e-02,-9.590966493998435288e-03,-1.656188144971621756e-01,7.460483440741840118e-03,6.324798062423120891e-03,2.315277749840763833e-03,-4.085896060976549216e-04,-1.182214397335679774e-03,-5.407073730239426524e-04,-1.151056119659931831e-04,5.227191849627147889e-04
2.262783320715663904e-02,-3.507285706663158809e-02,1.169191300383584653e-01,8.105803951266275786e-02,5.238369154032223030e-01,-4.106850209614150704e-01,3.489097267712712599e-04,-1.464512729153341066e-03,-4.290650187884136740e-02,1.926508139738812922e-02,7.262589970224228031e-01,-2.143047295373640485e-02,-6.873141585479065896e-02,4.482395958215672736e-03,-8.833881478396064107e-03,-8.093445551371694505e-04,3.737401461614017848e-04,1.134072190265438245e-03,-3.087288302719335916e-04
4.004663989752800003e-03,-1.386213990838973571e-02,5.008676760530141048e-02,7.786492510282391755e-02,3.766659147176362188e-01,-5.601398341286449867e-01,-2.380953480697920940e-02,-6.517317043599953627e-04,-2.497616277040217922e-02,-4.738768111099190584e-03,-5.829535559592378124e-01,-2.267329222624454577e-01,2.976881371269357035e-01,-5.889361500093451968e-03,2.333288352158328638e-01,1.569260984042241845e-03,-3.127555687362818752e-03,-3.643753994982332645e-03,-3.049589203278965828e-03
1.162698841685275066e-03,-5.701603922312451639e-03,1.983133620655758156e-02,4.018522618355722942e-02,1.574288673321623810e-01,-2.482746483214758881e-01,-2.044642325824288370e-02,1.061355783228046565e-04,-3.664537381509756775e-03,-2.711880560642034033e-02,-2.930017262249979271e-01,4.321515018203909708e-01,-3.790195173474436019e-01,-6.936218670331063298e-03,-7.005103299670740746e-01,-1.908052286816003165e-03,-5.706579429526523195e-02,8.664312254064989935e-03,2.855580514408994491e-03
1.265658528555616230e-04,-2.394324966070143779e-03,4.990645775129335868e-03,1.853529386038941379e-02,3.945127775968727130e-02,-6.638232375679607722e-02,-1.652582045566118943e-02,-7.056243642906522961e-04,6.088405005860754449e-03,-1.927990830658270552e-02,-8.965455433305716260e-02,4.444298835869458508e-01,-4.313863254622918864e-01,8.063958546141659217e-03,5.339844085679559260e-01,1.071415386422842203e-02,5.621218796207594348e-01,1.114816850818604833e-03,-5.380083736966180703e-03
-5.814515320454736910e-05,-1.106767357398817393e-03,1.851258094916542448e-03,8.740244106096644802e-03,1.430511984387290887e-02,-2.681286984250162708e-02,-8.548004853652518137e-03,-4.120376174149178831e-03,4.093825187382460831e-03,-1.803280496756851439e-02,-3.890036680034231198e-02,2.670139935819865196e-01,-2.755961652616980562e-01,8.416309545319836452e-03,4.112625116404111103e-01,-9.199873334945240719e-03,-8.247601586800940021e-01,-1.612696515456731733e-02,4.326371667049349647e-03
-2.080493665395381282e-05,3.419838258396770068e-05,-1.581573166500615558e-04,3.005231819886325741e-04,-6.358757711226663105e-04,1.787663693604355257e-03,6.279167203519027581e-04,-1.205332291974368008e-03,1.040932165130108861e-03,3.669710233328293391e-03,5.549073158269488947e-04,-7.423438029669984653e-04,-2.208255516416405845e-03,-1.839882799536737314e-03,-1.852610873705639932e-03,2.502217075624503170e-02,-9.089800876062903087e-03,1.542820206050739829e-01,-9.876515870771310768e-01
-5.719857430719773045e-06,2.216375320274692186e-05,-8.455806285212193012e-06,2.238109729885750588e-04,-2.902122280315548803e-04,1.955262692638884870e-04,2.286128711369252089e-04,-8.397830519623451047e-04,-2.210663841975761112e-03,-4.642154027966887168e-04,-6.955834125211591027e-04,1.737389439391988930e-03,3.130644608182508396e-03,-1.002694115188727808e-02,1.348087196207969386e-02,2.086539626501678069e-02,-1.256805164088745097e-02,9.874799533637711457e-01,1.548819263153740633e-01
3.577095087444326707e-03,1.104687404027814056e-03,3.342583985282732454e-04,9.762180761554798900e-03,-2.955940195213081594e-03,-5.212243431348193359e-03,-1.652311360936633070e-02,-3.227049657601870590e-03,2.125489255836132338e-02,2.417213945145909454e-02,-8.882028998867454173e-02,-6.997085251403798445e-01,-7.064542843091549118e-01,-3.972226776337599990e-02,-1.124091945443404794e-02,-1.397765471020067859e-02,7.803448778781039812e-03,3.245110206257958031e-03,2.332611651754616482e-03
