2.025255294788625858e-05,-3.455993463476626087e-05,2.529279819263425797e-06,1.363727887765733013e-04,2.269699370537268371e-04,-7.797438662128121497e-04,5.252867433033112880e-04,1.411505380534576254e-04,-2.695873350913560902e-03,-3.540842273570519744e-03,2.065534212411084816e-04,1.146965960699294646e-03,-1.914892848947034323e-04,3.499118878167150823e-03,1.582277030518116669e-03,9.785661382210169013e-01,2.046349281667796116e-01,1.102726633571783112e-02,-1.934775259534001965e-02
-9.184716350335961788e-05,-4.585679595505035098e-04,-5.426118492035559172e-04,1.026689557466174251e-03,2.799396466834895721e-04,1.340373144193229577e-03,-2.929155254134112318e-03,-2.046118181233777533e-03,-1.216983538686225441e-03,-2.439538407063678374e-02,-2.916581989813448340e-03,4.888871474956037882e-02,3.251405570791917471e-02,-9.976744913792889857e-01,-2.240255789626172112e-02,3.777014356009252873e-03,-1.178970843143773003e-03,4.771074855873468600e-03,6.059242357489860904e-03
-2.268794212282438938e-01,-4.354729323078266878e-01,-2.590650770074319487e-02,-4.792226260467604138e-01,6.985997385437409113e-02,-3.887128633578308401e-01,-1.109511969835555861e-01,-4.471898028263204816e-01,-3.852161565589986014e-01,1.069582801592238175e-01,6.484836561363433935e-03,-1.165277005169147555e-02,-1.444628490536639664e-02,-2.539504589238683174e-03,-8.391886983206817488e-03,-5.996715560597571304e-04,-9.602860531812733779e-04,1.340033686207025903e-04,-5.641002097680217426e-04
-2.179223894683747498e-01,-4.081958683287882361e-01,-2.895752149238361300e-02,-3.046625941913190250e-01,4.590977011784280748e-02,-6.918598904255236770e-02,-2.344254254147452171e-02,2.664635417430980535e-01,6.097346700080835680e-01,-4.914512874567744105e-01,6.554497141993550005e-03,-1.201795963844917367e-02,7.482633057935666500e-03,1.000721426937493073e-02,1.142221223718986600e-02,-5.908180478421383528e-04,2.033078342847842793e-03,-3.341969855270812044e-04,1.423790161524386829e-03
-2.194354146072528544e-01,-3.758973785682778179e-01,-1.173651139365353147e-02,-6.115968638699611354e-02,4.313409141892844689e-02,2.485172570513912715e-01,6.343063995204324679e-02,4.311732691807123596e-01,7.415232673382859963e-02,7.387828966156452237e-01,1.862946742690518853e-02,3.315243017384390811e-02,-4.297407232149668896e-03,-1.715781531796236811e-02,-6.912594411803967866e-03,2.891156429098956648e-03,4.379146730938102030e-04,-6.496479857675654989e-04,-1.141997497145317382e-03
-2.115725788377404160e-01,-3.385217729491884486e-01,-2.335141733369775624e-02,2.001687459422328008e-01,-2.737227835793903941e-02,4.621001749608319997e-01,5.884545536621445944e-02,2.062482064943798321e-01,-5.892890293080952357e-01,-4.370026946930012368e-01,-3.043692325930130727e-02,-2.060654350812133467e-02,4.493748607669624355e-03,1.099881214399986776e-02,1.931109697406275172e-03,-2.529526002836234543e-03,-1.950341126790006629e-03,9.654883261893922519e-04,5.757294481771740597e-04
-2.028277211024715754e-01,-2.929860985510002735e-01,-3.775367412508381926e-02,4.698935455601652711e-01,-2.560467133854679375e-02,3.011282516368160578e-01,-2.833806680399250655e-02,-6.552131955257145535e-01,3.494186005064193745e-01,7.820115699947770282e-02,-1.852643611932077231e-02,2.809194817882628911e-02,-4.069878820110061539e-04,1.500979849347791476e-03,2.728614020990438854e-03,1.408972809178963290e-03,4.171511418391620971e-04,-6.179756105324489155e-04,-7.770867175361586296e-05
-1.597337390983332994e-01,-2.047862186026308262e-01,-4.006358248907738312e-02,6.107192512295990250e-01,-1.432862940189052192e-01,-6.873554067677263291e-01,7.499048264494649618e-02,2.355748586958128499e-01,-5.870316657800143945e-02,-6.597669765754079411e-05,1.508843469095481199e-02,-1.026930227553890691e-02,8.662825359465565686e-03,-1.089503996256179245e-03,-5.088794041343565723e-04,-8.544867068399550607e-04,7.337260950833478267e-05,8.010815275527827456e-04,-2.926832292302524179e-04
8.208910307936085893e-01,-4.580637502827367147e-01,-3.380316291878487922e-01,4.210518525668124207e-02,1.535164326304381622e-03,4.659318186598078101e-03,1.413700432274769825e-02,8.017444512297606553e-04,-3.017342300685699110e-03,5.863171407312776744e-03,2.393699568354087752e-03,-1.820394803790927182e-03,4.236056712278777714e-04,1.051115167320884776e-04,-7.034438217225260086e-05,-3.371329075835519833e-05,2.292558957555764025e-05,3.839456066318687591e-05,-1.669000597887505000e-05
2.293013358720672468e-01,-1.891869733282413035e-01,8.318480551282674273e-01,9.434182726232140381e-02,4.347417817950308683e-01,-4.120153873169660197e-02,1.355227628516380844e-01,-1.362986578484867012e-02,-3.000050581554024320e-03,-2.285880645441840803e-02,3.107547251601322849e-02,5.031455888332736796e-04,-3.108048454117064239e-03,-1.962983680903969451e-04,-1.445204691894307752e-04,-2.748204263581342918e-04,-2.929314895009909746e-04,1.217712798108294106e-04,-2.900732846748226273e-04
1.205098939171761335e-01,-1.147446512769403071e-01,4.189011077736083388e-01,-5.556395630639153482e-02,-7.424856478760121226e-01,4.510269338097561143e-02,-4.475110669923957341e-01,3.476279140525943834e-02,1.278905956835190219e-02,2.970654903538838543e-02,-1.943609084821183719e-01,-5.066922001240295806e-03,1.005736691687158894e-02,7.412008562706279887e-04,9.690390614298887264e-04,6.992118377561243846e-04,-2.370092749523352801e-04,-3.497118649355375258e-04,7.484514039650035045e-04
2.199065763546377214e-02,-3.373936545893898437e-02,1.100635853720113716e-01,-1.140261861816604244e-01,-4.301813982790365087e-01,2.907379055842293850e-02,5.357749527474211515e-01,-8.926922687703252313e-02,8.614920840825348453e-03,-1.635301299768475783e-02,7.011556112077717007e-01,1.782781080164531212e-02,-5.848334962674991977e-03,-2.572343148418248550e-03,-2.430618526189826361e-03,-8.674416621082347125e-04,2.315282383550361280e-03,9.816501602156006961e-04,-2.126567705953212335e-03
2.577233737574547399e-03,-1.112252331890751025e-02,2.939068320556423655e-02,-1.039465124559957737e-01,-2.008848922587943564e-01,-2.283634507245473760e-02,6.462186776919933706e-01,-7.208349078500968232e-02,2.723334291717375427e-02,8.686938682983830901e-03,-6.478316866422410003e-01,-8.524544846426984623e-02,-3.070892182952283944e-01,-1.554799868145311306e-02,4.700985178761634548e-02,-3.623839848590965952e-04,1.724990780634872963e-03,-7.964147452766135978e-04,1.056318891491816016e-03
4.917223854599932350e-04,-4.232500872598073810e-03,8.559414111684640267e-03,-4.326730557447319714e-02,-5.584712330047819639e-02,-1.021712824787993946e-02,2.079672005931469114e-01,-2.935099458292387414e-02,3.335765949716497803e-03,-2.949286767081619109e-04,-2.032791617029859887e-01,1.579765203967755660e-01,8.098989150308959495e-01,4.476051498262870187e-02,-4.564179781400768965e-01,2.806999354619954881e-02,-1.294162516437074306e-01,-9.120763622180369772e-04,2.483404923288283841e-02
1.065353884195749824e-04,-1.849939385711919316e-03,3.161237367055555122e-03,-1.899903268077582016e-02,-1.851888901319313427e-02,-6.090719251963511334e-03,7.635565681717132458e-02,-1.416007784705807307e-02,-9.532266676371730502e-03,1.042896861243923848e-02,-7.308365913950609638e-02,7.857494760784902721e-02,4.208926077739642557e-01,5.901199127968325374e-04,6.709868590840988301e-01,-1.232383330595666071e-01,5.745910550125565841e-01,1.220298567066672134e-02,-9.292049111012035123e-02
-3.460266696343849670e-05,-7.835561083625736112e-04,8.718477122625611355e-04,-7.842650554353246956e-03,-5.914756514017235206e-03,-3.637068897157394193e-03,2.535526117478783398e-02,-5.469013333017090465e-03,-4.695516695562034458e-03,7.463841513152036193e-03,-1.901974723372808554e-02,3.025904779161358790e-02,1.780657306207022172e-01,-3.961420402546953455e-03,5.813010708039142438e-01,1.621271551925242693e-01,-7.707108828313428139e-01,-1.179335320209274132e-02,8.835945486549805217e-02
-2.257275056825897307e-05,1.938826985408482575e-05,-1.485340574997008535e-04,-2.107490914587530171e-04,-1.370695006974661254e-04,2.971341788710308391e-04,-6.911430583645603292e-04,4.500888723844307174e-04,1.441543956127171134e-03,-2.089071758387222449e-03,-2.503749973146313524e-03,1.135132703622867287e-03,-4.168715156925698918e-03,-4.452801689433918964e-03,-2.253415986927773465e-02,6.242197561019316616e-03,-1.311085400654553590e-01,1.703116067809884726e-01,-9.763225358654771258e-01
-1.811114209255913060e-05,1.999152908703035437e-05,-1.531184321502788627e-06,-3.341618917236973524e-04,2.447175894387050208e-04,4.681390852619351107e-04,-6.018101924900833748e-04,-3.287337685826414850e-04,1.055719834549749070e-03,1.364154767608058731e-03,-2.902334991597754006e-04,-2.542017446714295911e-03,-1.688976513120301910e-03,5.453097930355899590e-03,2.240582627548112077e-03,-8.548736080338525251e-03,3.921977445731755427e-03,9.851669362853766598e-01,1.712006206120266771e-01
3.526252543831292184e-03,8.461679434048888140e-04,-6.265568050686800791e-05,-8.786841203324388672e-03,-4.471552611283013956e-03,-2.011941983198259343e-02,2.913829887933554966e-03,1.065817127802660275e-02,-1.997698480362195689e-02,-3.984831215375692071e-02,-3.126783994199578559e-02,9.773649310766046039e-01,-1.982442603278893600e-01,4.230724353605871957e-02,7.364468456550750212e-03,-1.242979730190825081e-03,-1.379935993427305798e-03,1.621286790008108622e-03,2.215212993553333180e-03
