-3.510111157691443023e-05,9.739727324085023681e-05,-1.966471986944492092e-05,-2.439798546123992566e-04,5.495070882187967111e-04,-1.101516643478688386e-03,1.457060236120744307e-04,4.344312718809111647e-04,-1.705582031594291177e-03,3.066406741395956599e-03,1.591550360848771010e-04,-5.442546815756092379e-03,-2.307555760240648137e-04,-7.492748453544359651e-03,4.429207953120531394e-03,9.996530524044040522e-01,-1.283640373540872667e-02,-1.185174211844228394e-02,1.640033415484993054e-02
-1.389608859802304625e-04,6.533732035098857626e-04,7.265548622369240274e-04,-2.245564767598359681e-03,1.417233599149536356e-03,-2.129359982382159500e-03,-5.362191363325457052e-03,-1.074321398536445121e-02,-3.143811136996359397e-03,2.024043995299581317e-02,-2.117384443424327398e-02,7.291744148266500469e-02,3.936047587304684903e-02,9.959942625255799875e-01,5.398615614716884004e-03,7.744815968167836212e-03,2.101432220156331833e-03,-1.857106649521983151e-03,2.759860789596315245e-03
2.196571743832292922e-01,4.438681503409494522e-01,3.211862691645327172e-02,4.837456578107997562e-01,6.294099641903863618e-02,-1.888676343043613204e-01,3.492378500042389589e-01,-4.058400404512111925e-01,-4.243699494112962434e-01,-1.102104947077988950e-01,-2.821790025202465871e-02,-1.668412210475968271e-02,-8.020778267457373198e-03,-3.342476426792912142e-04,-2.233370727653137110e-03,-4.803748516743983695e-04,1.948031393166736822e-03,-5.209160877415786083e-04,-1.007953102099563007e-04
2.107688088365121670e-01,4.155203171280414942e-01,3.244597501911582887e-02,2.990716707541648534e-01,3.942959916546495691e-02,4.581916389070250415e-04,6.679110601397220126e-02,1.959168607633413883e-01,6.281985527627483856e-01,5.024602222795510054e-01,2.888855028693439880e-02,-4.161914410323203431e-03,-6.878030141876772738e-03,-4.218776540912960726e-03,2.113559346737861611e-03,-6.276092732240666364e-04,-5.420751640323884105e-04,8.193897732375822647e-04,9.487609937904888015e-04
2.113814467895732407e-01,3.815558777100675480e-01,1.228483487155998012e-02,6.586177102812738882e-02,3.444425638861207950e-02,1.750070426010261193e-01,-2.152711008793554148e-01,4.261016866701038408e-01,1.163276753123176632e-01,-7.278025099275406973e-01,-2.661812218875360056e-02,2.888465490464964605e-02,2.145628113133098841e-02,1.533362102287918333e-02,-6.697501271950876550e-03,2.760257216756044005e-03,-1.590178671241078163e-03,-1.262035331451341310e-04,-2.039309115460313619e-03
2.011525154794180925e-01,3.408196647599215368e-01,6.456002360864658216e-03,-2.209270678897226892e-01,-9.479506661407597484e-03,2.311517170872203486e-01,-4.035637107500664733e-01,2.392984921617569150e-01,-5.719007207860395958e-01,4.386354488958209563e-01,3.456130976081134287e-02,-9.679459119528780603e-03,3.861204291068801898e-03,-9.217027039502691949e-03,2.728526367574027854e-03,-2.338107943262059899e-03,1.812265503634923882e-03,3.046446317702244046e-05,2.243020780902705864e-03
1.922065398866487085e-01,2.951262849588754955e-01,1.528381980256490746e-02,-4.807248292069756235e-01,-4.306401684984080547e-02,1.120367956360140277e-01,-2.451034202566167997e-01,-6.910531737632211735e-01,2.872779774898507332e-01,-9.441526848651930759e-02,1.478267809546339982e-02,2.158525946182233285e-02,-1.907942224598144915e-02,-7.454737391660143896e-03,6.036151298665514212e-03,1.150220377266048021e-03,-1.946788959117200886e-03,1.271800555051377432e-04,-1.320851272287076623e-03
1.487864833704556355e-01,2.108463241275163602e-01,6.154469091522985456e-03,-6.018678633984968496e-01,-1.076290992635550725e-01,-4.333369463996045168e-01,5.388909434833065726e-01,2.819287757780697956e-01,-3.311761868258183972e-02,-9.003055373338049103e-03,-2.145010229094390999e-02,-1.331262752772216160e-02,5.832659671974669939e-03,4.073209897268919265e-03,-2.150623644228874618e-03,-8.462283161858285803e-04,4.867963976352350204e-05,-4.884168124928123765e-04,1.844103053235427120e-04
-8.337695739424865193e-01,4.458703581023715223e-01,3.212262776579312695e-01,-5.009167703024826335e-02,5.483812827939171450e-03,-9.892598721027165767e-03,-1.226500229095918264e-02,2.110832970112786096e-03,-3.280978965173937233e-03,-5.293894846743888924e-03,-2.460240507316337200e-03,-2.049076298260784929e-03,3.563062290487658754e-04,-6.470689724237411317e-04,6.879220993024973954e-05,-9.743316816333232641e-05,-1.943678251504903323e-05,-6.346889788538412228e-06,1.481378249151822287e-05
-2.287526189815939359e-01,1.626958297920552687e-01,-8.407853637018870563e-01,-4.703966975511503917e-02,4.351390359024559507e-01,-1.339888149673551798e-01,-6.250154284918281455e-02,-3.749682891751043076e-03,1.061738898151566926e-02,7.608012845222359051e-03,-2.582609082910876722e-02,4.224357988917347515e-04,-3.105074577402752983e-03,-1.488431278859388618e-03,5.640791845594920596e-06,-4.296258186310460830e-04,2.336114371402760409e-04,-7.915309518349448797e-05,-4.280833124574330291e-04
-1.226082548082388785e-01,1.031288811978972458e-01,-4.173547473290584731e-01,5.296668420545821987e-02,-7.316909324564043748e-01,4.048794906035380059e-01,2.497508731139077287e-01,-1.184790545762790664e-02,-8.607934877779123070e-03,-9.907022546299144514e-03,1.878551379311121650e-01,-4.666971789083171102e-04,2.329914511610561411e-03,7.566606942003468311e-03,-3.062285210067031355e-04,8.311386535747051357e-04,-4.585617280703262123e-04,4.061742039599203278e-05,7.785220061904577849e-04
-2.332981801097660374e-02,3.150237506858196562e-02,-1.102140499977904836e-01,1.047164442259191364e-01,-4.402335152513849881e-01,-4.047441924659640478e-01,-3.268172374363866317e-01,-1.898021502668778299e-03,1.909689899682754516e-02,2.524369041943122158e-02,-7.123699251364690177e-01,1.334671858545080809e-02,4.309860736085348309e-02,-1.999877561176389984e-02,-5.192220886725103712e-04,-9.426065354247611353e-05,1.227152292312359014e-03,-6.820437704807647081e-04,-1.860067994109270133e-03
-3.454834687799263233e-03,9.991639298435510755e-03,-2.949823133876690318e-02,9.563283874664631201e-02,-2.262254667110954742e-01,-5.116239088006399038e-01,-3.371411226400652938e-01,1.671467483001794554e-02,4.095789341727844660e-03,-5.073614189940443830e-02,5.719701167158275368e-01,-1.298562129584311386e-01,-4.467527614173247286e-01,3.757093683128193834e-02,1.230100823281804756e-01,-1.557734447352325611e-03,-1.576136592492229094e-02,2.533238332645524997e-03,4.593159419527477515e-04
-1.234892131926909305e-03,4.295299783185361868e-03,-1.105452873654753226e-02,4.300724078257130850e-02,-9.312450792896796725e-02,-2.445790269440030473e-01,-1.509845580151377153e-01,-1.707881761053329020e-02,3.281660553360577024e-03,-3.422560418572695874e-03,3.173625423703851922e-01,1.913710268836076589e-01,6.318735319179862309e-01,-3.067489563494918761e-02,-5.881490682893388833e-01,4.859660299896099295e-03,1.497359022574446807e-01,-4.765553966868498956e-03,2.175231352906347934e-02
-3.534226235169543140e-04,2.110698729573392846e-03,-3.981080949223833772e-03,2.100768111989049711e-02,-3.424502370995049366e-02,-1.028384892200134987e-01,-5.608101062278210425e-02,-8.059419747425609210e-03,-2.287062018633675628e-03,-8.274303464395554126e-04,1.413047283016892197e-01,1.531364148595650843e-01,4.920139775383519654e-01,-2.960854612636128549e-02,5.614750081261757897e-01,-8.369355317913638320e-03,-6.123116262874381821e-01,-8.356808541813295910e-03,-8.878074046344626435e-02
-9.255889373676851560e-05,9.126141801797426137e-04,-1.478008764539441794e-03,8.762121887921747732e-03,-1.379905046764319347e-02,-4.363004037172826810e-02,-2.244030752897164735e-02,-3.091052875228870230e-03,1.394219356325026270e-03,-3.560818609441072577e-03,6.371423164348601065e-02,8.940556629596117799e-02,2.597446751663496922e-01,-2.054301148864357690e-02,5.685296521140043025e-01,6.447347041474043791e-03,7.655282985477140922e-01,1.822335806192462715e-02,8.788110891967935989e-02
1.229658378022109102e-05,-6.245569326273489531e-05,2.314137052694282279e-04,-1.086946014767023878e-04,-2.080075762553472484e-04,9.257709652435296577e-04,2.579108917180381435e-04,9.258525278503242258e-04,-7.131567943612080514e-04,2.762008429955950441e-03,1.873714235826168121e-03,-4.200891169652055425e-03,-7.241338319754076457e-03,2.550491522224069760e-03,-1.044975873831889210e-02,1.504579401032828979e-02,1.268318918086167590e-01,-2.116677620935617787e-01,-9.688574329147956465e-01
3.644679879464612714e-05,-4.672484628724028816e-06,5.921528309947463677e-05,1.705649520182518858e-04,2.243906897085293413e-04,4.161504943865370308e-04,-3.990254903253106903e-04,5.781793498929898376e-06,1.076078045011009737e-03,-3.829401319069238767e-04,1.227272952941628123e-04,-4.404881270347672448e-03,-8.043350443048448298e-04,-1.966503136902347619e-03,1.123635350578076030e-02,-1.525677181168706015e-02,-8.559688941032780538e-03,-9.770365247695224076e-01,2.119945348623839265e-01
-3.445113584287449668e-03,-1.737031807334258899e-03,1.464387018690743985e-03,6.858037046854933982e-03,-2.014562285349885175e-04,-8.769606932622143677e-03,2.252603345216444564e-02,1.100804253696954262e-02,-2.091144659737247460e-02,2.114558125490395221e-02,-2.616439190075713333e-03,9.526999402249302085e-01,-2.951994630056945512e-01,-5.837571065729801195e-02,-9.035602238769790615e-03,4.510779764001908096e-03,-5.232961450084466608e-03,-4.442163641551226914e-03,-1.546762616584500608e-03
