-3.279184868351658222e-05,9.584248712154932320e-05,-2.302906389032644604e-05,3.932912624910853854e-04,4.438120160494097113e-04,5.873696324433805641e-04,-9.455691656382039442e-04,-1.407821157624903653e-03,2.414199234044697804e-03,4.746566240303384636e-03,-1.321865865296907670e-04,4.438667852926290666e-03,-6.476519504378281137e-04,9.193151160753986612e-03,1.736905624111392474e-02,9.983378379474244779e-01,4.687495035139950528e-02,-2.610688782315694068e-02,-2.110015754121032788e-03
-2.314353563408908182e-04,6.152797705189372171e-04,-1.164642397422630579e-04,2.874978039024118828e-03,-2.718060306413989241e-03,3.228999182107201906e-03,-3.026872747542013430e-03,-9.045332349021464186e-03,5.344035290875858574e-03,2.782060057292528796e-02,8.702953631655140770e-03,-9.481848279727896067e-02,-4.217481296312648037e-02,-9.937621801925797804e-01,-2.105340894552819656e-02,9.744353624821443585e-03,5.400822305201135633e-03,9.733174158043211149e-03,-3.094554067371498799e-03
2.092277395707561882e-01,4.383839206470515615e-01,2.698549456385128387e-02,-4.814894755275992422e-01,5.921509845829345253e-02,-2.009662242916715469e-01,-3.195357807076811274e-01,-4.292159955368425317e-01,4.069217301184746560e-01,-1.833239485284765824e-01,1.672206417496906530e-02,-2.408707443729652363e-03,-4.130079863063721574e-02,2.233982597863476416e-03,-7.967471279449141186e-03,-6.709943013201924910e-04,2.441334889477132656e-04,1.622753754860608373e-04,2.542581825168180234e-03
2.021255072767504379e-01,4.130777278423685694e-01,2.806518831521906399e-02,-3.065505987898176077e-01,4.454961702979663013e-02,-8.421058864936890875e-02,-6.666589422179207414e-02,1.675284998447751084e-01,-5.797383749219011673e-01,5.597079325963110197e-01,-2.184806189181980746e-02,2.219929106166220259e-02,4.045849616251286085e-02,5.859691903928706397e-03,1.224434745367731711e-02,-1.268042752967342163e-03,-6.852837314613735315e-04,4.913466172736837001e-04,-1.321329188571686471e-03
2.040278462044748387e-01,3.834346133299869064e-01,9.155808874931089039e-03,-8.010278619657504318e-02,4.927765702631373146e-02,1.215400108584731298e-01,1.966449135406492799e-01,5.428090881227743969e-01,-1.313159711687923170e-01,-6.602260070986689655e-01,1.190133428609293186e-02,-1.951049058425685656e-02,3.661598384081289192e-03,-2.242053976903103998e-02,-1.148166022858583719e-02,4.766135094261749784e-03,1.471837273442986444e-04,-1.436690403775826375e-03,-1.332757057569968059e-03
1.969792221301339963e-01,3.488490701354879375e-01,1.140099472492266466e-02,2.059354645815271723e-01,3.770599189717058815e-03,2.387441317592268741e-01,4.285119874321237088e-01,1.644048497911786422e-01,5.879066062009714599e-01,4.277498326409460705e-01,-1.236388663466633960e-02,1.205650524666137050e-02,1.512933999130489440e-02,1.186749921664453228e-02,3.819229543808872005e-03,-3.266871241761911456e-03,2.185271214723968826e-04,1.297548753148826004e-03,-7.819335756063393490e-04
1.906915302046051364e-01,3.086412049848032413e-01,2.763068447917512924e-02,4.595888248463387282e-01,-4.050785550462464996e-02,1.183500410658269025e-01,2.775161022594508919e-01,-6.375427769301141856e-01,-3.567794275490682177e-01,-1.684565356465954067e-01,-5.557078601618106045e-03,-3.250418228159938916e-02,-2.168715230336005703e-02,4.161841092899251117e-03,4.673270251499609534e-03,7.817729768558569691e-04,-3.003662403434242977e-04,-6.442765403452175134e-04,1.108825223433708949e-03
1.493800294520292449e-01,2.205733965819003661e-01,2.751743481089151053e-02,6.139357046520753647e-01,-1.590050884676744436e-01,-2.168073880157997124e-01,-6.467810399133695487e-01,2.316011135916367369e-01,7.665002968905716696e-02,3.063330494984144170e-02,8.146881701039759144e-03,1.411383954126672023e-02,4.743882070522196202e-03,1.283426345323720628e-03,-1.147692841319052038e-03,-7.527510160614672230e-04,6.130429213352151007e-04,1.441302741360550740e-04,-4.931439464655984180e-04
-8.450795318018242686e-01,4.339501068140442230e-01,3.088922693983713885e-01,4.166034681406049350e-02,9.200866864338266143e-03,1.594839070078966567e-02,-1.093706666541883598e-03,2.672022371391986201e-03,2.102241515794867673e-03,-4.848211455509714857e-03,1.160616036221001190e-03,1.063132643490830986e-03,8.004413621528318819e-05,3.351287201072675648e-04,2.063864982768203227e-05,-8.062172207004972074e-05,1.606060117822649899e-05,-1.522771878792217957e-05,-1.148234990217693769e-05
-2.188998065708024354e-01,1.606436617120227672e-01,-8.532030581473774022e-01,7.639123726930115155e-02,4.070458180000730009e-01,1.199246900833903090e-01,-1.063767268330286786e-01,-1.735730566110129519e-02,-1.042637328296156483e-02,1.349702609969892671e-02,2.245504264022068000e-02,-3.493452105323982472e-04,-1.898134212996531543e-03,8.525579207143902435e-04,1.475311268626054706e-04,-5.011898100579971092e-04,7.135624204931686317e-06,-2.041014890559673164e-04,-1.461781925311499402e-04
-1.169783711644539342e-01,9.772739660573047382e-02,-4.033541625758613747e-01,-6.898977624880259230e-02,-7.310252272139003971e-01,-4.267225054343473656e-01,2.528770555197685788e-01,2.194647222051174587e-02,1.347215027561287151e-02,-2.225053639869278496e-02,-1.660295673053924226e-01,9.394930683707131830e-03,-7.098849263112925502e-03,-3.004577002988859189e-03,-3.104977175229290038e-04,8.997669396465353625e-04,9.518786680856738285e-05,4.783311930196014667e-04,1.257966514305701011e-03
-2.183048153625303037e-02,2.802109934912374797e-02,-9.795350616314857373e-02,-1.158389769799890168e-01,-4.360052006034670358e-01,4.856269720787156907e-01,-1.708966121717554465e-01,-3.394794900131094945e-02,-2.836446842208826397e-02,2.001771751158782503e-02,7.140370475687936036e-01,-3.468227328934033599e-02,8.388108556560745777e-02,9.782603855835948076e-03,-3.723534152381500779e-03,-6.002859525257817368e-05,-2.672248823739581760e-04,-1.966765221523762101e-03,-5.091429069301135757e-03
-3.836664378818618014e-03,9.107919282451706899e-03,-3.025684631848354206e-02,-9.530316645627258387e-02,-2.503828294937976429e-01,5.592045171519770541e-01,-2.335001816825933996e-01,-1.537638839370652349e-02,-2.663151332059079945e-02,5.912038871846604128e-03,-5.514365048978743244e-01,4.644595270286940719e-02,-4.849910033288066247e-01,1.164792719273055437e-02,1.316202008371468168e-01,-3.284325447876576369e-03,-1.351148055809490859e-03,1.891165478745597409e-03,-8.275578718533727757e-03
-1.443685994495445086e-03,3.589399690010094696e-03,-1.221798625726051163e-02,-4.309568139364924194e-02,-1.030663879750466916e-01,2.528592737776932386e-01,-1.164151099418710700e-01,-4.662036712971063396e-02,4.988265229955909756e-03,-2.024835158727752646e-02,-3.522266997602903071e-01,-2.584167824923294665e-02,6.504960525543960204e-01,-1.534653088697488475e-02,-5.713681262911859404e-01,1.066688530377962046e-02,2.200856457581433848e-03,-1.894778548655538493e-04,1.804575816458912352e-01
-4.807258955884919195e-04,1.597756587961259196e-03,-4.644738053304287885e-03,-1.992882716995892506e-02,-3.696122807828411405e-02,9.483510011523600680e-02,-5.050410046928060365e-02,-2.838665678359137551e-02,1.511041814641999291e-02,-2.979286428163286510e-02,-1.633038328176911747e-01,-2.058996826062417518e-02,4.899173690925515690e-01,-2.894142481056352634e-02,5.109137771454294041e-01,-1.025154245510539498e-02,1.486574720327743689e-02,4.662032190359899700e-03,-6.748457748204955697e-01
-1.360828910704478046e-04,7.390891454676633710e-04,-1.851430818483189257e-03,-8.832637503394386025e-03,-1.361019878795989568e-02,3.702382222161384323e-02,-2.187294816146746756e-02,-1.115463008761801746e-02,1.109949620462801975e-02,-2.106327815230800080e-02,-6.672318847975658440e-02,-2.163621050238689544e-02,2.929160552819847774e-01,-2.707009512367759135e-02,6.276331132693413473e-01,-8.417457911255222039e-03,-1.951401835475672156e-02,-1.820963656996800809e-02,7.148657200231562925e-01
1.738188822426059988e-05,-3.532342866649382875e-05,1.324514901045047328e-04,-5.399513779741888886e-05,1.031615823132793834e-05,-5.345922165769003689e-04,1.706776017222744299e-04,1.087993751565218280e-04,7.020388792520285961e-04,2.363487635627176814e-03,-1.896807545363554150e-03,-5.045622307894111723e-03,-5.361705498541846290e-03,-8.088261528389558905e-03,-8.276434121689711307e-03,-3.346716738010074854e-02,1.684562262112886399e-01,-9.849675829161907981e-01,-1.196486324116936666e-02
1.725314166224825918e-05,-8.855023521673958717e-06,1.547791549844872562e-05,-2.937623787335004368e-04,2.137164701580616239e-04,-1.279289392348647409e-04,7.004614321690666879e-04,2.999250937122988452e-05,-1.135920062576288234e-03,-4.907119414034694050e-04,1.832008144159652952e-03,5.901790357744943552e-03,-2.229496546527215926e-03,5.892081890182820220e-03,6.905236201543755135e-03,-4.192700106711143987e-02,9.842582759383610158e-01,1.693121366661597682e-01,2.614277416200319962e-02
-3.007445068431181378e-03,-1.517332728238774547e-03,-7.079989410096145701e-04,-7.531817723700632954e-03,-5.296339138103094884e-04,-1.238024135414642762e-02,-1.535439347832563521e-02,2.389231067830066557e-02,7.231089711957980858e-03,3.542625171887318902e-02,-3.977776209204277047e-02,-9.917860880620258390e-01,-5.328310124931633085e-02,9.748391327959005093e-02,-5.504631096015967376e-04,3.236030356980323323e-03,4.702560011953771900e-03,5.516222054229486665e-03,-6.043999739976346243e-03
