4.967871011675778947e-05,-1.361874793696959453e-04,-5.121714701382139220e-06,-4.193696796376303023e-04,5.169958061832586249e-04,1.427113827318024237e-03,-4.611930005028070929e-04,-7.743921948806389106e-04,-1.131329081706308965e-03,-5.788115638660358032e-03,1.443062623847385373e-03,2.828678556994819026e-03,-1.570712667823323874e-02,-1.140463459555694607e-02,6.445491656279818057e-03,9.991317540563906530e-01,-1.216171751216956268e-02,-3.331080624331857198e-02,3.423112050450933651e-03
-3.652547243573494890e-05,-5.695712624536090288e-04,-4.544633507005630475e-04,-1.731397721674903835e-03,3.389877135084877111e-04,3.494318010426468446e-03,-3.808377069166556106e-03,-7.554898573953278997e-03,8.646238828682491218e-03,-1.697829078311257830e-02,7.768644318210459615e-03,-1.685810800763531047e-03,-1.139717591901608443e-02,9.994691821944601262e-01,-1.633672448896913987e-02,1.103838780837795679e-02,-1.204564903205045676e-03,-5.236668799182899424e-03,-4.482846371738785120e-04
-2.131174792481418112e-01,-4.474684350486938245e-01,5.425164093933439180e-02,4.800207746711425139e-01,7.037747306678937553e-02,-5.642520893685877732e-03,-4.052488903555735988e-01,-4.550737391248186325e-01,-3.740367636491981340e-01,5.920200602217699087e-02,-4.536744685759960642e-03,-2.907918500427055658e-02,-1.850926583451688312e-02,-4.866918370287880570e-04,-7.277381233857454536e-03,-6.240709788330325381e-04,3.808860910598036494e-03,-2.780516727934188208e-04,9.130622210308628499e-04
-2.046114598663398565e-01,-4.184600894223718393e-01,5.074058924703470086e-02,2.989306640994264797e-01,5.266690835845772717e-02,-4.104202164418885995e-02,-6.074149411368789248e-02,3.123443463228756101e-01,6.385432188689114108e-01,-3.937807068981547531e-01,1.469579632147512971e-01,2.795157321841825263e-02,-7.995121647049114808e-03,-1.076890335999884131e-02,3.593205495636245944e-03,-1.784107320410774572e-03,-2.378946111280838115e-03,1.081575267702431170e-03,-1.717166805702392612e-03
-2.051816381398876010e-01,-3.829299701299503922e-01,1.868460023360504069e-02,5.116798705872419722e-02,3.592963216480708766e-02,-5.887335853403770879e-03,2.661881004393341632e-01,4.128036575233591243e-01,-2.668037422406160236e-02,7.007210873571818599e-01,-2.672118724007550017e-01,-2.084413800075683720e-02,4.167169360776716569e-02,1.852748807066630782e-02,-4.284340334226719414e-03,5.721352978450697929e-03,-4.224091866601600506e-03,-8.837993960573084225e-05,1.416663551371090358e-03
-1.951858871093201386e-01,-3.444333234471249061e-01,-5.267435325302752616e-03,-2.129323051738088168e-01,-2.224570700447838986e-02,3.228540085873945337e-02,4.667740999777328370e-01,1.739898490553672405e-01,-5.509409002645225817e-01,-4.686399538092151373e-01,1.519215631486242613e-01,3.869749242377198278e-02,-2.028836781354765098e-02,-1.997968476702867858e-03,5.458656911736200525e-03,-3.837893154370900384e-03,3.186444486045162099e-03,-8.506498627173057769e-04,-2.131628131183256093e-03
-1.866283003112722827e-01,-3.004196098090257672e-01,-1.735557362137383694e-02,-4.521721551810872763e-01,-4.147063546015904156e-02,2.995692937989222898e-02,2.880552658542494537e-01,-6.567152792837145370e-01,3.772944397528537608e-01,9.444835483417440836e-02,-3.341877593294235310e-02,-1.948949038395257974e-02,2.128642931382512815e-02,-6.037592538450244073e-03,5.176896671925720200e-03,6.877568978038385225e-04,-2.840494134007229190e-04,2.009452337583079930e-04,1.958700060935588023e-03
-1.457813479188593553e-01,-2.129485830492841014e-01,-1.875672695954344951e-02,-6.271259714074172154e-01,-1.309918394059844116e-01,1.823379606655339477e-02,-6.759020113160787435e-01,2.476315813495776064e-01,-6.291021614161769471e-02,3.269969440528751672e-03,-2.641249088723867690e-04,4.630423172755901429e-03,-1.037309202331626774e-02,-1.485104416360691262e-03,-2.251122174131912380e-03,-6.030516096483342671e-04,-3.332110365614701923e-04,-2.119256973576195274e-04,-5.883451908000062120e-04
8.343953562055690387e-01,-4.281845156238752725e-01,3.397670647824463375e-01,-6.502884217285789803e-02,-4.841197090327375996e-03,2.558795645212877043e-02,7.089294470849075332e-03,-2.009794567786870548e-03,-3.061337993176609009e-03,4.774261476522030298e-03,-6.813796784745600318e-04,8.766341982512709189e-04,-2.462736961714887506e-03,-1.590623838609563296e-04,3.457031059105481743e-05,-1.767019731864001738e-04,1.794642765453360574e-05,-3.672433326215432582e-05,-2.880932780357157760e-05
2.502464374993496055e-01,-1.683840736212470490e-01,-8.392242158602372104e-01,-1.344821554799986371e-02,3.935663674430838199e-01,2.168394154327174528e-01,-3.174932834218203992e-02,1.286152000926708491e-02,9.638404515301750644e-03,5.087873040303969065e-03,3.651336126610717908e-02,1.472977715903978123e-03,5.891341307260527594e-04,-1.680661652323186530e-03,-4.993255825925306491e-04,-5.918339693693789802e-04,-2.136306672988951459e-06,-1.139568106892382922e-04,4.053054094232222231e-04
1.292823611741490963e-01,-1.037745241797707885e-01,-3.912476841094492674e-01,8.052709920119167919e-02,-5.695507512900952474e-01,-6.632626845105624724e-01,2.617433719635738065e-02,-2.143035114831453800e-02,-9.256083693369700216e-03,-6.727702527036104330e-02,-2.065595702171307835e-01,-1.360019056216566803e-02,-5.119034214138656197e-03,2.853941584740867735e-03,2.849222923741215677e-03,1.131519256892009068e-03,7.140616745099042490e-05,2.982625152990853960e-04,-4.647041656545677826e-04
2.874338048356311556e-02,-3.435632540282094333e-02,-1.297449263731861591e-01,1.066742343071584442e-01,-5.584121813807644275e-01,3.394780538649423418e-01,3.045547294194898488e-02,1.070291337425821263e-02,1.342997038837527753e-02,2.609423164376295512e-01,6.841530365324108853e-01,6.807102902718822901e-02,2.291839078766355967e-02,-1.540481243163721375e-03,-1.298952397356772925e-02,6.097286705138505250e-04,-1.166895013458908617e-04,-6.588134464613921168e-04,1.117750986360702137e-03
6.288860916936500102e-03,-1.130646492839313365e-02,-5.729121390625849936e-02,9.767789971879442534e-02,-3.933911817449454729e-01,5.750443790870916061e-01,5.105198668469716240e-03,1.600855461217927378e-02,2.800025884891688827e-02,-1.985202555357799825e-01,-5.119476814430296008e-01,-4.251035084088746752e-01,-6.458749164010926802e-02,-7.271089500467837205e-04,1.188310292235753296e-01,-1.517965596235219426e-03,-9.484363008994274287e-04,6.716309844164109009e-04,-3.053965930552273648e-04
1.954022672157439654e-03,-4.235882621620952471e-03,-2.191617416054158010e-02,4.658927161093343039e-02,-1.537626566505594372e-01,2.386640321037243606e-01,-1.097258364035233989e-02,-2.587194425620102656e-02,1.211979262568877586e-02,-7.919306178704371701e-02,-3.103246494135740163e-01,7.318360024293544264e-01,8.736143896971013123e-02,-6.139549233815909564e-03,-5.154008464804746836e-01,3.047295405313483509e-03,6.548918328196630390e-02,-7.450789311593262240e-04,4.894432955397403327e-03
4.468633594041999035e-04,-1.685720400745409657e-03,-5.931003221021511652e-03,2.028147635834307710e-02,-4.300034989038671596e-02,6.965559121975296863e-02,-1.403289210644677494e-02,-1.782579819892544937e-02,-3.033356369901581660e-03,-1.137242311719851608e-02,-1.027078188225349353e-01,4.572875197961195348e-01,5.235431289415223843e-02,1.253242120735071317e-02,7.032476888839344076e-01,-1.169957220182572290e-02,-5.241525410706174837e-01,-1.375349121998804998e-02,-4.272410030048797575e-03
1.109917337592828887e-04,-6.753300861960155220e-04,-2.026376842050998679e-03,8.420845819798490964e-03,-1.513899255294022875e-02,2.518908164679645525e-02,-6.923888321984794300e-03,-4.830415895254312753e-03,2.539737877819226840e-03,2.320946550482531900e-03,-4.139851896756294863e-02,2.246944711121189597e-01,3.276054417470987412e-02,9.756965416747148331e-03,4.743090309535629712e-01,8.057623184795897203e-03,8.485530307900794877e-01,2.185887192860511488e-02,-7.334357096337696183e-03
-5.985008419929085477e-05,1.606355831284154778e-05,3.983348846798857434e-04,-1.068151274166817483e-05,5.110728431945611586e-04,-1.428208686615233024e-03,-1.578659168327630640e-04,2.185123547904209169e-03,-3.108850141336344237e-04,-2.874396842788224608e-03,7.335135695297779210e-04,-3.499012460093225692e-04,8.629413633993178706e-05,-1.353592290836517500e-04,9.102078299942717790e-03,-8.451582304715304222e-03,7.663181545011702248e-03,-1.525716836876399862e-01,9.881763868748518753e-01
-3.392082499722303698e-05,1.671025128867135347e-05,4.537144838382776432e-05,3.007238759579856989e-04,2.441099230138729106e-04,-5.718697477090607054e-04,2.668182868821457373e-05,-2.202919191997490945e-05,1.599569409397079076e-03,8.302655013694280233e-04,-2.783350261602056722e-04,-1.756992375488103039e-03,-4.014798110483263141e-03,-4.905525499765130311e-03,-3.529276288711851654e-04,-3.219086455905755678e-02,2.529059337080132724e-02,-9.873673742930668684e-01,-1.529137036517010939e-01
3.625218314363800546e-03,5.754883946258753562e-04,1.603103981720060533e-03,6.699726062852361802e-03,-2.801783581204707915e-04,6.642577544412345486e-04,-2.129090733947511249e-02,8.780046091448034376e-04,-2.022354384491064846e-02,-5.526487002948362454e-02,1.466553157652977367e-04,-1.237247990806252390e-01,9.901091994593379519e-01,1.006136442211395289e-02,6.259494868369031408e-04,1.545669538910416155e-02,-6.005348595938278522e-03,-4.465514093482750475e-03,-8.171820497484849101e-04
