-1.742519476490458937e-05,5.213725143537292132e-05,-9.215680507885574044e-06,1.038073575926778036e-04,3.798076358148356406e-04,-1.141230736323746572e-04,-3.768963453122132763e-04,-4.426524599670042396e-05,-5.490351889714234880e-04,-3.166903621929206261e-04,-5.149316454184206873e-04,3.966106686306361409e-04,-6.581036964834231784e-03,3.319247053234971982e-03,-1.591877023164653144e-03,-9.963209179327826570e-01,4.937394995682817256e-02,6.891502225163642636e-02,9.977995010169824971e-03
-2.655504831423861553e-04,3.069269186202544172e-04,-9.153544934016454731e-05,2.284519354911769724e-03,5.275650091633208265e-05,-5.348532136531742101e-03,1.900616757182985086e-03,7.969756343182043262e-03,6.418956343137806114e-04,-1.221974677893145241e-02,-1.567227973334488905e-02,-1.258706388427932414e-02,-2.173126769635318201e-02,-9.992927321818378950e-01,-1.516647795264852196e-02,-2.854761092792193131e-03,-5.421829217583133340e-04,3.893307565612924917e-03,5.765765659793756041e-03
1.800568153635879187e-01,4.584088939660900808e-01,-5.590229066597628138e-02,-4.886668168145533730e-01,3.149959577300474184e-02,-3.552500131251121740e-01,1.420128179226135545e-01,4.539349064360889141e-01,3.725210445940336790e-01,1.446605543420161066e-01,3.389388600311824679e-02,-3.497301463572251995e-02,-3.553116737032478711e-03,3.238490063973814212e-03,-1.302799811046486582e-04,-3.934512764480985821e-04,-2.660366060097466880e-03,5.152081808107274652e-04,1.731831839460634714e-04
1.736833784942294345e-01,4.303536760447134180e-01,-4.943761283660007971e-02,-2.993287084218811400e-01,3.142611343150995135e-02,-5.574632029216135265e-02,7.180200975024886301e-02,-2.483203188259599514e-01,-5.898481479410548900e-01,-5.226437313270908547e-01,6.859843277756723021e-03,2.227301142319979346e-02,-5.649176375099353165e-03,3.567673602691199403e-03,2.607590397449727117e-03,6.136582749254384248e-04,1.408021709672763666e-03,1.694919808462049774e-04,-3.557292598485574614e-05
1.762946682138842869e-01,3.986912082814639824e-01,-1.641765159193175894e-02,-6.007148126965729945e-02,4.041516095555140742e-02,2.540220594399458798e-01,-8.267371623945418690e-02,-4.665750370991118556e-01,-9.147808239209370695e-02,7.112545538092622799e-01,-3.059918360376295485e-02,2.056405937207935743e-04,-1.970416319236294959e-03,-1.348185671950334272e-02,-4.028992732847808816e-03,-9.320641177144810383e-05,2.792695391681597299e-03,-1.277096803445324077e-03,-8.005885951339727826e-04
1.710947167229089905e-01,3.605011222668771942e-01,-3.448737811933838202e-03,2.159202532341460978e-01,-1.566057273976382072e-02,4.059296873570034658e-01,-1.621004461622458648e-01,-1.902685444219677224e-01,6.123104737702586009e-01,-4.359369901164952266e-01,-1.679209259048420125e-02,3.017817530961741657e-02,2.141329024953578242e-02,1.678755068648905228e-03,2.109225876749525139e-03,-2.825455805501266753e-04,-2.019351126218995717e-03,1.067710376567615558e-03,5.338526385258975451e-04
1.649810342777300043e-01,3.158557683944949734e-01,3.631691155398721928e-03,4.784290360812473719e-01,-6.844856640704043496e-03,2.937409082191215770e-01,-8.219099885367676939e-02,6.468702502957277556e-01,-3.528624904119415651e-01,8.778692627853644515e-02,6.619795141209174928e-03,-1.752630702740243240e-02,-4.452846684030471584e-04,3.390361580706609257e-03,7.500647168789762592e-04,1.849746181049951330e-04,-1.401732177971964574e-04,-8.057582737518485068e-05,-1.242805838572173165e-04
1.274392353514444132e-01,2.192143672781475539e-01,8.065237630428528232e-03,6.110316132744826323e-01,-7.200281342229032655e-02,-6.950044568749592644e-01,1.251589598095754485e-01,-2.358431206053938356e-01,4.932669208369378638e-02,1.547503582519518806e-02,-9.135161633075851439e-03,1.525782961169434458e-03,8.079292900001045332e-04,3.482549973960433719e-03,-2.122045966957337472e-03,7.513918442842049291e-05,9.922792713298604801e-04,-7.036363845283281210e-04,3.622015522474297897e-04
-8.629750232205237737e-01,3.620972373978825209e-01,-3.462234472963472975e-01,6.106997900482413061e-02,1.947816779854158811e-02,2.187121397983549532e-03,-1.158284983566849544e-02,-8.429078604275547790e-04,3.664919222633969409e-03,4.809975601253213204e-03,6.505047792823821047e-04,4.431056555326651583e-04,-1.743821832214771704e-03,4.376433147563397910e-04,1.867414419867501505e-05,6.518443402048568007e-05,4.278443375550549445e-05,-2.263969175277418048e-05,1.907440292134205369e-05
-2.628815895944318082e-01,1.600543747796340510e-01,8.478867463137413907e-01,-5.777772460706201950e-03,4.120225916129514609e-01,-5.825447108625139703e-02,-1.094113940323665907e-01,5.818012615440002790e-03,-2.515944949225940031e-03,-1.601684850453838002e-02,3.009012220594415102e-02,2.219110919933089498e-04,-1.041803587124251560e-03,-5.527903216332734386e-05,-2.536607157421824892e-04,1.791504779494700311e-04,-3.042941873032056440e-04,-1.859705491280789016e-04,-4.216825440862315594e-05
-1.375850685631512804e-01,1.003147134712833316e-01,3.841812844367461510e-01,-4.003814337302067511e-02,-7.765895033187188989e-01,1.335829655228899238e-01,4.069521932454638891e-01,-3.802504863752162196e-03,6.455416505072958345e-04,1.670008161973920990e-02,-1.867042622493212123e-01,-6.875921824859795167e-03,7.402003145663230491e-03,2.600767592185282504e-03,-1.269598540094191846e-03,-3.604545890354964467e-04,3.160858284722633063e-04,5.639264611282890577e-04,1.712147951937586433e-05
-2.856830307589276752e-02,3.195046028764678137e-02,8.693342159633500599e-02,-7.595358429658133348e-02,-4.342412988810981922e-01,-1.338777775364164702e-01,-5.925909050767826924e-01,7.134976783426498492e-04,-3.768050582578578306e-02,1.172937999864931760e-02,6.501624640806766831e-01,4.460547012224490987e-02,-2.598631071115789851e-02,-1.112119114673248456e-02,1.106036099503272634e-02,-2.323773293211433817e-04,-1.803285678432039075e-04,-1.678672854501702663e-03,9.574638386113094955e-04
-3.360256093946906511e-03,9.364546734274961648e-03,1.131085202549061454e-02,-7.881966720648096725e-02,-1.618705597319286260e-01,-1.618202207677582050e-01,-5.871450461733288551e-01,3.202821988034122019e-02,-3.471979396889771780e-02,-2.349424283503689578e-02,-6.633180949144372729e-01,-3.901169258376223636e-01,-5.289025603997103350e-03,1.497808433148969769e-02,3.473271034286910808e-02,5.294969412329535163e-04,2.737294706161317714e-03,-9.985505768718961847e-05,-1.244613907709022846e-03
-8.177634936341126410e-04,3.288395903750535726e-03,2.493579212106925447e-03,-3.626085898116225559e-02,-4.919460978946988555e-02,-7.009202760077143379e-02,-1.903860931880376195e-01,4.778119234558873135e-02,-1.141043696644453501e-02,1.670213323020160873e-02,-2.675404953252602525e-01,7.523847502535715437e-01,3.176323982440117100e-02,2.601229447378698798e-03,-5.486978025239632739e-01,-2.733284439114185872e-03,-1.101163457309817240e-01,2.268018194635973081e-02,-1.494433102765832175e-03
-2.287906637676658417e-04,1.526013013689681442e-03,1.004399264998477809e-03,-1.792411806769270144e-02,-2.001125618148836063e-02,-3.640992302325364582e-02,-8.712567840496379667e-02,2.799328649589123350e-02,-2.726845130951904145e-03,1.427308261102525067e-02,-1.454433489508845379e-01,4.667628665386475695e-01,1.664834103333966142e-02,-1.411370264612966940e-02,6.314548352990917435e-01,2.260483624812304609e-02,5.860428640443894333e-01,-8.286034336361153274e-02,1.753769959741211665e-02
-6.031631260116895253e-05,6.223637719408332131e-04,2.975435839754231337e-04,-7.444579702135729546e-03,-8.861207449211030637e-03,-1.777079702088821961e-02,-3.991205274951961646e-02,1.059832528554364300e-02,-4.754841573799553113e-03,1.056645192022487127e-02,-7.277251230953114824e-02,2.395436502590280181e-01,1.226640902892585198e-02,-9.754330364688116803e-03,5.460087039899568229e-01,-3.484483711327238109e-02,-7.929164528929141253e-01,7.944815886307826647e-02,-2.048004452967179881e-02
1.353455796996836817e-05,-3.249830631008019836e-05,-1.199600591268695890e-04,-3.123324087373802226e-04,1.889012221763241314e-04,7.789756213902866667e-04,9.675655593118873696e-04,2.250612279372458523e-04,3.032026836371130396e-04,-1.221399203074158149e-03,-1.104902443328846995e-03,-3.240133729017240748e-03,9.884114584050454969e-04,-1.751526008519590843e-03,-2.129456597122460909e-02,-6.986794030266237077e-02,-1.150142321695146741e-01,-9.621575603724665804e-01,2.359459206393667574e-01
3.667035679960979524e-05,1.620405224642655625e-06,-1.724513005462124555e-05,-9.782493738385326855e-05,3.695063450553126875e-04,3.028632882961536637e-04,-2.582286021220257704e-05,-4.723523222957162044e-04,-6.829309766794204942e-04,1.094176781428652994e-03,-5.041163009120597921e-04,-1.853467650591931158e-03,-1.786523418209913679e-03,6.431263873304998192e-03,4.575629034057578266e-03,2.608883427450049697e-02,-3.449074529563220639e-05,2.361928718919895642e-01,9.713192025538049945e-01
-3.225909827452038206e-03,-2.108861378045868984e-03,-7.893502287414358096e-04,-8.865970747142685321e-03,-3.165940237301422336e-03,-1.154247809327701643e-02,-9.560687303364583459e-03,2.125806232791527858e-03,-1.621237636323316286e-02,7.222456419082707267e-03,2.678173784334400565e-02,-3.644280268708172815e-02,9.983855765302157570e-01,-2.170435603852645043e-02,3.514030101349131688e-04,-6.367883061166785576e-03,3.953991285169628812e-03,1.527507127730436684e-03,1.707721954739518933e-03
