-5.522371785930273213e-05,1.291291934001386670e-04,3.377562597193321781e-05,1.334083872969551478e-04,-8.597578106160203276e-04,-1.644049041521338796e-04,-9.776374131310683682e-04,-5.707408033136805768e-04,1.791436856599541065e-03,-3.832801594807590598e-03,-8.555518452787762762e-05,-1.394158853700405362e-02,1.864104095216033517e-03,-8.882939696186873194e-03,-1.031837788103678356e-02,9.997536107207753986e-01,-3.570216359208522056e-03,8.733757388919660344e-03,6.937176881103358003e-04
-8.116284483331305511e-05,5.164958298159280561e-04,-4.180398804316549769e-04,4.673827082032052456e-04,3.777414387436321946e-03,-4.148250734725561668e-03,-3.775984822825787564e-03,-4.896145396677541693e-03,8.806438995543662898e-03,-1.165340679489316501e-02,1.463515932151119962e-02,-3.216814581761218378e-05,2.255506440516495681e-02,9.993672209677817442e-01,1.032827960260316799e-02,8.817116879378965322e-03,-7.402048326060371025e-03,4.288834988477551596e-03,-9.536798869822931974e-04
2.183074065306812028e-01,4.392590580411788181e-01,-4.800932493754793418e-02,-4.980147521966624136e-01,-8.710666307338668993e-03,-3.648763871446097928e-01,7.165178219584689145e-02,-3.883724813857900027e-01,4.218351351355278389e-01,2.027085894088697660e-01,-5.491430460555727505e-03,-1.325895858059913078e-02,2.441603179230343590e-02,-4.986501086804818496e-03,4.902041031364658477e-03,-4.036701152968462511e-04,4.828529055724893826e-05,7.151694681073963609e-04,-2.151255691234709149e-03
2.097925091437523870e-01,4.126905339816377971e-01,-4.283722888745094409e-02,-3.060466946532889865e-01,-2.209863389765324634e-02,-7.796567965386841381e-02,1.525024568924995827e-02,1.572473076796994940e-01,-5.377675465508662267e-01,-6.046467878126314810e-01,5.518856212896794400e-02,-1.090875344708371573e-02,-2.461908282558840019e-02,-1.939581496936544332e-03,-8.741080382786550751e-03,-1.483756504625807640e-03,-1.192880604509854450e-05,-8.313960935493973749e-04,1.457795632971105228e-03
2.083471228975365963e-01,3.819872080596147801e-01,-1.558284823083181010e-02,-6.085733765582433674e-02,-4.850268801783379907e-02,2.450367889566703594e-01,-3.624871423314462993e-02,4.729333233169686346e-01,-2.489187472976077398e-01,6.712551777912610929e-01,-7.563356286137386253e-02,2.708313583075343256e-02,-6.813191977161776533e-03,1.438273625901692609e-02,9.336420947378210392e-03,3.835013279070540078e-03,8.289775245550146067e-04,-1.657615493525794320e-04,1.228935728643901085e-03
1.974165862131921356e-01,3.456242035910178090e-01,1.689102321498843224e-03,2.317833372732563402e-01,-7.717964357452393107e-03,4.501330005961292069e-01,-5.955883517817062850e-02,2.611931429393756221e-01,6.217860714968875824e-01,-3.530793730208068304e-01,4.507696996504940989e-02,-2.533244006452068080e-03,-2.067844095822654171e-03,-7.491685661977277345e-03,-2.270422046968150528e-03,-2.502854694182125948e-03,-9.357367308557895712e-04,7.887921361527739164e-04,1.097167176021747329e-03
1.881987556734185663e-01,3.059257476028062750e-01,1.301922143451954804e-03,4.563464038742104933e-01,7.109175272228903828e-04,3.078977777799935533e-01,1.079989763300029382e-02,-6.921592640024549770e-01,-2.863715529331588572e-01,7.532678987305277407e-02,-2.432801678681642196e-02,1.727411548194725255e-02,1.147376478989331483e-02,1.120203542715502050e-03,-4.967871613508186533e-03,5.638792510717904058e-04,3.945887908994410152e-04,-7.695849743632396378e-04,-1.616049260611690909e-03
1.423957906465310730e-01,2.169058343383972187e-01,9.071604534223245975e-03,6.167530361982596077e-01,1.011041960696135722e-01,-7.022122454754328169e-01,-1.075507364529864826e-02,2.191195315037441083e-01,2.455220211723869311e-02,6.417262769556029110e-03,-2.166962536753912292e-03,-9.346990647804923752e-03,-2.601408271671352447e-03,-2.726776772972876010e-03,2.211919587395507359e-03,-1.676063018688227386e-04,-5.071531522170110102e-04,2.822314413501133320e-04,2.128069019475453867e-04
-8.344903208606857525e-01,4.370608502304263454e-01,-3.307846559835765921e-01,5.085162862287605917e-02,-1.953301822318560463e-02,3.761061567472230235e-03,-1.325161157654273884e-02,1.757964472008480305e-04,2.182558936681080596e-03,4.475461098629182101e-03,-1.704616589042957421e-04,-1.736490298460820767e-03,1.209036105025699430e-04,-3.814320056444810473e-04,-3.121864289052483086e-05,-1.421916732926554420e-04,-1.844225631367637597e-05,-1.031835521613680041e-06,3.009185905028160726e-05
-2.412391269093935309e-01,1.728707326782838727e-01,8.632984556401249732e-01,-6.324168059918647972e-03,-3.800194028970151905e-01,-4.790218927035723440e-02,-1.373157376913466399e-01,-1.656866602745789979e-02,-1.819256282367507412e-03,-7.386154929322058353e-03,2.632806640304979212e-02,-1.534445491224262171e-03,1.279441881915218023e-03,4.101672125952669301e-04,2.402019492661144440e-04,-5.816828392283235859e-04,-2.026873142762963180e-04,-2.152595655917607161e-04,-2.704248155996889259e-05
-1.228188355786900554e-01,9.472670744710762203e-02,3.652477566844163914e-01,-4.346371070760075145e-02,7.515124099230107158e-01,8.243118044973632430e-02,4.883300359661621459e-01,3.436585013556054530e-02,-8.160789811070488439e-03,-7.341429711678634437e-03,-1.710474337478694040e-01,4.456341036027853392e-03,5.530547637528969961e-03,1.993419116034249663e-03,-5.249035410758510741e-04,1.168050896067359973e-03,5.098701830616508487e-04,1.729464876829136047e-04,-5.099819600387513587e-04
-2.380272426178125025e-02,2.769168613743385951e-02,8.303534634588323471e-02,-5.933841139438227053e-02,4.605907409945863562e-01,1.298249538099061941e-02,-5.472285056082566435e-01,-4.068773304885246050e-02,-2.796214872372095733e-02,8.215815122409367288e-02,6.788891253425363148e-01,-2.060043764266059410e-02,-7.619992132575968691e-02,-1.099709504772782009e-02,6.527784602195172217e-03,8.832621777602840598e-05,-1.062346264858464841e-03,-6.878087995992862363e-04,2.351281181818480181e-03
-4.027726495331432691e-03,8.209902732797102337e-03,2.121354546745304187e-02,-5.716863988673352714e-02,2.333872081558538703e-01,-1.498448688313671825e-02,-5.873512695984557386e-01,-2.466248106643661661e-02,-6.399741491040561968e-03,-6.206616979234010067e-02,-5.762259577915905817e-01,3.551363023732030666e-02,4.941555644734573205e-01,-5.352190506846657252e-03,-1.198086740218513718e-01,-2.374932251817207449e-03,1.621617945293467311e-03,2.107968684324349514e-04,1.194538750401243424e-02
-1.328203674527384274e-03,3.161194132871049649e-03,8.075896771396756310e-03,-2.650900677527471758e-02,9.602397542922076756e-02,-1.049868968420933531e-02,-2.732086250446206233e-01,-3.671546791419926653e-02,1.501575553997088613e-02,-3.227921954279856093e-02,-3.656945228336233589e-01,7.074656223612895908e-03,-6.668127707209868804e-01,1.225124629350408598e-02,5.621485529652202606e-01,6.889830732930630683e-03,-1.433453981769312229e-03,7.357548700666442613e-03,-1.339571454557194896e-01
-3.401086739771457305e-04,1.406010577360543995e-03,3.093234995641917697e-03,-1.197384550846157872e-02,3.455873574433752232e-02,-8.125920254262078424e-03,-1.049482518512617063e-01,-1.850971162908967432e-02,1.537647701095705421e-02,1.001522188380597712e-03,-1.614483815340422013e-01,-8.938954488765726500e-03,-4.924739973099678814e-01,1.960214430735136848e-02,-6.079156849426979869e-01,-5.683588223286037931e-03,-1.381893995992724417e-02,-2.316867345735498449e-02,5.895833655225369840e-01
-9.137717210242053375e-05,7.238693822539137750e-04,1.252929838912782623e-03,-5.222030028588738049e-03,1.374517765390054214e-02,-3.654916029298911628e-03,-4.279522713018047569e-02,-4.173715629674280315e-03,7.728759996132301621e-03,4.044205738123734378e-03,-6.414502857507767275e-02,1.080347869083743504e-03,-2.460239109500822752e-01,1.132808646448580682e-02,-5.471061119852170807e-01,-4.529169972508393684e-03,2.747386793786022602e-02,8.107110654687877532e-03,-7.955535225582304193e-01
2.851449084552487502e-05,-3.912006269195135981e-05,-1.810912358577088837e-04,-1.015578126030902348e-04,6.728841562702701552e-06,-3.095097812842478218e-04,5.107969269562227105e-04,4.353043425204842164e-04,1.346118787493553971e-03,-1.659623769133814950e-04,5.979455926057372769e-05,4.612764027881429904e-03,4.878678809472260063e-03,3.153082686122512732e-03,1.284015602068427388e-02,8.549108881205217877e-03,-1.027342430953045865e-01,-9.942698268466547695e-01,-2.403692925919799495e-02
3.135311870115447901e-05,9.746697631341651356e-06,-5.375326547270540151e-05,-3.810863521809422223e-04,6.425417631729876045e-06,4.185424204317411169e-04,5.627408438704738745e-04,-4.105792872866987980e-05,-1.149307676200098756e-03,1.068535410482117929e-03,-1.111563844908850440e-03,-3.240251924661565180e-03,1.280057454895665867e-03,-7.684990368993113892e-03,-9.026909350148635408e-03,-4.635115364156101522e-03,-9.941905661296613905e-01,1.031997876669297487e-01,-2.750299573318511562e-02
-3.499173966198590707e-03,-1.531230862464246466e-03,-5.661417774350822798e-04,-8.672293652854375784e-03,-1.295263329708386951e-03,-2.273515222684474937e-02,9.880031613628721676e-03,-1.631244463241755512e-03,1.296910836493910153e-02,-2.014955996398896595e-02,3.962129442943380930e-02,9.982541914831454255e-01,-1.857255172590321565e-02,-6.419552788831913229e-04,-4.851052251663680141e-03,1.375010022694834327e-02,-3.063925450264785421e-03,4.783136150996080554e-03,6.733868084511281278e-03
