-2.209590252991383233e-05,3.848051956171341984e-05,-4.874368245264610741e-06,1.436434242063043543e-04,-2.048954438527811036e-04,-3.984031799581407018e-04,-9.342581079483092393e-04,-3.912391933193117162e-04,2.997849656104730354e-03,2.868278713115782284e-03,-5.896156213216313433e-06,-1.699788161620034016e-03,-1.025604426918767537e-03,4.979404702582761709e-03,4.263524523217470741e-04,-9.987302806868307847e-01,-1.372417162584588929e-02,4.184650857422884951e-02,2.347258998968086360e-02
-3.448853617271615320e-04,5.786418906477053996e-04,-2.157431026097239514e-04,1.749645603204393095e-03,-9.663864040128663071e-04,-5.468411900689163288e-03,-7.319208292155313621e-03,1.818617549564374063e-03,2.015447407006032681e-03,3.282058622119379820e-02,2.580600631701762682e-03,2.542465284191281968e-02,3.800021652194211785e-02,-9.982440256689184555e-01,-1.258941276436483826e-02,-4.861208980997133028e-03,-6.651688568353537195e-03,1.808715630312688347e-03,-3.099211635148036315e-03
2.172589654243401724e-01,4.352604208510879591e-01,4.071467675165724859e-02,-4.792697302259076308e-01,-7.930126520050023720e-02,7.507185742772633230e-02,-3.662816110419632731e-01,4.174722266048820352e-01,4.239193986442374995e-01,-1.653687627529067117e-01,6.686006417016855663e-02,8.482236368207406174e-03,-2.692313450208166752e-03,-1.818020094197594439e-03,-3.097913206845781704e-03,9.159809966537209736e-04,-9.146316583267998174e-04,-1.920137945951729094e-04,1.196554632800604732e-03
2.111226664393748009e-01,4.092996683237246636e-01,3.715584532947338592e-02,-3.009220623724676580e-01,-7.113288515566551506e-02,4.184424524990289912e-02,-6.820281077350569265e-02,-1.780708035691697111e-01,-5.195214779085984835e-01,6.025372230797721995e-01,-1.382917266958892943e-01,1.591456598050526626e-03,1.820021735986610337e-02,1.883689576088655449e-02,-4.790918890099742089e-03,2.565834835412518587e-04,1.182713643967917569e-03,-6.747194054676575528e-04,-1.714382258502455958e-03
2.115704867940697287e-01,3.827075300797352919e-01,2.179332733189454432e-02,-7.511526613141378261e-02,-2.526307171270915364e-02,-2.963334071972479125e-02,2.068583096783387920e-01,-4.097404917203587571e-01,-2.942405248614524682e-01,-7.032652019195303472e-01,9.137110275437584916e-02,-1.463481262700265864e-02,-5.899854620538822966e-03,-2.610997134647939991e-02,-1.471606252228965881e-03,-2.865100446043176118e-03,5.937755438261211249e-04,3.322640891836352566e-03,1.020792040208773127e-03
2.022030979238222115e-01,3.472459446236882408e-01,1.737114537005186865e-02,2.042879928307720083e-01,2.983830585072389657e-02,-7.476506188883158543e-02,4.626333530157628049e-01,-3.224194418257987360e-01,6.217193369030603600e-01,2.916691671298555222e-01,-1.759765500431912516e-02,4.271205757503303280e-03,3.569597221977517838e-03,7.919444732086059618e-03,2.793573536004861197e-04,2.298821076070608517e-03,-1.066836773289885510e-03,-4.199235187563647720e-03,-1.189160350097783533e-03
1.943587998102979941e-01,3.007282420882864127e-01,2.685818290626932128e-02,4.728014637243909690e-01,5.839856437883293727e-02,-9.300102067176492862e-03,3.224573468690764000e-01,6.842290370549513057e-01,-2.655189375573784871e-01,-2.342851399693714545e-02,-1.532116611859991873e-02,-1.461083979717593163e-02,-1.542249153774528404e-02,-2.640214749880708846e-03,1.145506633709172765e-02,-1.242225630720630684e-03,5.354461705023649083e-04,1.825487185493848783e-03,9.870885639743415176e-04
1.497323050562567315e-01,2.119587938254830772e-01,2.271332836183513615e-02,6.069353447408613045e-01,1.275882181483800337e-01,-2.684639645639592953e-02,-7.041437279692173146e-01,-2.233075145298370201e-01,2.994184012693079655e-02,3.839957929371645793e-03,7.263181027546837705e-03,8.228651269480509109e-03,-2.911224323285493444e-03,6.234485523642185716e-03,-1.687546123764833940e-03,9.349589304966337937e-04,-5.231343613287545375e-04,-2.108307205721198614e-04,-2.697799770020884369e-04
-8.295817475297383448e-01,4.351993982707589859e-01,3.466357761546613458e-01,4.157848348016687096e-02,5.682926868128684861e-03,-2.097477682158670198e-02,3.715938633000273952e-03,-8.651843396496868097e-04,-9.058016482939219328e-04,-3.566849584759294780e-03,2.192262183600789463e-03,2.238276629298665676e-03,-1.147954745291873213e-04,5.562639469388144537e-04,1.143610811155682672e-05,2.969328253671376684e-05,1.326503477911142560e-05,7.774471581252430209e-06,-1.501339002344594763e-06
-2.386567483533207634e-01,1.906937278530308477e-01,-8.239266996640709495e-01,7.102840058402042078e-02,-4.248643683387148817e-01,-1.998908202670804379e-01,-3.291563372090773598e-02,1.592459917370133565e-02,-3.413718007462272601e-03,8.795176360512694386e-03,2.952208017827833916e-02,-2.567753652719127755e-03,9.258062324773757212e-04,2.609271682953326951e-03,-7.903488315647426996e-04,2.526841440970085582e-04,4.168893333220736227e-06,4.954882306307702427e-05,6.031131684557417032e-05
-1.287441200838413957e-01,1.151877827779605873e-01,-4.201962796406920608e-01,-5.670647409528533495e-02,6.329257858501328160e-01,5.910818381544015176e-01,4.310584488667081743e-02,-2.409606528267541764e-02,1.505023601886008172e-02,-3.498398762089737629e-02,-1.908030046701734150e-01,4.591511575698866560e-03,7.425374260235179970e-03,-5.341862481009788596e-03,1.846014201467911786e-03,-4.760734689662717207e-04,-1.361571947694591102e-04,1.822511881635895819e-04,2.217852933352400008e-04
-2.472222060503882421e-02,3.693295890852303642e-02,-1.274314910960347436e-01,-1.233420273882402107e-01,5.053048794075288841e-01,-4.132487055997193792e-01,5.298675875442833546e-04,2.415261273183337554e-02,-7.094821924677859049e-02,1.302273305755592692e-01,7.179483586809899398e-01,6.857471196673140847e-03,-4.842969757541031040e-02,6.007833600770218913e-03,-2.221046402046566570e-03,1.679634827071580763e-04,-4.409290427836278295e-04,-2.282664616566876768e-03,-1.020939873261799736e-04
-4.221836698098343534e-03,1.374051478014467684e-02,-5.236595761578365094e-02,-1.119788036318917629e-01,3.416887053610020430e-01,-6.092181870229806950e-01,-3.405751329479200784e-02,4.969758673628641571e-02,1.944714611738979082e-02,-9.347585411162014080e-02,-5.773077243024671290e-01,-1.066051656400891778e-01,3.684553646402045635e-01,9.233804787531692607e-03,5.764245291833507145e-02,1.347223150354709246e-04,8.764517972308677896e-04,7.152607443945266028e-03,4.233338529996465778e-04
-1.126323237594203681e-03,4.949135855127112689e-03,-1.920388123915458753e-02,-4.710534676098406676e-02,1.165340799652907350e-01,-2.248537749842760003e-01,-9.411035520894575623e-03,1.103585496668080083e-02,4.303902505071095265e-03,-3.189345198115208641e-02,-2.749693356109033093e-01,2.719438740131087662e-01,-8.023259741815809143e-01,-1.950985822542548181e-02,-3.698529528651628984e-01,1.852842420838278232e-03,-1.793324093680320449e-03,3.890929142270301011e-02,4.477828852298111097e-03
-2.069536571696876817e-04,1.759814029539850336e-03,-4.419570378790825364e-03,-1.868558188290165081e-02,2.358426563519720048e-02,-5.299936872913570823e-02,-7.876015991314388315e-03,-5.517733613046056987e-03,-1.708286408395718497e-04,-6.928169433009518513e-03,-7.077278961816724223e-02,1.121508399731682565e-01,-3.123477296059775088e-01,-2.003081810783669675e-02,8.062854092568783049e-01,-1.928968487963453673e-02,-1.509046945427868977e-02,-4.793714573476207108e-01,8.978542328116385571e-03
-5.641664769989254984e-05,7.362740551152127189e-04,-1.373996377515627424e-03,-7.520248393358037325e-03,6.342740659182242134e-03,-1.549472517863516134e-02,-3.219626292572968628e-03,-5.290648015963909240e-03,3.748240408381027251e-03,2.988766071227694655e-03,-2.058284495142776588e-02,4.563731605133134611e-02,-1.403780363692986866e-01,-8.526040359150241152e-03,4.571092791309814829e-01,3.488654211020775220e-02,4.484058221868130606e-02,8.729159609529182351e-01,-5.617237488087138686e-02
1.705890672189925886e-05,-7.556299327181784206e-05,2.121891018043714082e-04,1.649572655602972966e-05,-6.317170637810317355e-04,6.475581434252674403e-04,1.634606232900534506e-04,-1.807232625970049428e-03,-3.266096684182146067e-04,2.756018304893528229e-03,5.717726676774776643e-04,-2.308683125932037218e-04,-1.655037712434033470e-03,-2.052581298036156455e-03,2.144938674027489778e-02,2.816336716618442204e-02,-1.907275959359528983e-01,6.018567107196324401e-02,9.791466797295794722e-01
1.547357614465503115e-05,-8.992267121568362414e-06,7.493172613725925370e-05,-2.369523104079990998e-04,-2.830497164910567042e-04,5.379396144713089866e-05,4.765755330641749106e-04,2.237286469048551470e-04,-1.867308666822325037e-03,-5.658291814866427778e-04,-3.821820566239116763e-04,3.198567899094880394e-03,1.476971693110155524e-03,7.192232421229693279e-03,5.118922060064738482e-03,1.041203928186288860e-02,-9.803723145248185444e-01,3.495725731072349407e-02,-1.935070678857525039e-01
-3.751962364894873177e-03,-1.087362045487554833e-03,-1.698485216596797855e-04,-9.440369349690464623e-03,5.862090110224236345e-03,-2.016962115547454599e-03,-1.542172300497934856e-02,-7.441579194435193889e-03,1.343382050942607681e-02,1.439691561224205364e-02,-1.988398695956516624e-02,-9.479946764906010959e-01,-3.142654481342169737e-01,-3.561089456858980429e-02,4.278597396737615285e-03,1.691224248599197070e-03,-3.691525099620777527e-03,-4.372972968104073613e-03,-1.452318635069170180e-03
