-5.691950446149912542e-05,1.213605407319694039e-04,3.723586614523098236e-05,1.647598313078744796e-04,-7.365403309316772900e-04,-1.115761224075440547e-03,3.882836770924296050e-04,-3.181481854096824841e-04,1.825264465765888151e-03,-4.420455400776270027e-03,-1.039987597686959416e-03,-1.534531604139542649e-02,-1.810399327458178274e-03,-9.860793816348793761e-03,-2.665319066560080017e-04,9.998026916079540971e-01,2.179344635529480330e-03,-5.255135171392032699e-03,3.313795454292641721e-04
-1.271097331981790152e-04,4.621282225006059026e-04,4.853517150085790593e-04,2.691688902573938572e-03,-4.072706946579888955e-04,-8.883188377516580041e-04,-1.010317542677872243e-02,-7.441793985848927165e-03,-1.110161587853739562e-03,-1.573525862354338903e-02,8.714219797263477287e-04,4.961389524169718991e-03,-1.645352705075323746e-02,9.994790221519120887e-01,1.298332639337148979e-02,9.817415225139566187e-03,-1.888423208969294744e-03,-5.532905811285596283e-03,-5.613612025873354269e-03
1.965451224650622275e-01,4.472371631678818682e-01,-3.415341973565929473e-02,-4.864846908854018603e-01,-4.648663175728990488e-02,5.245284827896173202e-02,3.204342408787190788e-01,-4.149721182246949858e-01,4.527634667960250270e-01,1.798365820471981569e-01,7.442471653787269270e-02,2.891713790614688050e-03,2.767176000140722861e-02,4.976178984351742850e-03,5.698368097163795769e-03,-1.105337236495676102e-05,7.929699440427193536e-04,-9.948479848565839646e-04,3.862908655740388605e-03
1.920130104294991147e-01,4.220824942673666036e-01,-3.581617912228756556e-02,-3.127508289758915705e-01,-5.274492806038226511e-02,6.005735321165130841e-02,1.086821470439066906e-01,1.256920807813489971e-01,-5.722062356424230112e-01,-5.590199599998623148e-01,-1.002516661287761457e-01,-2.578808222311850321e-02,-3.420077367930590001e-02,-7.006520593807529645e-03,-1.972434058005173053e-03,-2.014916096284769930e-03,-1.286546473462381454e-03,2.066011620958957840e-04,-3.889052101003721926e-03
1.928569180842515940e-01,3.902246485455837521e-01,-1.464105046433595951e-02,-5.843190033478934398e-02,-4.517991931966180291e-02,-4.202562829413483692e-02,-2.103525502356741184e-01,4.671070610361244269e-01,-2.376904883490870424e-01,6.938114634300356354e-01,2.369344859486938529e-02,3.057763245396230914e-02,3.341504831394762759e-02,1.230334284050032395e-02,2.193584000701680030e-04,4.311526360238688259e-03,-1.551921310490379823e-04,1.852424951069715471e-03,-4.339176509530873584e-04
1.843264067141483498e-01,3.541576202525936745e-01,-8.180621462651277431e-03,2.091318436046933626e-01,1.512087149976974569e-02,-5.609130322021291942e-02,-4.430024272076186209e-01,3.309113168985030051e-01,5.763775365631031988e-01,-3.935356132639909466e-01,2.296369748752971011e-03,-1.104261806187725216e-02,-1.904035883491213971e-02,-8.518808912969935004e-03,-2.213902750993616917e-03,-2.932024651538129092e-03,2.746265158949458317e-04,-2.234826847750021744e-03,1.596981137362515598e-03
1.787154352702766125e-01,3.106213130447793569e-01,-2.074633018153870107e-02,4.789438562885306450e-01,3.094032676779523774e-02,-2.677004001439470607e-02,-3.467760411834908685e-01,-6.685860277751126679e-01,-2.587451267115541964e-01,7.283270816130933689e-02,-1.053687571186770131e-02,1.328793696966249459e-02,-1.344482978075401541e-02,-9.273087902416521019e-03,-3.348015778896548146e-03,6.877868983158259321e-04,1.844789056624890052e-04,1.537925638711803815e-03,-8.081702062615231429e-04
1.398603799288365424e-01,2.194880708060588659e-01,-1.697393977285607466e-02,6.027790558195691428e-01,1.211680309065925470e-01,-6.320294470703967729e-03,7.188003198346567535e-01,1.877016654637620463e-01,4.379761950618275140e-02,1.816860167299207043e-03,3.144155164697311818e-03,-1.840852316231238487e-03,3.860779594729150856e-03,7.124987832397258920e-03,2.122605340369072835e-03,-2.768164977497967159e-04,3.704700246321433526e-04,-4.869229445220759332e-04,-6.847538882296480035e-04
-8.551399330974289725e-01,4.039008372569890537e-01,-3.209757906445135367e-01,4.491503395552155775e-02,-5.086998789971223546e-03,-2.234851707717708247e-02,-2.394113385977662822e-03,2.970961038644766034e-03,1.306572081017751954e-03,3.644720908440970183e-03,2.969206441158275117e-04,-1.373247899184507851e-03,-2.324566643044529161e-04,-2.229680237923741416e-04,8.826670912472166892e-05,-1.295884063025678503e-04,4.652873518307407895e-05,2.008593227530022036e-05,-4.328227285150737578e-05
-2.363467804147652562e-01,1.623290110057191149e-01,8.586771555612431328e-01,4.420248330382345325e-02,-3.723751884161636827e-01,-1.914800895953415460e-01,4.516616670466717248e-02,-1.606009203975256386e-02,-5.070402830981366946e-03,-1.760745119337232822e-02,2.336106133442213476e-02,-5.020063928450103647e-04,2.726243335565403094e-04,-9.200985418584145276e-04,4.138182090321616304e-04,-6.424336662104693663e-04,1.913323709994278244e-04,2.848860083369301414e-04,-1.207083165685306908e-04
-1.190600498115811506e-01,9.401716776940670373e-02,3.775466075014105582e-01,-4.015474766512018567e-02,6.411403342071485545e-01,6.208531785517480417e-01,-6.957645144708016205e-02,1.490291301250616131e-02,1.183046362757200591e-02,4.293523348523893557e-02,-1.709466083159569549e-01,-4.594409442402688955e-03,3.440767727702266892e-03,1.027537085721572443e-03,-2.588329371840907348e-03,1.104489436363415835e-03,-3.748450254853688134e-04,-5.644014244534809000e-04,7.324443744073073047e-04
-2.251067405886355080e-02,3.113401251013056883e-02,1.063723574874294725e-01,-9.581973988806821718e-02,5.260560148087041199e-01,-4.214936922014226872e-01,-1.228838357161759695e-02,1.793318748722172061e-03,-9.079427199298378826e-02,-6.712593689885187898e-02,7.128676929634627513e-01,1.295526746034615651e-02,-4.450083915117082622e-02,-2.933005232912031489e-03,1.951577390595472458e-02,6.393743758677625406e-04,1.917750508487783530e-04,8.201848025519149592e-04,-3.573431147874893497e-03
-3.656690861794605497e-03,1.177194764349607202e-02,4.470414343567094551e-02,-9.060252286797765287e-02,3.576146320549906110e-01,-5.675245276092105717e-01,1.810427196778416348e-02,-3.608983141294252323e-02,2.229140893671240423e-02,1.670676823663796995e-02,-5.840751008638398467e-01,-1.235238752059298305e-02,3.678965846076669433e-01,1.005535728563698196e-02,-2.443608288240299853e-01,-3.907005280531587721e-04,-4.666271664025167798e-03,9.214848194815165178e-03,2.641641967651865708e-02
-9.921905857450076180e-04,4.682798657856438763e-03,1.785560721080920593e-02,-4.535419679539390986e-02,1.458640086985269202e-01,-2.460847192513605508e-01,1.484552232295010578e-02,-1.413412836400122427e-02,2.463082973338660484e-02,4.964783952037388204e-02,-3.078912978831495062e-01,-2.190152884779438328e-02,-5.557028438325071207e-01,-1.733126829025430707e-02,7.120700669139015115e-01,-1.799177258913284803e-03,1.532918385768149150e-02,-2.416348052261530280e-02,-5.185311144665286434e-03
-1.032842485508092160e-04,1.922635199145619062e-03,4.555803801871771870e-03,-2.082881960766064244e-02,3.603714331849187241e-02,-6.585876133154779100e-02,1.488079906985047621e-02,-3.614190665228386029e-03,2.094434581660842287e-02,4.316486954718843500e-02,-8.820083899643008096e-02,-9.035572830268762123e-03,-6.257953615459140861e-01,-4.728002965553821171e-03,-5.651406257018753987e-01,-1.093506700284215113e-03,-3.235747301602314493e-03,3.537785000702372423e-02,-5.207867801907127836e-01
-1.131125512555662534e-05,8.389490893872406313e-04,1.713372873804901598e-03,-9.245683101084225392e-03,1.349916419767932009e-02,-2.648504714430089529e-02,8.584274031944489833e-03,3.226293522190228319e-04,5.702209461467704944e-03,2.358931314748999655e-02,-3.533828013700655857e-02,-4.285649937598701685e-03,-3.975847971486286547e-01,2.973579635276197165e-03,-3.342648352645614107e-01,-1.157627686059616284e-03,-1.865014033895047441e-02,-2.015172037306016753e-02,8.523652469081433036e-01
4.986047846527727950e-05,-1.707716369570094503e-05,-2.153445010817377518e-04,-2.870013659468799346e-05,-6.455593095405910524e-04,1.971498666141161243e-03,2.941954253062818085e-04,7.513899325663516001e-04,2.266841520772748617e-03,-2.199548382359655611e-03,-1.864099945044963972e-04,1.665710875098279148e-03,-2.642139219475936069e-03,5.512474183599187783e-03,2.830406352903591313e-02,4.785699859422041375e-03,1.939227357880443647e-01,9.798559339854631123e-01,3.737832767871584333e-02
3.353185179874541757e-05,7.127802052985626172e-06,-1.840276104931037814e-05,-3.241001825930393387e-04,2.731078470102400892e-05,4.589162627207377110e-04,-3.234650110989004384e-04,4.152568400262213492e-04,-1.831959330798774198e-03,-1.517157782735364577e-04,8.459115911284086726e-04,-4.788924096485254640e-03,1.336191943623173985e-03,1.234907182633565971e-03,-2.612307514462407915e-02,-3.219090453871743546e-03,9.806870285262809794e-01,-1.935873609269729567e-01,7.292073838385427532e-03
-3.217077434739774172e-03,-1.221959210755402172e-03,1.115668030428944952e-03,-9.042947251278741702e-03,4.064945843406622683e-03,-2.533225056920353473e-03,9.996006879064335202e-03,2.333142626251171001e-03,3.370762910449848996e-03,-3.866058027165949346e-02,-2.832904412380549131e-02,9.984390662903580571e-01,-1.636165006047082121e-02,-5.895006367168860797e-03,5.491393218022581554e-03,1.500504164554263345e-02,4.558763847789146575e-03,-2.906552340716371963e-03,-8.572104492435047695e-04
