-1.937033568201412630e-05,3.812011371361569340e-05,5.856852382566206000e-06,1.431253134547053030e-04,-2.548040989199619791e-04,8.414003468469876150e-04,-1.640101741183579934e-04,9.631712486602503744e-05,-2.566514915771911202e-03,-3.281725312837966563e-03,-6.499876310455504321e-04,1.838924723310180875e-03,3.053514432240457196e-04,3.844784421860333954e-03,-3.356421338772039124e-03,-9.882710091273612107e-01,1.505475859331185939e-01,1.485024614847380887e-02,1.967672878158915548e-02
-3.118528379663511969e-04,5.568184191134926573e-04,1.454114848393455589e-04,2.377016108661512538e-03,5.310516787987717979e-04,8.039067714177644216e-05,-2.642702960748153588e-03,1.288675097934813100e-02,-4.051770205231880755e-04,-2.489982690015748665e-02,1.822350227497372688e-02,-2.761193897082507565e-02,-1.352193514367062109e-02,-9.987052517958764364e-01,1.913829170238334418e-02,-3.220915464606335151e-03,4.954623104335878492e-03,7.192370786907694401e-03,-7.612502719703369974e-03
2.400879646597148809e-01,4.364803117165745872e-01,-3.283247550129998055e-02,-4.875917875096262843e-01,-5.153562990266167404e-02,3.240692333747488552e-01,1.950024196702559998e-01,4.904451652027963515e-01,-3.227481992140008304e-01,1.475625063512425450e-01,-1.967931089212448734e-02,-1.194475836743855678e-02,1.497566293956304959e-02,1.180279252204106347e-03,8.390076187593029436e-03,4.232752915324269720e-05,-3.513622558098601287e-03,5.535626574822341940e-04,1.857588461716513895e-04
2.311094230595679977e-01,4.057519101496561142e-01,-3.118711009063350817e-02,-2.941069058374903844e-01,-3.826352471091489654e-02,5.438612662797687181e-02,4.238715280470472385e-02,-2.999096035872360066e-01,5.505448298418404995e-01,-5.430404958976651209e-01,-8.549681374760299130e-03,-1.521880437172743513e-03,-3.520944803902195490e-03,8.471702842359263297e-03,-1.254954411444199856e-02,7.789559206170840969e-04,2.443673252824776244e-03,-8.368531122443053543e-04,-9.926886433632758824e-04
2.301199732812023724e-01,3.696720026091835365e-01,-1.587593040549556064e-02,-5.688261342045554392e-02,-3.296496196085326597e-02,-2.273362608084618097e-01,-7.261216976367165787e-02,-5.045214547016573237e-01,4.230635481473459664e-02,7.002773320686180858e-01,2.768518483281845119e-02,1.687490473071510608e-02,-1.935356144097786363e-02,-2.328388411641633959e-02,1.253683917375134245e-02,-2.379147118599913169e-03,2.492182471082039167e-03,-1.693134281895863642e-04,1.291745724570496660e-03
2.203472190425388999e-01,3.285094683200015520e-01,-1.313440639144657779e-02,2.196972201145307169e-01,1.694091515267959550e-02,-4.202884324766368862e-01,-2.348278605348403381e-01,-9.131484387908241074e-02,-6.175608804856298484e-01,-4.159856350659280610e-01,4.895512913754468442e-04,-9.187752791746463948e-03,3.359325441719981150e-03,1.078862513211808864e-02,-5.503041855590618502e-03,2.593978964128602297e-03,-8.842103209331472107e-04,8.070914884377427406e-04,-1.046986746326527239e-03
2.119107585927958171e-01,2.811219571911570125e-01,-1.301366506623958738e-02,4.754190311201903496e-01,2.476640505740969334e-02,-2.502794723893594919e-01,-1.365462973853394657e-01,5.949981071722041381e-01,4.436934686012974915e-01,1.270963711628978754e-01,1.512244886047455286e-02,2.505111131928711155e-02,4.873981417268952350e-03,5.326912232317547631e-03,-4.615432315374422799e-03,-1.662195251692195723e-03,-6.173774028126324332e-04,-7.350590088978818182e-04,3.006940212581388086e-04
1.638186370470962605e-01,1.939846406821888469e-01,-6.805617492022521600e-03,6.123454026836350206e-01,9.050329661120282143e-02,6.590109974514349878e-01,2.324406244797609655e-01,-2.276240386338413413e-01,-1.067438759212380184e-01,-2.114101554510738890e-02,-1.387349857430044547e-02,-1.228989569084783413e-02,-5.271363840292366768e-04,-1.232806702695550321e-03,2.125995050046828976e-03,9.568510431379191172e-04,3.251474577695580141e-04,5.742451899508518431e-04,3.670423776894801010e-04
-8.015192518797656929e-01,4.822713800476697288e-01,-3.475428137853510124e-01,6.100337788473980671e-02,-1.369442549463377630e-02,4.191753737623291759e-03,-1.532134496681226803e-02,-3.148852534584459272e-05,-1.205966681904551644e-03,5.179560882008595220e-03,-1.866367028646579752e-03,-1.373934609267866242e-03,-3.484557640925392102e-05,5.210580289906309925e-04,-6.588500036125438533e-05,3.876451525938432341e-05,5.764849054832556854e-06,-1.273735144387779247e-05,2.549984091018195258e-05
-2.385682523411523370e-01,1.897528603820377024e-01,8.436933311211711750e-01,4.002075863782417892e-02,-4.099975060065397248e-01,7.866685625381238112e-02,-1.342066480543936680e-01,2.484606031306541875e-03,5.525461381645324459e-04,-3.829501848878299163e-03,-3.658444158315566491e-02,-2.923645942757329341e-04,1.117359501973476735e-03,-1.074061301666962604e-05,-6.182675970152426437e-05,2.066208279562230558e-04,-3.254143174967704093e-04,-5.472546507901593674e-05,1.864176259084046421e-04
-1.253510069661668003e-01,1.169395765487491190e-01,3.929212872889778496e-01,-3.659027038504392842e-02,7.276740831323912362e-01,-2.152254837910349827e-01,4.411833081726912464e-01,3.218618723338210856e-03,1.586247051145186658e-03,-1.055531913342289130e-02,2.103923270353142694e-01,3.153501271112856517e-03,-4.011146601950327521e-04,3.357995307605157829e-03,4.919397208562294654e-04,-4.149627883884849234e-04,8.095580515239493222e-04,1.599370550976955815e-04,-5.334505326250188343e-04
-2.469000348985451315e-02,3.465683396678941736e-02,9.815767184727991479e-02,-8.730805723910017857e-02,4.718736861051619491e-01,1.676843644697236235e-01,-4.662415221732950088e-01,1.005872974256287727e-03,2.492383854457707812e-02,4.023410667089586529e-02,-7.128256819173186543e-01,-3.515946287063012599e-02,-3.217582403774588151e-02,-1.127949221238084936e-02,3.910382803933451718e-04,7.837654406408264135e-05,-1.408738826450339461e-03,7.014794446714157613e-04,2.218944274042344410e-03
-3.562142724933405318e-03,1.090783406773624363e-02,2.409401583336762478e-02,-8.393912606242484586e-02,2.316710952928115741e-01,2.585174563221162014e-01,-5.604756520860827429e-01,9.667624351363543825e-04,9.433427027196350512e-03,1.605395313571899782e-02,5.712390331296292034e-01,8.544293469960240195e-02,4.587900801183647514e-01,7.105307386581500694e-04,-1.141591354821231835e-01,1.932738932507411167e-03,9.865031301827044061e-03,-4.581754743222434499e-03,9.615009700363532242e-04
-9.261939228264904223e-04,4.555537261731992978e-03,9.357847508533495562e-03,-3.833525278741062303e-02,9.965031999575880983e-02,1.246065196177815054e-01,-2.646163818568344483e-01,1.974030264700787907e-02,4.748952496885208187e-03,-1.165604398479285451e-02,3.077785518020373923e-01,-5.979217319032997108e-02,-6.784972756044768127e-01,2.823932298498432747e-02,5.693061366294436265e-01,-2.273569776790292096e-02,-1.331908961309337114e-01,1.138347485397277030e-02,-2.097120781226518432e-02
-9.707613432656056625e-05,2.223114044606063194e-03,3.535889192423898823e-03,-1.881691413479643846e-02,3.774409647961760733e-02,5.555787040481464933e-02,-1.038382153110781192e-01,1.463797245319536054e-02,-7.845143190961861510e-03,8.122949989498478782e-03,1.321411215464616540e-01,-3.605928197996770973e-02,-5.005867273669714068e-01,1.154038472066223594e-03,-5.969859192698145911e-01,9.256785346026773220e-02,5.883487084103353748e-01,-7.111486227951746867e-04,5.939147278819229686e-02
7.738856267031942035e-05,1.010185711618336772e-03,1.288353084972128620e-03,-7.819497890125983244e-03,1.445826503845227921e-02,2.249594121173075292e-02,-3.955663438280358074e-02,2.591015678747840816e-03,-3.513557954290346882e-03,7.980494868570013958e-03,5.595094398804984631e-02,-1.857035544462608614e-02,-2.563826128389884440e-01,-8.909454847195632035e-03,-5.519558254183318802e-01,-1.181543995511493833e-01,-7.794201358409748037e-01,-1.631249122634763349e-02,-4.369504096233436941e-02
1.841267717628211631e-05,-3.902204947346684760e-05,-1.556882234016236069e-04,-1.064071821869542838e-04,-3.702087093266655097e-04,-7.667725366092260041e-04,5.794750454849758974e-04,-2.312463494320985194e-04,3.654137594653403135e-04,-2.508524822530780723e-03,2.089948198163100838e-03,5.442207798615573966e-03,4.236347865435309036e-03,-6.228404737900678813e-03,2.012020811156301978e-02,1.067172661118564493e-02,-7.608755487695093023e-02,1.900672255618193751e-01,9.785030005834800537e-01
4.013791853255468944e-06,-1.337264633506767426e-05,-4.268488343873551647e-05,-1.632540544494240201e-04,-2.806429554720277783e-04,-2.191925146249526762e-04,-3.123603203481585609e-04,-1.790191071837313338e-04,1.519703017239562495e-03,1.133554509482714639e-03,2.831591510120033618e-04,-3.679638603981449322e-03,5.053053759909689052e-03,8.097524625010749794e-03,-2.078862158492955983e-02,1.127775290010221872e-02,1.495965445970584822e-03,9.814117777077262517e-01,-1.901597419402961953e-01
-3.366873106001654764e-03,-1.032740255057033310e-03,5.929225238974158594e-04,-6.466310864534615191e-03,2.516722540424456804e-03,1.278966269142267631e-02,1.754508844866345743e-02,-2.591073492526747846e-03,-2.201070489420233617e-02,-1.913642796778156074e-02,-5.151744095556511083e-02,9.920329817914514958e-01,-1.045195525959494304e-01,-2.626087070661947687e-02,1.243779866240619751e-02,1.465974644352281697e-03,-1.922250256469850262e-03,3.585464935737833585e-03,-6.281186827380864576e-03
