-3.277011829923932775e-05,1.078045013664159535e-04,1.408619348134055159e-05,3.924913473883903181e-04,2.517575550165213169e-04,-9.624281805743118865e-04,7.996928655805446992e-04,1.091051048558464758e-03,-2.693920741927618556e-03,5.044142956427005026e-03,6.529942703336262012e-04,-3.837310443628225544e-04,4.220880844344333804e-03,6.127630414851475450e-03,-5.225529663669032515e-03,9.984210668287365475e-01,-4.657684425682519225e-02,2.938784808619735595e-02,-1.842469530322524184e-03
-7.786414224571918969e-05,5.807791863522615474e-04,-6.269814846898211897e-05,7.536699322978667251e-04,-1.622107839391227768e-03,-1.813770673790814081e-04,-7.573615115499384917e-04,3.332737917397120189e-03,4.599554076019002347e-03,8.394825162738608904e-03,8.345301022531807431e-03,9.367408062381784445e-03,-5.962922044902035923e-02,-9.978068070534767964e-01,2.228797458534278325e-02,6.276883554586750250e-03,-4.465993766021001538e-03,-8.003745087913620871e-04,2.216197551469525039e-03
2.382883183982074105e-01,4.275473768724423751e-01,4.655158874385053464e-02,-4.777718298937577712e-01,9.561092818815641881e-02,7.394545640146248100e-02,4.071839093868213078e-01,4.757133654519649091e-01,-3.053338168555909116e-01,-1.719840855489660758e-01,-1.892643702608781675e-02,9.046639500695442121e-03,-3.264421489736944564e-03,-1.666848009681978597e-03,3.864446975416841595e-03,-5.877250430091881042e-04,-8.733414980003730618e-04,1.291133002976371888e-04,9.016907098540229148e-04
2.302126369655320970e-01,4.010335527192120386e-01,4.238737191618530131e-02,-2.952113129941719705e-01,7.294176759657841624e-02,2.608141647470851518e-02,2.070442222654428691e-02,-2.896563273778045011e-01,4.617470386696729268e-01,6.250726432186697323e-01,3.148782107654399254e-02,3.418299603892259453e-02,2.785083474640105000e-02,5.190298548007370692e-03,8.413314389175875633e-04,-1.576523318344571654e-03,1.530899865397343041e-03,-1.123006384719366134e-03,-1.454836707021294308e-03
2.291383938455862357e-01,3.728741285937155481e-01,2.163709157049341011e-02,-7.521521726892413384e-02,3.471589921583874416e-02,-2.709734489183580550e-02,-2.387582594283532145e-01,-4.603679720562231514e-01,1.870297129318700402e-01,-7.022895833434430468e-01,-3.028415586058243875e-02,-4.352779476950355969e-02,-1.936529766823339577e-02,-5.699887588666221507e-03,3.985109171391321842e-03,4.795976464627366501e-03,-1.827907367570072395e-04,1.508114212215336735e-03,-2.949026913700048013e-04
2.189733747156979993e-01,3.352238523458599961e-01,1.195552707831417164e-02,2.142440377133335017e-01,-4.243020320153854941e-02,-7.609265067265204296e-02,-4.592991625690857616e-01,-1.250082262345971751e-01,-6.923958844687497782e-01,2.818298655919704299e-01,1.663532026901384450e-02,-1.763271570065724769e-02,-3.613728054195321487e-03,-3.547184705612666704e-04,-2.753966760207595711e-03,-2.969061276269723947e-03,-5.363335259165548288e-04,-1.156005140834436224e-03,8.740825742147379982e-05
2.099659179689716826e-01,2.892501528389568866e-01,9.056816993969048213e-03,4.773370530542938583e-01,-8.242956389899536163e-02,-4.956562704855740908e-02,-2.698487792260457208e-01,6.218948548837907042e-01,4.159360589329066937e-01,-3.764160675165315051e-02,9.847875456134550995e-03,2.420581420538317138e-02,-1.657312727618569237e-02,5.638048952277374681e-03,-9.079433494475075070e-03,5.924695428269268361e-04,2.994248442405222834e-04,7.956826671794242590e-04,6.721881579315459833e-04
1.603473264907882556e-01,1.997846015175957224e-01,-3.013390106770348111e-03,5.972186589857686467e-01,-1.284940153617750713e-01,2.368096623998560898e-02,6.940152180717983343e-01,-2.719013841351068939e-01,-6.912152774560070823e-02,1.143878620324051236e-02,-3.997441253937749316e-03,-7.592853370034163135e-03,6.584365543277590459e-03,-1.332868138038348837e-03,2.905573243218697622e-03,-7.201150592113737727e-04,-3.972411928366820070e-04,-4.514518451737926306e-05,3.760498188972380960e-04
-8.044663288970516080e-01,4.761564359445769057e-01,3.495421228952430015e-01,5.482654462914973714e-02,-1.291007295093547086e-02,-2.689592640517203190e-02,1.548088084775193140e-03,-3.902926066987369132e-04,9.736018062390041860e-06,-4.513854391386682048e-03,-2.836961599388276682e-03,-6.363724065679156848e-04,1.347772650642522834e-03,2.355192804672856055e-04,6.717291508922414969e-05,-1.109620178033025596e-04,-3.086612497779238942e-05,-2.184412887581509263e-05,-1.572353273857680261e-05
-2.395817508041322985e-01,1.977262672174053548e-01,-8.322685065840226271e-01,5.255387083886262772e-02,3.926193321022908300e-01,-2.285152063339007111e-01,3.331097073859892732e-02,8.342889501392249801e-03,2.283003960258204578e-03,8.529443273103540918e-03,-2.109272706945903783e-02,-6.142486351374777317e-04,5.902502229522330323e-05,-4.723169367296195672e-04,1.350052323159607658e-04,-4.180854142410330831e-04,6.169065614731442018e-05,2.508558188240669505e-04,-1.929492301796527484e-04
-1.214049644936951861e-01,1.189562499876984369e-01,-3.965703570091063668e-01,-7.085415827333954586e-02,-5.513677483262289236e-01,6.824572353339433128e-01,-7.436419879749341100e-02,-8.358478617074107872e-03,-1.135617462434424961e-03,-1.293012386971931389e-02,1.820133203729000226e-01,1.077514072567007861e-02,6.262526641234894206e-03,1.921330274689692389e-03,-3.200180269895054608e-03,7.873260724818620685e-04,-3.493887764570226430e-05,-4.549578493953434230e-04,5.522916458832568187e-04
-2.470190444155940038e-02,3.512080108044749599e-02,-1.361868130948921674e-01,-1.339647283439626968e-01,-5.475231281843387920e-01,-3.468021980011805616e-01,2.011963169997705095e-02,7.043324212184654508e-03,2.263185256481686086e-02,3.852037401760481650e-02,-7.296815789246734463e-01,-7.967795915511662053e-02,-1.368330809783687568e-02,-4.424901650200715499e-03,1.283804915672730196e-02,2.107887929058374524e-04,-7.139480216608153421e-04,1.700253423007629236e-03,-5.686453542065807339e-04
-6.083220483208686899e-03,1.244522257823462916e-02,-6.385002693234777260e-02,-1.258093777443306804e-01,-4.151739135710060813e-01,-5.392779030557914854e-01,5.221932317731754758e-02,-9.346581015218055621e-03,-1.680250804127967441e-03,-4.873895068371710687e-02,5.516146074147019185e-01,4.358035227577019000e-01,5.713346869980335391e-02,2.834114924520759419e-03,-1.184894006766938207e-01,-1.123817560198418731e-03,1.354549055018097314e-03,-1.376141993083964017e-03,5.871052003727369410e-04
-2.094541516779113537e-03,4.595354032473048835e-03,-2.355253912918624931e-02,-5.671848139101116210e-02,-1.629497263626949188e-01,-2.231693767421445707e-01,3.164388148624460578e-02,2.893983203348248975e-02,2.533960253549994920e-02,2.066794718825147592e-02,3.365874589533837669e-01,-7.267890233333534900e-01,-9.463369445200724150e-02,1.355522917890561625e-02,5.109998378698833443e-01,1.767801752813395874e-03,-3.574222254987797966e-03,6.129686303243070053e-03,-7.148779522915092721e-02
-4.710417826275411753e-04,1.701868137378456962e-03,-5.762492136841301446e-03,-2.354143229297118306e-02,-4.437282816134801439e-02,-6.477470167150323199e-02,1.769181686161808847e-02,1.018469657989923977e-02,1.284786856559263883e-02,1.481963064940244185e-02,1.090229913775162540e-01,-4.508235915882506939e-01,-5.607731287169152173e-02,-1.405458697575673842e-02,-6.958471975877408289e-01,-2.371250899385338867e-03,5.252495810531897062e-04,-9.574628612535648897e-03,5.382121649629417748e-01
-1.128757139494772078e-04,6.891576033625213243e-04,-1.744767602652239243e-03,-9.694404980668792915e-03,-1.509753871252373508e-02,-2.208707156173937008e-02,9.248169144878432696e-03,5.442183414212166913e-03,5.111700105608183060e-03,6.891112286121135917e-03,4.223771342296887832e-02,-2.255996155710621176e-01,-3.639016554744785303e-02,-1.232246049118760484e-02,-4.896323359758495419e-01,-4.042782936368913803e-03,3.427750610330644772e-03,5.353453060999270076e-03,-8.396702172228996952e-01
4.391657917318131539e-06,-5.300860679017492798e-05,2.973949780368663714e-04,-1.226939436767725202e-04,7.456856054279182482e-04,1.149018212156161694e-03,-1.081887279924788960e-04,-6.157967570093123835e-04,-6.380291033658501941e-04,1.945786763922219883e-03,9.584961002910048636e-04,2.648331322852765218e-03,-8.658894042993715455e-04,-3.959954971857167563e-04,-7.708926833484590867e-03,-3.618397399202217396e-02,-1.519287185751961866e-01,9.876434840942901472e-01,9.690181966945606018e-03
2.922343000177248843e-05,-2.418052961108442116e-05,1.296357237961820078e-05,-1.175355534683244807e-04,3.350785356560667498e-04,1.488124147265972730e-05,-4.693630599431863047e-04,-4.281385108314134645e-04,1.595424477929761539e-03,2.830719282451862016e-04,9.957527099683397638e-05,1.441435883390308412e-03,4.028705671284800796e-03,3.991492614559841515e-03,-2.766163630062091778e-03,-4.160054211767320875e-02,-9.872614839052674673e-01,-1.533772230055042429e-01,-3.811289229950238361e-03
-3.694653622285380776e-03,-1.110166242813516359e-03,-8.398306466080116689e-04,-8.780497541957319255e-03,6.083742014505019637e-04,6.049074416860017629e-03,1.268302102589665727e-02,-1.692335004904752666e-02,1.408348847717512311e-03,2.460735856269081687e-02,3.955658839895325948e-03,1.305909047509896670e-01,-9.889389200957354742e-01,6.055858443410881697e-02,2.766420073606387490e-04,3.655869761757788317e-03,-3.500502271261317182e-03,-1.733438178044785635e-03,7.051747542491385717e-03
