-1.858497109179911989e-05,3.948806734114801708e-05,-1.812656065748414553e-05,-1.380032729856122916e-04,-2.380459282849351822e-04,-1.055733170863360241e-03,1.636067452928136417e-05,-1.857032820753364846e-04,3.071458443560709430e-03,2.526509951074072495e-03,3.212847603234120545e-04,7.702709892556574081e-04,2.191401181563332450e-03,-3.151591059718578201e-03,9.144065302221543630e-05,-5.175140947095140803e-02,-9.983975363897784616e-01,1.206210411810738903e-02,1.860571270669806113e-02
-5.842742531100984831e-05,6.031213891147088526e-04,1.084675336299391335e-03,-9.701059377392504774e-04,1.352077115076172472e-03,-1.210500812653204916e-03,9.178876178195164012e-04,7.027235759167781322e-03,6.733397174287622002e-03,2.064641521301419785e-02,6.604516484677093111e-03,-8.120163642243673208e-02,-1.332035989398058437e-02,9.962711796181357160e-01,8.439787715342749255e-03,5.171267996785572276e-04,-3.154687574252682068e-03,4.341486553396758409e-03,-1.032184155654095959e-03
2.509550192260960322e-01,4.320794997258738945e-01,3.559593591232972781e-02,4.730285842308832311e-01,-7.013830271413427908e-02,-3.032497503159464758e-01,-2.308430850078400376e-01,4.694407092207097398e-01,3.326679164673289057e-01,-2.088843810468263840e-01,1.264545303230731228e-02,1.630380777698046957e-02,2.112215144004846862e-03,1.998104164175232387e-04,-4.834477843054079890e-03,-2.761424622175569481e-03,8.585456617067199628e-04,5.293201784041446549e-04,7.016490495683187052e-05
2.409035386409457136e-01,4.016735311335678515e-01,3.070802409242676806e-02,2.949321295065184256e-01,-4.375521550501963036e-02,-6.874018191668010425e-03,-6.916860976962173335e-02,-2.434293341786714915e-01,-4.312032070868457301e-01,6.630949100232218507e-01,1.025287457885138169e-03,3.149551810961517123e-02,-2.771783388521141360e-03,-6.474027951242231939e-03,3.796445049595599183e-03,1.077206754087261208e-03,3.349557968944767380e-04,-1.418770416499594332e-03,-7.929064515956890267e-04
2.385033392328835544e-01,3.659746801279473161e-01,1.645643850331615643e-02,6.922843504104220225e-02,-3.061302004865758958e-02,1.771666945658461889e-01,1.168330125824438709e-01,-4.737831211401647424e-01,-2.713979421454847385e-01,-6.752146336470463694e-01,-9.183881254866478258e-03,-6.150900494743292979e-02,1.042560949774120563e-03,1.423519637370998688e-02,-2.771675079080855066e-03,3.033956393486010247e-03,-2.859143439826032987e-03,1.361514151564978479e-04,1.246117593009181401e-03
2.257352345788081471e-01,3.228429704340613493e-01,9.824245139061545812e-03,-2.252286078265312574e-01,3.109070553180104390e-02,3.857676161080916821e-01,2.645362467084514946e-01,-1.948638863914160246e-01,6.933869313825714586e-01,2.349176083293933182e-01,1.129652148772610810e-02,2.101806194034481958e-03,-8.248256611013799269e-03,-8.433604608884094980e-03,1.666248258057841753e-03,-1.860200919752052302e-03,2.498392646031258324e-03,9.247299974894808818e-04,-8.315865862388615356e-04
2.154100219419257389e-01,2.755474855826381964e-01,1.555615032649834521e-02,-4.815725388714423016e-01,3.873352097973519620e-02,2.382258594491306336e-01,1.994657358790981605e-01,6.337288599781730758e-01,-3.798103691889774813e-01,-2.030591564082853684e-02,-2.711969443986021050e-02,4.009016998039409592e-03,2.059917555989477025e-02,-1.326904097050523494e-03,4.337502246958411210e-03,3.756212339485191678e-04,-1.503234685570965659e-03,-4.581198075265784249e-04,5.818919055825326751e-07
1.656373372882758710e-01,1.884024935993378336e-01,9.974538676857042444e-03,-6.084671629641715818e-01,9.821800311043049625e-02,-6.297899450495085816e-01,-3.194063329266791929e-01,-2.340315815356762141e-01,5.775365938773609903e-02,1.381779501023112054e-02,7.649593407761261059e-03,6.538954101327125977e-03,-5.283694352840368272e-03,9.651579087562705270e-05,-2.556231988558205735e-03,3.010943899127619229e-04,9.759277375358229104e-04,5.208221722291522674e-04,4.349027643821530369e-04
-8.001987879247337565e-01,5.057849943992911435e-01,3.163846948058382513e-01,-5.769287788835488623e-02,-4.474725127607865824e-03,-7.519474543384062522e-03,1.806978523051865765e-02,-2.091278970805979676e-03,-3.490247506736187224e-05,-3.986766060965808017e-03,2.861337562765923527e-03,5.975722475817389547e-04,-1.809806850345428361e-03,-6.725562878529220976e-04,2.570682510474325702e-04,3.971238900056133826e-05,3.534595387230949612e-05,4.284297820543156080e-05,3.719711822431765434e-05
-2.115114911614983384e-01,1.816169032574234399e-01,-8.488554480804259006e-01,-5.169271915209087270e-02,-4.241195098950917841e-01,-8.424312266056815934e-02,1.059486468415691135e-01,6.380352201863978816e-04,7.313374164082364322e-04,1.188406673782560832e-02,2.647714211747259280e-02,2.507446963445007348e-03,7.994609113219148426e-04,9.115739897878426647e-04,3.470227567754616044e-05,-2.065815244973812971e-04,2.800947328503278319e-04,3.412948854099061210e-05,9.756196618819791273e-05
-1.090743384708812158e-01,1.117713368020063075e-01,-4.040290992281436733e-01,5.390562353170778864e-02,7.422585784539686982e-01,2.555644574608331165e-01,-3.960607582384227388e-01,1.143123211039987451e-02,-4.155587984728145896e-03,-2.132027217191011237e-02,-1.889621357883170538e-01,2.162838811669717809e-03,-2.987131917678490997e-03,1.892976550165175560e-03,-3.557199557162691889e-03,-1.758764445646150687e-04,-5.861270574099926474e-04,-6.082022382397366157e-05,-3.368717039130472431e-04
-1.850954235170699028e-02,3.120707564167161246e-02,-1.101008086573078693e-01,1.056849001073589395e-01,4.423738436466593260e-01,-2.659954585466104415e-01,4.643620166288913165e-01,1.415345245906855960e-02,-3.138052194319381621e-02,6.913003008812825499e-03,6.991740081103995363e-01,-5.459846425062458292e-02,-1.370320622878491799e-03,-1.038312602865425378e-02,1.175551216895946195e-02,1.325413639980860953e-03,2.781370238698037270e-04,6.196298953707575843e-04,1.874839276412954480e-03
-1.417185641436825589e-03,9.224331081783965561e-03,-3.024261700309540876e-02,9.501103938154580042e-02,2.131818707272033764e-01,-3.181088950375470792e-01,5.222286968924282347e-01,-2.081084732306511323e-02,2.124355757743941024e-03,-6.171550213683478503e-03,-5.892313900177095221e-01,4.305780334405138188e-01,1.479601826847204982e-01,3.919998353054015422e-02,1.187353536367899559e-01,-3.579434378997437536e-04,5.676566527362440035e-04,-1.265789722643129818e-03,-3.583510000308517355e-03
-3.400656935945734491e-04,4.188061396891947126e-03,-1.128636553002860567e-02,4.417434758972652725e-02,8.460608578301437310e-02,-1.556361707091059310e-01,2.275594684338433371e-01,1.961573461854618575e-02,2.831398059804623221e-03,4.703391248516892997e-02,-3.121104312938710601e-01,-6.146872713898579033e-01,-2.438120144181656623e-01,-4.771916259281019923e-02,-6.030087815996825196e-01,-1.072690995503575162e-01,4.833738983305607695e-03,3.064670881252142681e-03,-8.367761538090134985e-04
6.898702697594211880e-05,2.050904954889633171e-03,-4.332147802399076604e-03,2.055157213230156266e-02,2.919158874028558379e-02,-6.893601291195745884e-02,8.301843203041280039e-02,1.634236907603586059e-02,7.673650158537559558e-03,2.782443340076957983e-02,-1.531785217126980514e-01,-4.730541700950921524e-01,-1.904021925619860389e-01,-4.645869148624517248e-02,5.951343578368512022e-01,5.865771506335752949e-01,-3.015992285786426100e-02,9.986889533475248881e-03,3.218362713955883608e-02
1.042850195937076871e-04,8.317102854037466877e-04,-1.547130276658246735e-03,8.376177527812491905e-03,1.074142011243556932e-02,-2.934556394990285241e-02,3.151317619639253109e-02,6.326756186115800075e-03,4.980247845195716078e-04,1.239339637735620628e-02,-6.910677889144221930e-02,-2.657552783739248192e-01,-1.072755784928520889e-01,-2.681220683100057900e-02,5.174461114269833795e-01,-7.993729087848626680e-01,4.023746127099866315e-02,-1.827338239833442915e-02,-3.787078555245543959e-02
3.237644823105528233e-05,-4.412923320922307519e-05,1.253456391453130233e-04,1.330343499572264740e-04,-3.078009879362200284e-04,9.112072490274628544e-04,-3.778699482064051818e-04,-8.564852463674449282e-05,3.339395498152125392e-05,1.270621732126443228e-03,-1.468494215629856511e-03,5.797640148155564811e-03,4.801876190094154020e-03,8.377487525017508286e-04,1.362597666256902193e-03,-5.111577230782868297e-02,2.315081537715767482e-02,1.813202392507816674e-01,9.817892215890471341e-01
3.168413519633169959e-05,-1.870116255845995129e-05,5.816434258720614260e-05,3.063550158238626366e-04,-3.318362475625862744e-04,5.115731263819498029e-04,-5.095277944252766091e-04,-7.768427527346958368e-05,-1.794406504247653741e-03,2.829273503415890016e-04,3.109381638329508104e-04,2.679925503524185557e-03,-2.526151311308059543e-03,-4.292788370886835639e-03,5.305141543023458861e-03,-1.041970156303598759e-02,9.025076565536856860e-03,9.831086174605885297e-01,-1.823270561274321910e-01
-3.528217221621914555e-03,-9.729997232658506388e-04,4.777901987097977663e-04,6.804953563162632717e-03,-1.065756337931542076e-03,-1.214881835764227910e-02,-7.103584258995977035e-03,-5.654870847695818263e-03,1.516482570155607522e-02,2.638591037034536055e-02,-2.609499399139628834e-02,-3.572452997531133656e-01,9.328143137673031715e-01,-1.713030134456654946e-02,4.604173783666495878e-03,1.682758164113339473e-04,1.911751675520705074e-03,2.717872549132730256e-03,-3.049674886883328977e-03
