-3.783077396481585660e-05,9.176652710300054491e-05,2.399452402896900220e-05,-1.808494351362699415e-05,-5.922066566723885187e-04,8.607742321342497791e-04,3.186462059934776583e-04,5.912823585139192302e-04,-1.165672471210809063e-03,1.199546497737330204e-03,1.344651885106145804e-03,8.381681700934485784e-04,1.482753107683539018e-02,5.650749880778124096e-03,7.966310929572736161e-04,-9.995872196076142080e-01,-1.185749039948078183e-02,-2.037425190272072403e-02,3.224444108504401132e-03
-8.594594009820978662e-05,4.803125140739941939e-04,-6.596359710521910178e-04,-2.479675647060702089e-03,-9.820671392666031202e-04,2.730006164922557047e-04,-3.433488446120816669e-03,6.039547379204752812e-03,1.111106665250021289e-02,1.188126912111128579e-02,1.672906886790065037e-02,2.236530645105536119e-02,-1.242987375817071992e-02,-9.991951594319424812e-01,1.382873111425336581e-02,-5.691621585356121220e-03,4.953005680219450986e-03,-8.033980730855724492e-03,-6.403994039391585139e-03
2.185200317680654480e-01,4.369399934610523339e-01,-3.034376464952211541e-02,4.881915960844841473e-01,-5.812348515001070776e-02,-1.664487872264139579e-01,-3.865516416870263261e-01,4.428884261268283273e-01,2.758813421881435857e-01,-9.326892573376568962e-02,-2.458902328803763138e-01,1.049800814133447502e-02,2.768506912655997656e-03,1.143190931324836570e-03,5.721354034080993779e-03,-6.312043310563590940e-04,-7.325755821831741316e-04,-5.712865911948248167e-04,-4.656462839362217500e-05
2.122917703747826124e-01,4.114865655453897042e-01,-2.972080335987635144e-02,3.066046002483456268e-01,-3.716920187924324659e-02,-2.232481502695785394e-02,-2.714807399575074054e-02,-2.219481349685210048e-01,-4.284626421693514264e-01,1.948054811094204197e-01,6.421560092457074820e-01,-6.161192700293074975e-02,3.344965563708916789e-02,4.678963431231409481e-03,-2.966333715218134534e-03,1.958977552513382035e-03,-2.037895316751861465e-04,-2.550426743278464119e-04,-2.601109473302040567e-04
2.108873374360231701e-01,3.803439309018294967e-01,-1.643560118234269410e-02,6.875423484543138897e-02,-3.584020187895784609e-02,8.636669364996392428e-02,2.645021169162127261e-01,-5.362968380360242371e-01,-2.088885918701005040e-01,-1.445267391335386675e-01,-6.072939191180052321e-01,6.556849727573563213e-02,-4.049354771445306395e-02,-1.636397311419250308e-02,-2.540360809521828231e-03,-1.537400780849485730e-03,1.098195700332616279e-03,1.421510062369678610e-03,1.119019354571902398e-03
2.005824349566184273e-01,3.439528977225792539e-01,-1.531488049299333486e-02,-2.102588624746269397e-01,1.274377139883345507e-02,1.330505093782865245e-01,4.100456189668015838e-01,-8.766215600121275708e-02,7.243766629247635480e-01,3.493585312061243259e-02,2.779150424573023637e-01,-1.004447736899743130e-04,1.778561511542233820e-03,1.191729129702534355e-02,2.444536335858964529e-03,-1.017062514703052098e-04,4.101281778267580939e-04,-1.295400338258140618e-03,-9.945446011474252251e-04
1.919619931027921611e-01,3.012612116733622281e-01,-2.327971845267072862e-02,-4.728152647611905124e-01,1.775228184436629386e-02,7.400830399619225120e-02,2.877709112911999156e-01,6.225973316593368390e-01,-4.060334840159785519e-01,1.685325592077841633e-02,-7.843132347283894579e-02,-2.339491379999585410e-02,-1.393933493341463839e-02,-1.960134800665948134e-03,-4.190429618591015939e-03,6.671210473758447954e-04,-1.966805100375948958e-05,1.201849203499322921e-03,7.312182760813739670e-04
1.503785359990819359e-01,2.171199932185554349e-01,-3.042467345427134554e-02,-6.082346652050150126e-01,1.175854301413342545e-01,-1.046566672354266453e-01,-6.820833133460072473e-01,-2.588780660518982812e-01,4.425369649763839092e-02,1.353655012077401357e-04,1.476164755252641278e-02,7.766963854636550757e-03,9.060578307671320400e-03,3.096932815834329503e-03,2.304673161820906205e-03,-3.595415292853387616e-04,-8.052718642961716146e-04,-5.187705958183304322e-04,-7.755950476508343587e-04
-8.369598615100684036e-01,4.444424153629344953e-01,-3.163526053610153377e-01,-3.828052351705716477e-02,-7.639827719737230828e-03,1.858428832821779758e-02,1.224210835688325063e-03,-5.839237127724812007e-04,3.733267596561850124e-04,-1.409124022683424680e-03,-3.742741172212789551e-03,7.613308977687809238e-04,1.474793029816657457e-03,5.186793940435081894e-04,9.286795606248900072e-05,1.040001906466369122e-04,1.635955438072878644e-05,9.920404472151426670e-06,-3.549224611503606425e-05
-2.195597203295878985e-01,1.703637394848594999e-01,8.466493535088788214e-01,-5.463467995390742377e-02,-4.042181955560599227e-01,1.780391713041846735e-01,-8.205044037440832605e-02,5.509283793548296754e-03,-1.833025124673276105e-03,-2.847076885807626676e-02,1.737684519233669012e-02,6.512726389254732328e-04,2.476774710781551292e-04,3.819090058282461351e-04,1.214383365703684299e-04,4.113696428907299887e-04,4.062155844516907786e-05,4.107770637558062044e-05,-9.078712771174406301e-05
-1.168076080976536563e-01,1.041798026300543994e-01,4.039019618085247232e-01,2.622176153704535231e-02,6.501290420708446538e-01,-5.641014149706432557e-01,1.709973224830782790e-01,-1.949670322674492903e-02,5.670746206682720364e-03,1.932593264286721346e-01,-5.978581469240063645e-02,-1.488170663855374262e-02,1.238766703473773026e-03,-7.549581408130135026e-04,7.660403825024003903e-05,-6.623270916806809402e-04,2.179887931356264716e-04,1.119984809036108048e-04,2.233308786175157835e-04
-2.506133405493972399e-02,3.620693056873585530e-02,1.190145312274336620e-01,9.334431302719863044e-02,5.251911252386483042e-01,4.276939561139122548e-01,-7.146454636803740990e-02,3.843182889146034426e-02,-5.847227900680924267e-02,-6.845161050621462184e-01,1.778931985957514228e-01,7.865736019758291786e-02,-2.552457251312943709e-03,-4.277675901279196988e-03,-3.146786839907815547e-03,-4.549872766179208021e-04,-1.011341320622084240e-03,7.080462129259602194e-04,-7.876667200535968430e-04
-4.252790519228392269e-03,1.225835059695140616e-02,4.194261256592720505e-02,9.577743085163720194e-02,3.185229281978859683e-01,5.809974973549956179e-01,-1.335158929756620205e-01,2.406715373572405198e-02,3.838151276379388188e-02,5.398496168585958932e-01,-1.932442124191922905e-01,-4.395555222950463525e-01,7.287837786896736447e-02,-7.666823726857566017e-03,-5.141109697002099049e-02,1.263942096463797557e-03,-2.283568986799767964e-04,-1.847110603793810204e-04,7.233991784936273260e-04
-1.338280234813837713e-03,4.763587348712496061e-03,1.534954540616010298e-02,4.179735097920026649e-02,1.189222380325956202e-01,2.267183339418674948e-01,-5.891237670077831279e-02,4.052780683969371689e-02,-5.683016212399299473e-03,3.298333442181068387e-01,-1.784885219076527349e-02,7.480994247170875688e-01,-1.495559007986731470e-01,2.963806866309040902e-02,4.759710981285827924e-01,-1.230449265074785251e-03,9.156736183209369939e-02,-1.898206652295946623e-02,1.439232956674060858e-03
-4.158008875937576850e-04,2.147822846200313131e-03,5.445066841300811276e-03,1.800278833769628634e-02,4.318846814943485407e-02,8.436533258872785934e-02,-2.697986557398879964e-02,2.013247437545345048e-02,2.380400749696714394e-03,1.437823772567735636e-01,-8.348575933227146825e-04,4.037470355468192329e-01,-8.097436879170398505e-02,-1.167680321299528366e-03,-7.110168467632668188e-01,3.233960560592329201e-03,-5.341471169093583438e-01,8.903955529087059784e-02,-2.189215256746447624e-02
-8.079743068603562842e-05,9.012725927285236520e-04,1.831848241008875904e-03,7.020320983252900139e-03,1.544751887991533713e-02,2.985096760193946264e-02,-1.246694369001563954e-02,9.396285836926056984e-03,1.861471340703935292e-03,5.561003819554407451e-02,1.971136767989811137e-03,1.783629444261319863e-01,-3.433064076783017698e-02,2.854096672173277519e-03,-5.144625829296801678e-01,-8.166100497775110115e-03,8.274451974955210343e-01,-1.075848341566547628e-01,3.866171599299234735e-02
2.747867862614095580e-05,-4.683721659889135533e-05,-1.732012257172318493e-04,2.157676172920034656e-04,-3.040294911372503749e-04,-4.134854828832334561e-04,-7.725787818060751754e-04,3.283853705420631592e-06,1.533092745559040074e-03,3.324056826651885111e-04,1.124383106246975260e-03,-3.753755900280039432e-03,-3.697501520112674023e-03,-5.311103955837992267e-03,1.607296884849904184e-02,-2.217513463927618320e-02,1.459620647889874334e-01,9.653535501159115073e-01,-2.144222168313420218e-01
3.747183119969935475e-05,-1.683151263447180032e-05,-1.123411343279473730e-05,2.224212456404083677e-04,-2.344336157277890505e-04,-2.216287587313393122e-04,9.107372012414531939e-04,1.104868654383256980e-04,-1.546170348590996920e-03,8.937384347458199514e-05,-1.826115492226492321e-03,-3.588844659930812684e-04,2.049994031997811814e-03,7.880640404044458869e-03,-7.395890716848349360e-03,1.222219450205030890e-03,1.276038406311834350e-02,-2.184436060949884184e-01,-9.756998536573785463e-01
-3.297089151574901945e-03,-1.369083905015729997e-03,-1.885520116099846546e-04,8.480240334755077825e-03,1.678573497678683031e-03,-7.729436674978403150e-03,-2.043114516194204783e-02,-2.151523976100722189e-03,5.734769432246960251e-03,-9.946837048454851282e-03,3.567274172140171007e-02,-1.912471785593044260e-01,-9.803764491197706210e-01,8.623683703409379397e-03,1.853148633548414026e-04,-1.454304512211991585e-02,3.333207180326684389e-04,-5.103718440130853781e-03,-8.853375419203592112e-04
