5.553380210416107023e-05,-1.228345542743588831e-04,3.342292982206057616e-06,1.313487584060535785e-04,9.078650103940111684e-04,5.037561846534129549e-04,-1.301011365615558583e-03,1.403268827477692482e-04,-2.207521204878305342e-03,-3.931799772745702207e-03,2.260038457385496252e-04,1.576498202078545699e-03,1.337185044345058985e-02,-8.172637046232762367e-03,-2.934611023680283592e-03,9.998198059319949316e-01,5.493708328606095384e-03,4.492104238828753884e-03,5.485539259062254501e-03
4.661105412231980345e-05,-6.249069541623608268e-04,-4.495935081164800198e-04,1.710601893356058579e-03,8.264493789621834804e-05,-4.343777784179854787e-03,-9.740210648628327061e-04,1.159607796397122206e-02,-2.268927159606721686e-02,-3.538191072996221126e-02,1.957233176617660317e-02,1.309950775935224583e-02,-9.716602185865097496e-02,9.939252443478301391e-01,-8.522585608506272337e-03,9.160109968925257348e-03,-1.802451951529732664e-03,5.461485230471430433e-03,1.607554727991914985e-03
-2.238888256643646602e-01,-4.305192186288598899e-01,-2.651139576717444213e-02,-4.906206308470820732e-01,4.590472823789387008e-02,4.254331725826439592e-01,6.584965933356097534e-02,4.087290637230924228e-01,-3.291931531753071183e-01,2.427737164918682966e-01,3.108328680610056294e-02,-1.639267949380238121e-02,6.896257099567069254e-03,-9.199004686603007514e-04,-5.209014581020285362e-03,-6.752617901800902491e-05,-1.029109285125771357e-03,6.838143912236556128e-04,-3.394477460978743370e-04
-2.158020182789166796e-01,-4.059197087953965721e-01,-3.039346374921716651e-02,-3.086907590227624398e-01,2.570818689741801236e-02,1.560452967260637057e-02,4.591376723417543021e-02,-2.182256427399182630e-01,3.800341560845244548e-01,-7.045862783740607371e-01,-2.414301097860586595e-02,7.461548542155255724e-03,1.074749356157198368e-02,-1.198071251313739295e-02,5.520632401712892261e-03,-2.087307160696803138e-03,-2.484380518050839648e-03,-1.522635065675403748e-03,1.140239164294025139e-03
-2.146655203910539100e-01,-3.804511336417502609e-01,-2.098844509556961266e-02,-6.943230144322605490e-02,1.898489113012009205e-02,-2.592685932983933572e-01,-1.115079411287024126e-02,-3.960428601385294067e-01,3.982129749752822412e-01,6.474700233027408380e-01,-8.361148823487160944e-03,9.690837012877259043e-03,-1.392800705395740024e-02,3.411701898145611672e-02,-2.818241276453506763e-03,3.980148970189142758e-03,4.420634794004753114e-03,5.916758924465885831e-04,-1.706148852508676712e-03
-2.042010369321942409e-01,-3.468751978741410058e-01,-2.156201885624096579e-02,1.956835553945010242e-01,-1.487510681299830662e-02,-4.446425675327147498e-01,-1.000910313771616739e-01,-2.515586728508660830e-01,-7.112126451825674378e-01,-1.454949603397648616e-01,2.158559620738514234e-02,-8.140475038000275984e-03,2.859062624672034040e-04,-2.136479153156866512e-02,-1.879654639552370615e-03,-2.250067154523369053e-03,7.669814876435403694e-04,4.892382687750544256e-04,1.980395401540156405e-03
-1.959510431855826795e-01,-3.007373039096860601e-01,-3.595644481376337326e-02,4.770103045169196143e-01,5.161193178629419100e-04,-2.746824829045430016e-01,-5.037220916061275339e-02,6.952823960728687913e-01,2.771085908284672827e-01,-4.830161998895123043e-02,-3.430799909789584295e-02,6.257973678700349401e-03,-2.196286324700211234e-02,-7.270903306207670766e-03,6.760943346038698724e-03,5.757947719840979814e-04,-1.238331838205827731e-03,-5.907753279723673440e-04,-1.134557422293438946e-03
-1.519981014027420307e-01,-2.133028918557750842e-01,-3.008386236212894083e-02,6.171092048375198535e-01,-7.318444537110213588e-02,6.793765318946156651e-01,4.569316766196077073e-02,-2.833499021488676273e-01,-1.036338817129718419e-02,-2.439011960894005900e-03,1.088733081061277717e-02,1.887119982641939533e-04,1.040540639255058304e-02,5.567900881755545074e-03,-3.793404167259993836e-03,-4.153527753004419734e-04,-4.488081384041682021e-04,4.647287975223469633e-04,6.525835971111669173e-05
8.263869706389587177e-01,-4.456936140010803182e-01,-3.419390753910985792e-01,3.357317419971576206e-02,1.221940065935220657e-02,1.179460723409167218e-03,-1.468482939836745528e-02,-9.467100495783763647e-04,4.545855299574293662e-04,3.690692075008700831e-03,2.910689776420611555e-03,6.657923679683105641e-04,1.473837977472705401e-03,-3.102226066236986194e-04,-8.280366885434826312e-05,-1.434162974914764642e-04,4.620748806439108026e-05,1.545327286041540713e-05,-3.242980840506221523e-05
2.371992657989643594e-01,-1.913482154724139572e-01,8.476250134271912096e-01,5.303734410324987408e-02,4.149669681620379857e-01,3.157067076260663269e-02,-1.096962137670018100e-01,-6.206421608546777366e-03,5.872101659307696342e-03,-9.170336082560579319e-03,2.132721132358308611e-02,-1.005180686971586003e-05,-9.380645903590520722e-04,-4.729387305176430177e-04,-4.408528831246012660e-04,-6.001129469032010074e-04,-1.430010959315028827e-05,5.104800132479529783e-05,-2.948930677777475634e-04
1.198130990532593060e-01,-1.123928846994906028e-01,3.857543386695287957e-01,-2.490475257557688005e-02,-7.767274677267481664e-01,-6.812096411380756666e-02,4.285912545292513420e-01,2.569957127727744844e-02,-1.610292313222897245e-02,9.772368772701904224e-03,-1.755485040844101674e-01,-4.900824295286035012e-03,8.446112599068373444e-03,4.336282834106877648e-03,-6.839450312154072512e-04,1.245717099984657190e-03,-5.867005185398349891e-04,-3.533857014527336585e-05,6.663709357496662346e-04
2.172488225744345289e-02,-3.026516327404848300e-02,1.020258946023651775e-01,-5.990055564321490611e-02,-4.218255177163495739e-01,4.758764514657858741e-02,-5.886561099649958440e-01,2.000626389612384509e-02,6.673465823887299309e-02,-1.287310610968679658e-02,6.708975606269708125e-01,4.116268571868250681e-02,-2.612937178677603861e-02,-1.556905078535505971e-02,1.218861737394053360e-02,-2.693917933903613939e-04,1.712574926985585208e-03,1.764260482056125511e-04,-1.788420223554299188e-03
2.365610835994417984e-03,-7.591638868544826717e-03,2.435558601882801752e-02,-5.776127404270429283e-02,-1.831608152499435704e-01,8.149422249025360665e-02,-6.172979704946842672e-01,-3.439245424908347285e-03,9.616307291253869266e-03,8.218564902680415910e-03,-6.460014378160375825e-01,-3.852405438040751862e-01,7.913347639782658538e-02,2.633273220142109614e-02,4.360412761999273717e-02,-5.795713296508686390e-04,-1.407825477342406189e-03,4.158753413388492198e-05,1.447196839439902124e-03
3.972953812362826518e-04,-2.787446355976724941e-03,7.944505846532294926e-03,-2.770155783068309688e-02,-6.108480360432704676e-02,3.746546079867722756e-02,-2.190130324777859461e-01,3.008670490699067498e-03,-1.488199876155406158e-02,1.443472116403229834e-03,-2.796829020315731440e-01,7.795574634362224531e-01,-1.234531518161943037e-01,-2.149828640564230980e-02,-4.875936743202272106e-01,-1.016490237394118137e-03,-7.971916658869679373e-02,2.203339262975292055e-03,9.132503971021705899e-03
-3.336450159755160165e-05,-1.389951585753591411e-03,2.537788634126980115e-03,-1.285428009019565568e-02,-1.927863822063108704e-02,2.136896504295879989e-02,-7.849319075652611000e-02,-1.068692059061836360e-03,-1.509878026705715158e-02,4.006030092222090909e-03,-1.253401370560205397e-01,4.107353582265652059e-01,-8.399927595679959613e-02,-4.253679148922540759e-03,6.985535967831292270e-01,-3.509229984738439006e-04,5.561439936393154371e-01,8.809230347412492362e-03,-6.126254488802721637e-02
-9.955308226730612698e-05,-7.028040641999702253e-04,8.905786767551490419e-04,-5.689195274176637313e-03,-7.135040557892446261e-03,8.539702019837292976e-03,-3.282861044639557441e-02,-3.945655080561953978e-03,-8.084588213948071256e-03,8.114697667890814411e-03,-5.489505569624198583e-02,2.041319131424490507e-01,-4.248695375952064868e-02,-2.661249131016909641e-03,5.211463565842430201e-01,5.950851439187476374e-03,-8.211646502437430772e-01,-2.406074687344777335e-02,7.485477587728947557e-02
-5.354436238155875543e-05,1.805744951296934465e-05,-1.470282554706747551e-04,-8.929306960992387744e-05,-8.961464934840811898e-05,-6.157002302771307552e-04,7.843565649301298534e-04,-1.201560638147027580e-03,-1.719965776663242782e-03,-1.998215537667808513e-03,-1.128366480357465614e-03,-3.347302443993414433e-03,1.545626760268698288e-03,8.917052242618912989e-04,-7.464027730955762746e-03,5.497787501134072247e-03,-9.869651501596835019e-02,9.746216499074736306e-02,-9.902772819694508621e-01
-2.622434655213458262e-05,1.022787393775938002e-05,-5.858084742891921754e-05,-1.260664867439571606e-04,2.132974032411547017e-04,-4.268981817752137958e-04,4.786114008169660319e-04,2.883846201713173856e-04,1.367269550490726520e-03,-9.888678150790765429e-04,2.824887361290834807e-04,3.470755988283251632e-04,3.044265593613267474e-03,-5.257912149264709969e-03,8.353792481139243539e-03,-4.992636997709583302e-03,-1.495438559351448121e-02,9.948759073780630846e-01,9.931295065535390709e-02
3.443750871548687583e-03,1.600701960111360804e-03,2.915386561593618568e-04,-8.553551916307938763e-03,-1.413878752430430385e-03,1.831937898766560283e-02,8.167539152906752933e-03,-1.441839476482184232e-02,-5.748497330141526945e-03,-1.054145878395624202e-02,-2.422618108039185925e-02,-1.762909654501519929e-01,-9.789277720634523838e-01,-9.341528563713313860e-02,-1.718353395066843023e-02,1.251463468826529563e-02,-2.215128945398698364e-03,2.773863299333870734e-03,-2.512349072223594927e-04
