-2.945401712045437963e-05,1.118070429994294247e-04,-2.103389553035663051e-05,-3.274011049608674222e-04,-3.099464908193503491e-04,-9.983286932152095599e-04,-4.181788792046736578e-05,-9.606247635692865584e-04,-6.998357034871709658e-04,-2.449380656296564970e-03,3.483946693199454323e-06,1.301211799344657687e-02,-4.175467185350970230e-03,6.444679182109676330e-03,-1.030344105506760498e-02,-9.988832796420769045e-01,4.285030802231173247e-02,-6.471723936659859455e-03,3.330088474830406476e-03
-8.872510728834211201e-05,6.896787512512040329e-04,7.120378950896900840e-04,-1.998492608135055484e-03,1.560975448970015065e-03,-5.063537667016138402e-04,7.976605873896470272e-03,-4.284541398552784417e-04,1.523253125901331308e-02,-2.872728272731448276e-02,3.364008003914678406e-03,-5.288124203316814376e-02,-1.990137852810310373e-02,-9.973327622736251064e-01,3.044629184989523091e-02,-7.251950495644850746e-03,1.580253630310584972e-03,3.071492577124842159e-03,-1.811420488603970001e-03
2.054520140340100609e-01,4.475485307288569192e-01,-4.759490644057313286e-02,4.692972603445886848e-01,-8.067086162766419488e-02,1.094307929868128942e-01,-3.618000200471888084e-01,-4.304065456974923709e-01,4.220007043100740263e-01,1.475712622249018557e-01,-1.476691721049357142e-02,3.787580101978971735e-03,-1.425728631344586571e-02,-1.119836946032951334e-03,7.274655295239978829e-03,-3.646772172350477587e-04,6.894348672364733347e-04,1.699868875905311927e-04,5.402668540535529975e-04
1.998148658643360831e-01,4.209374516264719479e-01,-4.540314003937984122e-02,3.062042457720433042e-01,-6.115461752593282646e-02,5.509553216186217212e-02,-5.498982957849436748e-02,1.720541775277305008e-01,-5.980849785371722405e-01,-5.324516037960100867e-01,7.886190115345870222e-02,7.723381703198623112e-03,-5.469329364569185808e-03,4.817829405382058686e-03,-1.065698995976667625e-02,1.720661582098155333e-03,-3.443675890271117993e-04,-1.078627760419646059e-03,-1.062297269753988485e-03
2.016358632272713669e-01,3.862774230575206080e-01,-1.382347423386831239e-02,7.073574160473221351e-02,-3.848886183306664266e-02,-6.834171722496860946e-02,2.281759833975081919e-01,4.711159044767109783e-01,-1.490774478527107372e-01,6.994757526655126512e-01,-1.078026942746566769e-01,-1.181717985227101475e-02,3.036355848260480911e-02,-2.066496244644627431e-02,1.258272833512502978e-02,-2.593968775825695235e-03,-1.306469897751263076e-03,2.046726504470834911e-03,-4.724127627398472641e-04
1.950451159190977057e-01,3.457439710576405978e-01,8.796015907462702982e-04,-2.132679965581533443e-01,3.336125730909280523e-02,-1.327396584098612109e-01,4.321157063216403138e-01,2.555039748133221544e-01,5.927082091024339361e-01,-4.112848112355477204e-01,6.561516623457355757e-02,6.282712521225068507e-03,-2.703983739874335490e-02,2.543673268459925238e-02,3.620817607872974095e-04,9.592421250496921880e-04,6.416267079570522067e-04,-1.732822835683559643e-03,3.123553662586959524e-03
1.904255321118552835e-01,3.006115309359065901e-01,-2.325976397257022849e-03,-4.777555444761841241e-01,5.814866415184699600e-02,-8.874877017607948892e-02,3.062159767261078414e-01,-6.638041814786455053e-01,-2.959848552811905620e-01,1.010373102528768913e-01,-2.502863281768484549e-02,-2.121271984609656228e-02,2.015172979070823170e-02,-3.131032326668776837e-03,-1.175121220070960912e-02,5.772878532515685794e-04,2.460794958773442455e-04,9.192473405364208830e-04,-2.452892749702951982e-03
1.479520321237335068e-01,2.109672400427942962e-01,-5.480243305662962049e-03,-6.044573215043312908e-01,1.434432580667364399e-01,1.309405986480281781e-01,-6.877335535125298493e-01,2.380939675763425467e-01,2.523419868982939782e-02,-8.492849474709856725e-03,-2.743215247572598943e-03,9.012405825057138303e-03,-2.796172498108813074e-04,-3.902043349822105316e-03,1.819679819289058299e-03,-6.857536757065864331e-05,1.713987757606709938e-04,-3.950935321155423364e-04,5.468490169104876265e-04
-8.365673973710735511e-01,4.199663314619567767e-01,-3.453061581130586477e-01,-6.192738797969220971e-02,9.453003435146548755e-03,-2.381871508667006074e-02,4.010271082656243109e-03,1.367037217142689012e-03,2.796014086182934365e-03,5.063946553237337611e-03,-1.339709479446763666e-03,1.392645080842378879e-03,-2.356525840218580414e-04,1.213974575065327838e-04,-5.329643573757912882e-05,1.248935284556561048e-04,2.589874178849957015e-06,-1.035394181362790218e-05,7.607965546771082680e-07
-2.508700755677110705e-01,1.750288351094820838e-01,8.331960823608125510e-01,-4.670378233713261273e-02,-3.819335787035986196e-01,-2.330924956332783016e-01,-9.210648815702882075e-02,-5.256530793166919874e-03,-9.702256079805723910e-03,-1.029063435148303354e-02,3.337466329906881718e-02,-1.123623141230661740e-03,-1.540003575651959335e-04,-6.285957196032502462e-05,-8.032893761501496018e-05,4.083294489653106481e-04,1.540904549067485113e-04,3.804649375543830416e-04,1.407911477918606733e-04
-1.312213422360394843e-01,1.023341272427215204e-01,4.009334725968486945e-01,6.491216052375269052e-02,5.235849871616670148e-01,6.806056263282848073e-01,1.836031254496701404e-01,1.815751768378831045e-03,8.153141139122839151e-03,-1.040088921564184810e-02,-1.898216143535462197e-01,7.349720132400063694e-03,-1.453224287031202114e-03,1.575368733523905629e-03,-1.045487871605337927e-03,-7.344458274170258651e-04,-2.863724717801239346e-04,-8.511405036066306941e-04,-9.150352653871689701e-04
-3.039098586677228819e-02,3.407172395871236464e-02,1.285914984678063477e-01,1.215312298552047726e-01,5.691174892292225618e-01,-3.169671948432807307e-01,-5.530336276161442605e-02,-1.289528329099607143e-02,-2.455973404770556839e-02,1.119285443420497683e-01,7.243344564659367490e-01,-9.755603577367938026e-03,2.944859103899082411e-02,-2.449399473373756533e-04,1.593557868490469778e-02,-5.055434680237664517e-04,1.155436429883044229e-03,1.787312155313356245e-03,3.075615200906759404e-03
-8.280855303863523045e-03,1.435743676260851226e-02,6.340733048668932559e-02,1.160891596181528318e-01,4.293132093030107566e-01,-5.134968014602538933e-01,-1.104495576714553395e-01,-8.930218357027038326e-03,-2.437049164696283507e-02,-7.553060277630224695e-02,-5.731625358447043350e-01,-8.997681083675375391e-02,-3.830926678063906188e-01,6.684732801916195427e-03,-1.791902292999693613e-01,2.724763315855637056e-03,-2.809902189287011819e-03,-8.066157821786093182e-04,-1.098909228378198467e-02
-3.079693302051853248e-03,5.830081826705607595e-03,2.521985399837802302e-02,5.251230968934014059e-02,1.793121679427773785e-01,-2.257648789720141935e-01,-4.908784270739895844e-02,-1.197051614044987618e-02,4.312900166695039436e-03,-7.426572348077037367e-02,-2.830355873471337436e-01,1.782765287237178253e-01,6.512222387887159902e-01,-2.615100495163768472e-03,6.068537789763316370e-01,-6.236062413458080822e-03,5.654000690930270634e-03,6.571183181618697050e-03,-3.128811729324853380e-02
-8.601737756634954485e-04,2.392907804102613594e-03,6.961904934766438395e-03,2.224015634231425037e-02,4.977120710431210543e-02,-6.274262796210264281e-02,-1.794577830745906766e-02,2.759069381850074842e-03,1.925249874717736842e-02,-1.983042122482175582e-02,-7.637549117951518418e-02,1.424371715292727936e-01,5.383316268566676888e-01,-3.929882548224013922e-02,-6.754141204907333496e-01,8.442070185186245981e-03,1.019315202556685292e-02,-8.719532483176065454e-03,4.669483143935175828e-01
-2.281079261884319824e-04,9.992288530810944890e-04,2.207639730365352788e-03,8.891089618335342587e-03,1.610366821061682066e-02,-2.076107868250416308e-02,-6.845265904829877374e-03,4.087556226324873775e-03,1.422863075943188102e-02,-7.892076897594852217e-03,-2.024024851860590363e-02,6.919081127653299579e-02,2.666557182876132526e-01,-1.860875669147650860e-02,-3.760146681459776707e-01,-4.883277248260550676e-04,-2.796062040950763120e-02,-1.412038023913468610e-02,-8.831077650816868685e-01
2.248096100293583353e-05,-4.132637441953417886e-05,-2.677661250408722529e-04,-8.274614408328105609e-05,-5.814645525899747158e-04,1.618200540855687253e-03,2.922931190670706713e-05,8.459835392276224275e-04,1.047973125746550329e-03,-2.596247603397737469e-03,-7.723411277263091948e-04,-3.932448902658613609e-04,3.508063977967379888e-03,2.869906672759502380e-03,-1.667580181809473830e-02,2.372613702820486250e-03,2.002626482182665868e-01,9.794817013859717925e-01,-1.392371941572684985e-02
3.423958309560554060e-05,-1.322353146329684185e-05,-8.271543596687499719e-05,1.823982251392727415e-04,-2.683458897348218629e-04,1.291051403388849812e-04,4.168132957484112027e-04,9.357174342441052731e-04,-1.133410166023457628e-03,1.707880676223007006e-03,-6.501502337030560944e-04,1.458995821386866116e-03,-4.029572503602484729e-03,4.839889007220991488e-04,-3.925099725995749231e-03,4.325201766790957858e-02,9.783246631100783741e-01,-2.005675294950133580e-01,-2.725751726366013386e-02
-3.141078054008475916e-03,-1.027359116935732623e-03,-1.964565781473415424e-04,9.028730294738539566e-03,1.450244961659808590e-04,8.076783534480930574e-03,-1.527241704100761564e-02,1.188337570134720411e-02,1.570716725291944338e-02,-2.704420714063958744e-02,-1.772122246525570030e-02,-9.649565806878398488e-01,2.542429632453415134e-01,4.700027179753393791e-02,2.570175753441018515e-04,-1.316658458261474492e-02,2.697421049614901357e-03,-2.061558803812738819e-03,9.975913188852150379e-04
