-3.054749736651362572e-03,2.122497702676673370e-02,-2.502424303895053534e-02,-4.770670153261103580e-02,1.407372857035530944e-01,1.954042269657273873e-02,-9.881542879366649323e-01,-5.641537793357436891e-04
9.871493573898679208e-02,9.818502903618168132e-01,5.867779366509341676e-02,9.566785389142327956e-02,-1.129439754420106939e-01,-2.948875802991404033e-02,-1.989521984121631146e-03,2.457729677055045460e-04
1.087812350155044003e-02,5.897828030021670664e-02,-9.530618446597591831e-01,-2.407411676294542446e-01,-1.720723017421949275e-01,-1.908475857866989700e-02,1.210704013767411463e-02,-5.948834337804955082e-04
5.823997622185509565e-02,-5.257424352914853716e-02,-2.718818494430154664e-01,8.923969879108594183e-01,2.679601242411205342e-01,-2.274325458876953476e-01,-3.842833333105452435e-03,2.995249202827700557e-03
9.932244724254019053e-01,-9.429759285790455248e-02,2.096832457354646378e-02,-6.437959700876710878e-02,3.923920234372883960e-03,3.115522094557845404e-03,-1.898240094035079893e-03,-3.559033275797979744e-05
1.336190630489803542e-02,2.478033600758004773e-02,-8.363321171244990360e-02,1.946281408369880672e-01,9.427339422783626022e-02,9.719959291014244052e-01,2.585986854388144796e-02,6.893839018989692544e-04
1.446297110745628793e-04,4.700596709029889191e-04,-5.093708481121424561e-04,2.111486975901381933e-03,3.580919946323652368e-03,-1.452363255044187239e-04,9.986590165829720232e-04,-9.999905994003935872e-01
-7.898574699559780116e-03,1.406083105981241199e-01,-7.905466332029237320e-02,-3.036671441608339017e-01,9.258020720526998204e-01,-4.327794277082593066e-02,1.507065486611095240e-01,2.936071538683414448e-03
