-3.112851303598935301e-03,2.531481066235868188e-02,-2.910549713336461203e-02,-4.670093153915760159e-02,-1.398179751902034196e-01,9.882811211581723487e-01,-8.427754671338862080e-03,-1.302257709050100775e-03
9.036939268505669864e-02,9.676446203250096412e-01,1.205567612343812905e-01,1.719737558627323082e-01,9.202272358691758469e-02,1.217160268023222548e-04,-1.821092871798244230e-04,-5.403819576933079766e-02
2.906832415938341921e-02,1.310997465046973565e-01,-9.379419726398371404e-01,-2.297046737518004811e-01,2.118975958304222529e-01,-1.185242401546902913e-02,1.187277250037608738e-04,-6.653888069401900363e-02
7.177938973181677285e-02,-1.101382025139191617e-01,-2.774135537646287286e-01,8.647509712437353446e-01,-3.105450766316339428e-01,-8.513981266652887597e-03,7.619155550839308046e-04,-2.478980848351997057e-01
9.927261203433065395e-01,-8.434871726069720355e-02,3.868275929569473665e-02,-7.587443948731355248e-02,7.520762985538460149e-03,3.918265454802750784e-03,3.815254668203704627e-04,7.402513668918540672e-03
1.790085334336689524e-02,3.273320962141473139e-02,-1.277297285369647928e-01,2.225601397923778202e-01,-4.380858590597180163e-02,1.075262807301122659e-03,3.353469883949083182e-03,9.647945910459293506e-01
5.038784478030607214e-04,2.111084924624871293e-04,-8.853275952746302501e-04,4.700907486058534613e-04,-2.564208865309161242e-03,-8.893610344766267328e-03,-9.999516224450283319e-01,3.126986878321314552e-03
-7.683143919441297971e-04,1.597475140594170895e-01,-1.005658504745037957e-01,-3.352542371099978546e-01,-9.103085120861094115e-01,-1.516305959107852319e-01,3.702245728254652170e-03,1.743892906241766017e-02
