-3.194048442812047559e-03,2.418054036760297967e-02,-2.788693293056048600e-02,-4.926059074221692674e-02,1.482193918435916191e-01,1.010924246936053747e-02,-9.869634832557389048e-01,-5.719310399201571991e-03
1.056949295982066023e-01,9.653565108416394258e-01,1.610134684400063299e-01,1.489539976793116116e-01,-8.062364080524900278e-02,-4.796784007395126642e-02,-1.275256347476013026e-03,2.167310549727527317e-04
2.004511804695098889e-02,1.673275911393841409e-01,-9.096248915411361269e-01,-2.771213974472412911e-01,-2.395766905221752285e-01,-9.972722961369913375e-02,6.570443848411951400e-03,-5.258814443580117192e-04
7.344552168010730353e-02,-7.612695423264721761e-02,-3.240650937407503207e-01,8.667945856719427855e-01,2.784061697650693223e-01,-2.343879364659349485e-01,3.193308095406984133e-03,1.227237709260858541e-03
9.913173885330486268e-01,-1.001315608550328307e-01,2.679663584458641390e-02,-8.033243074501449088e-02,2.535851154161711057e-04,9.297013554569393684e-03,-2.279592048354169183e-03,6.717770537869048640e-04
1.561936422645658455e-02,4.775823072329058588e-02,-1.647850648783812377e-01,1.897949021201754405e-01,3.911501472077680286e-02,9.657242476192711145e-01,1.206879332979725848e-02,-4.234042887442440235e-05
7.680255995551681873e-04,1.412081624087118119e-04,4.995056967470310919e-05,7.512791628443865090e-04,1.606123008371941911e-03,-3.423412895793386652e-04,5.994501703459009095e-03,-9.999800960029875396e-01
-8.222486804620557019e-03,1.462910609200314682e-01,-1.139700568816278542e-01,-3.236989486871752475e-01,9.138332594663383102e-01,-1.946882059447313431e-03,1.601914546065825729e-01,2.194168009272524401e-03
