-1.082718615160364146e-03,2.061144314699877439e-02,-3.587509443726633745e-02,-5.635123415210633452e-02,-1.244823859740347566e-01,-3.057077270124913468e-02,9.892447231379727368e-01,-8.715120354109351028e-03
9.813748884082186541e-02,9.824896137428565934e-01,8.638980167991096304e-02,9.649467079264963110e-02,8.017087472962840244e-02,4.334879586899148540e-02,-2.925898254152993700e-04,1.483232531418965817e-03
1.849565891822926508e-02,7.841933851548978096e-02,-9.334271362657743376e-01,-2.236770806223973007e-01,2.632813281773248582e-01,5.188548990752010759e-02,-1.347051312770771413e-02,2.151306783004811398e-04
7.297057931497111238e-02,-6.048360083891830830e-02,-2.759396516673326416e-01,8.934534685152680789e-01,-2.509556048457908251e-01,2.308968109196774532e-01,1.780574664768385870e-02,2.477763037535764875e-03
9.921738884042997642e-01,-9.466708042107328802e-02,3.089754665862479502e-02,-7.491855619893592055e-02,5.511489242081572294e-03,-5.577358977736715517e-03,4.324901261563617256e-04,1.030755359651054489e-05
1.706840882306492196e-02,3.390829004446572342e-02,-1.112462803948341683e-01,2.063889060234386785e-01,-4.061790189148772878e-02,-9.701180245778245892e-01,-2.801390365054248419e-02,4.817415560479874556e-03
4.302043587078969934e-04,1.646431000305732502e-03,-1.473724899684065136e-03,2.939524351665151643e-03,-2.158042331893541936e-03,-3.752414620415703977e-03,-9.116715775437623029e-03,-9.999422179565963242e-01
-7.250332312430854799e-04,1.198629621314835081e-01,-1.746090047188915140e-01,-3.016702980482703911e-01,-9.187470519367811894e-01,2.588288605586993533e-03,-1.415210671429646683e-01,2.830946256476759952e-03
