-3.137250257997219790e-03,2.066868648210718265e-02,-3.388473736355220728e-02,-6.344858195406159751e-02,-1.183716520802366029e-01,-3.269476559917205982e-02,-9.895992392769995538e-01,-1.270822701823447675e-03
9.933303036825220922e-02,9.823073645250198771e-01,3.185261529523408103e-02,1.243365371196852448e-01,8.462873822318257855e-02,-3.953731379690463704e-02,2.321420829671476307e-03,6.446731863872309657e-04
1.348925888411418340e-02,3.525806564092691386e-02,-9.263979023926305345e-01,-2.566191746904336046e-01,2.510029179145013556e-01,-1.049139203447801705e-01,2.231126981300667403e-02,-1.116280152235671645e-03
5.797036162379765739e-02,-8.667079031233451691e-02,-3.010911693251278609e-01,8.596147907088562690e-01,-3.220387578131160833e-01,-2.362409020448052177e-01,-4.780049252259869434e-04,3.895742210370873281e-03
9.931199583608993908e-01,-9.332316625845885061e-02,2.903422085346303583e-02,-6.432083520484535577e-02,2.693017029559033847e-03,3.216864173183429671e-03,-2.395906647292673185e-03,-1.954436809242999422e-04
1.655682703716808077e-02,1.739337915120621469e-02,-1.675440114061464703e-01,2.040684204495970822e-01,-6.973464474412149720e-03,9.634266047450865678e-01,-3.803825447349077488e-02,4.697352072805250668e-03
1.546936192270632795e-04,5.609798213166892165e-04,-1.119793635461143995e-03,4.126334130968839671e-03,-2.965628206453433009e-03,3.823786781516976593e-03,1.297562322247676611e-03,-9.999781401792682267e-01
-4.379458897301871829e-03,1.299154810472859245e-01,-1.416087355822419902e-01,-3.604519344673722259e-01,-9.011381835306848664e-01,4.832562827301687541e-02,1.368780571834101456e-01,1.778304326808451911e-03
