-1.435669298340362058e-03,2.650412984820113907e-02,-1.670251869748326859e-02,-3.912733696106472647e-02,-1.728823536360322710e-01,-2.253476527459124037e-02,9.833345264502911798e-01,-1.194288793451912453e-02
1.037121098755746512e-01,9.646944136450161800e-01,1.700271959520187337e-01,1.127594739665655349e-01,1.269868590967849764e-01,2.895026900492493616e-02,4.520674633972245927e-03,5.685568234595436178e-04
1.761713393106654341e-02,1.665754752518225912e-01,-9.027023912076315160e-01,-3.292876498893742010e-01,1.998281294776714789e-01,9.320770894536561935e-02,4.349950777713693789e-03,-1.550408295768145516e-03
5.984889640260576682e-02,-3.520917560730213447e-02,-3.465476848181753278e-01,8.968221924817345592e-01,-1.620814265073629301e-01,2.108675530012368848e-01,7.200550644898727308e-03,2.391467098210506119e-03
9.925262811873293289e-01,-1.034118551054662161e-01,2.206408104265377909e-02,-6.072455371973503602e-02,2.726187895665393990e-04,-4.310090626635967870e-03,2.145723879260489925e-03,1.376451912152243601e-04
1.384074011723223849e-02,4.694648313181962185e-02,-1.624045240324481221e-01,1.547562611906268815e-01,-6.555418427675632764e-02,-9.705445441812318164e-01,-3.154564675018167036e-02,5.526362783993235724e-03
4.306339051013847183e-04,7.304027270422075837e-04,-3.725490320448886206e-04,3.258381412377370397e-03,-2.344365506835889828e-03,-4.503729314505631326e-03,-1.255522393728564223e-02,-9.999025512261696669e-01
7.022316581097991575e-03,1.636356527100004399e-01,-9.477701023875222119e-02,-2.130407528716407872e-01,-9.399369328960148762e-01,5.920888163176859370e-02,-1.783385459801336836e-01,3.640015073416089531e-03
