-2.112654185315209193e-03,2.314007398759583209e-02,-2.256308249367698290e-02,-4.235611998846876974e-02,-1.365988143036772073e-01,-1.290544433517312219e-02,9.890445288638881616e-01,1.104868489003348747e-02
8.126485914779106590e-02,9.819947696963836625e-01,9.964541990071988653e-02,9.416681865412776520e-02,8.597626690802563643e-02,-5.352991371403070103e-02,-5.317178020481708872e-03,-2.302134514587761784e-04
9.273199539664338589e-03,9.327661619655168435e-02,-9.291525074571773679e-01,-2.585111498984732914e-01,2.309061925238423407e-01,-8.791813991524496941e-02,-3.691268822592220621e-03,4.351642120316666210e-04
6.492106010817484674e-02,-5.351497517709419977e-02,-2.916042114360175574e-01,8.982729408719687392e-01,-2.315972247915104032e-01,-2.175980931626447235e-01,-1.592587844534711170e-03,-2.317313322595274810e-03
9.944045963927986564e-01,-7.694038824475109284e-02,1.980947917815649439e-02,-6.910409466121762712e-02,-3.594300949068754934e-03,7.608565561559996714e-03,1.021575241928691750e-03,-1.762957010579300566e-04
1.218415424276406492e-02,4.994554105387442877e-02,-1.426850615099584663e-01,1.867151504500394466e-01,-1.607186022118093499e-02,9.703934100405700036e-01,1.408468184137408145e-02,-3.919429146533560775e-03
3.810736248009732223e-04,3.602256914436121520e-04,-9.871433259130320270e-04,2.570671313769953229e-03,-1.985116180920866273e-03,3.507008145350413390e-03,-1.131867028842984020e-02,9.999238921677554570e-01
-1.008577839672414843e-02,1.231743455048363856e-01,-1.430100788918553523e-01,-2.756297276818042152e-01,-9.309773019820992701e-01,1.248634229479114732e-02,-1.463521491646058714e-01,-3.021774663872271900e-03
