-3.079458588455021885e-03,2.472290482795086800e-02,-7.174255923923246112e-03,-5.555551493587285172e-02,-1.573526516386472562e-01,-4.862845027715729206e-03,9.855923020833020631e-01,-8.106760048271984681e-03
9.622248630726262797e-02,9.606665093340184258e-01,2.015097181615722044e-01,1.004457687429612806e-01,1.239260087143895933e-01,4.236373601253787952e-02,3.337747696605058642e-03,1.445571311225278500e-03
1.643839875666635447e-02,1.931174571609816371e-01,-8.930271424333670049e-01,-3.467726215897509179e-01,1.986092291962320011e-01,7.238164144928412036e-02,1.219873755573646626e-03,-6.946555012466633936e-04
5.856385293878432763e-02,1.270563505005748925e-02,-3.754271233271374020e-01,8.513441708014584108e-01,-2.949683870767256244e-01,2.089672794375678211e-01,-9.304924953506376727e-04,1.371427415840186870e-03
9.934070876669979233e-01,-9.677334560372635730e-02,1.884347914724741196e-02,-5.811360557521082909e-02,-2.760589373162788355e-03,-5.799655668896600350e-03,1.925228764724496366e-03,2.157057019035551169e-04
1.209385589971634888e-02,5.843976435162884231e-02,-1.379793922320457222e-01,1.635761871609169860e-01,-3.752638615859420906e-02,-9.742690750686887613e-01,-3.974615757747887793e-03,4.335094166364458941e-03
4.903377614498132279e-04,1.592384012457186398e-03,-2.081884522802035162e-04,2.106398780086301756e-03,-8.734092522596883026e-04,-3.897115643749697253e-03,-8.304753032827311837e-03,-9.999539111112997203e-01
-5.259337435652527287e-03,1.620803141496718058e-01,-3.880629789683399944e-02,-3.341366292179277497e-01,-9.121479587952319168e-01,-5.117280864742404511e-03,-1.688367454289292913e-01,1.778619834390348861e-03
