-2.433980185800677012e-03,1.691339015634532247e-02,-1.971451382398243385e-02,-7.417228663094183050e-02,-1.566631753649111447e-01,1.774917183154874067e-02,9.843488683557991559e-01,-4.092012345050999832e-03
9.547005126472835057e-02,9.788353542432546295e-01,1.248161878463023289e-01,1.017680597985586577e-01,7.265741961943057714e-02,-3.895100928302876186e-02,5.848713179138959051e-03,-7.146016895170309666e-04
1.230878917667860457e-02,1.265378397312046932e-01,-9.055710387788042937e-01,-3.177425574038745815e-01,2.376916580919985755e-01,-7.934239855081931525e-02,-4.960478205664443745e-03,5.318705999891716694e-04
5.439568848114188088e-02,-3.732420851008316776e-02,-3.615239686452834111e-01,8.655281307182458583e-01,-2.711911215875436598e-01,-2.046723511483030666e-01,1.927695901865878955e-02,-1.578183324422823604e-03
9.937800897659890831e-01,-9.415403053362654540e-02,2.094245759425677339e-02,-5.525859849476610214e-02,5.676285753041979999e-03,3.207235536306173203e-03,1.174572608592503679e-03,-4.077753474754136544e-04
1.296453732180222196e-02,3.623788435851914985e-02,-1.392282018719048220e-01,1.760448019899184258e-01,9.817177885308159963e-03,9.736565524374859448e-01,-6.113050173469021346e-03,-1.282004910541909883e-03
5.565372334419602758e-04,4.016259411463103711e-04,-6.447500087610513073e-06,2.172321294648249437e-03,7.986879706200621532e-04,9.203533843055041429e-04,4.425574012572058673e-03,9.999868695554789966e-01
1.375521237128653511e-03,1.183724548205884741e-01,-1.159771195025140617e-01,-3.162158314435199458e-01,-9.165186113769534515e-01,4.431233155870105411e-02,-1.748386562496777874e-01,2.102886055264427574e-03
