-1.198782165522470746e-03,1.827089946577241039e-02,-1.996603674427818720e-02,-7.562440750650741006e-02,-1.420986149728743209e-01,-1.174635049711261932e-02,9.864951225924341038e-01,-6.665095211327343866e-03
8.440108563486500848e-02,9.777741541446083318e-01,1.458693405520141984e-01,1.021971115632776539e-01,4.678212264367881401e-02,5.405858998141150479e-02,1.693989017728047782e-04,1.057950698535144217e-03
2.179953003064409589e-02,1.481420072271715793e-01,-8.987420245781272410e-01,-3.141502100133901076e-01,2.518272426644883044e-01,8.760572781365290329e-02,-7.677248211522862825e-03,-6.936548419196165256e-04
6.196052286531721076e-02,-3.778530548316526988e-02,-3.641165121158800311e-01,8.490650166294680945e-01,-3.009402928758981299e-01,2.243892318297609489e-01,1.783605665751073974e-02,2.686127676911741896e-03
9.941903905107151163e-01,-8.440383611840522604e-02,3.166251333161456544e-02,-5.760404647121491334e-02,7.827758461643349180e-03,-8.901020381941019549e-03,2.099895705500051478e-05,4.653353489050260621e-04
1.188514415473565684e-02,6.101251156791787783e-02,-1.589118139882106095e-01,1.706857145817766985e-01,-5.441172742177430299e-02,-9.688527621503945086e-01,-1.062550470004023674e-02,-6.533266253839952126e-04
6.981127809289164494e-04,8.770562467836844978e-04,-2.256655162372862107e-04,2.044978902232526350e-03,-2.261931256800553056e-03,1.338414946724335221e-03,-6.929210886140024957e-03,-9.999697939918806844e-01
-2.101705210879494575e-03,9.696798830937819469e-02,-1.083969622498627411e-01,-3.630136652952563048e-01,-9.058754717856900562e-01,1.255814267526532239e-02,-1.621399506400811041e-01,2.555100463008560998e-03
