2.259500397307770674e-03,2.680607027625214397e-02,-6.169314254908282377e-03,-4.763786325014474077e-02,-1.457603214797985325e-01,-7.454610943959263589e-03,9.876633655293622915e-01,-1.372358006782619690e-02
-9.060454030039834239e-02,9.636313813988708343e-01,2.134027956115163160e-01,7.673766403041409889e-02,9.343264370200690672e-02,5.477105553834649143e-02,-6.692180895275569655e-03,1.281828980994397958e-03
-1.048665450847391725e-02,1.948106140876527392e-01,-9.191092545350292298e-01,-2.378721355674932314e-01,2.361109007696960693e-01,6.839432189343970514e-02,1.286299963094656405e-02,-1.510819508506569802e-03
-6.134144392306831867e-02,7.764519761802339201e-04,-2.825203492523550852e-01,8.793960591555330941e-01,-2.881456740008726536e-01,2.450398010971253926e-01,1.366969768257714820e-04,2.999254342029734205e-03
-9.937909085055384173e-01,-8.955401848834443346e-02,8.330775642756917468e-03,-6.509725437978448881e-02,-1.454685468768663692e-03,-6.979682675567898571e-03,1.348021974321273646e-03,-6.595772699627353030e-05
-1.439014255094454853e-02,6.748116975517848282e-02,-1.233480738990962861e-01,2.153481268073322574e-01,-3.955509972151768222e-02,-9.654245197766382347e-01,-5.256603953590881055e-03,3.593227899261506892e-03
-2.699598571168254938e-04,1.308007073987930502e-03,4.439564719919922596e-05,3.390225689160270700e-03,-2.348267269333426457e-03,-2.702333975898042404e-03,-1.413147000116696077e-02,-9.998870962391172013e-01
9.243936409171028129e-03,1.420171671289257309e-01,-1.206543233572807822e-01,-3.336126815469661611e-01,-9.108653832934395789e-01,-1.103407888253242486e-02,-1.551826928743891276e-01,3.409002748396881312e-03
