-1.157803808867337260e-03,1.964991052812437716e-02,-1.314735986208099422e-02,-5.660501246036208495e-02,1.464592400746808909e-01,1.421793474331688265e-03,9.873111061696588919e-01,-9.557040432387686410e-05
9.353507808723869610e-02,9.770484741355823788e-01,1.430961169413139944e-01,9.310600060686513579e-02,-8.142332969384073749e-02,-2.912696960727090625e-02,2.775274215178729210e-05,-2.025481845648917194e-03
1.622825669296091081e-02,1.414748713585426421e-01,-9.198937823695105820e-01,-2.906880268979338267e-01,-1.958685939248857311e-01,-1.031806083498691962e-01,-2.508052726233973764e-03,6.085070707349513096e-04
5.199311219326539085e-02,-2.610099635607684293e-02,-3.124713440681316512e-01,8.736553830995268388e-01,2.814611428263137372e-01,-2.375820729915059104e-01,5.097744962604777545e-03,-3.432442193796480991e-03
9.940626084781214455e-01,-9.318601424663766619e-02,1.971412164871207823e-02,-5.212697469394877298e-02,-3.417110790775781341e-03,6.138850589745213117e-03,7.923412109553104122e-04,-1.978738497331948261e-04
1.102309538214176973e-02,3.989877698596099725e-02,-1.717440650993974083e-01,1.840086491789652001e-01,5.471968567413100504e-02,9.653654884659295110e-01,-2.026026957343685011e-03,-1.580185785535417756e-03
5.710742069300394838e-04,1.971856906349604005e-03,-5.689872829879536733e-04,3.307248480104853054e-03,1.971321469090523207e-03,7.053701983903203163e-04,-5.318601053749774275e-05,9.999900687163600921e-01
-9.509441832347270956e-04,1.183821147516032762e-01,-7.498494717855956615e-02,-3.221281506773993608e-01,9.226728806117270310e-01,-9.455656702759739074e-03,-1.586813351124518046e-01,-1.030862160498314086e-03
