-1.243702261706045682e-03,2.667452582230092975e-02,-3.026874170855497342e-02,-5.012020906423107075e-02,-1.665870431944705132e-01,3.620076231637612413e-02,-9.832178786852042718e-01,-8.919398902465791590e-03
1.105880270570879093e-01,9.707521200606199496e-01,1.705650141576297296e-01,8.485231619475006037e-02,8.294542851467190392e-02,-4.729385622623815538e-02,8.165097100915158458e-04,9.748922441722609588e-04
1.088605619816969752e-02,1.512731545521685261e-01,-9.102997536075586593e-01,-2.453981163120432241e-01,2.763813242996843722e-01,-1.081937816711767142e-01,-6.176850017178017044e-03,-1.168458263598966696e-03
6.413553297028171118e-02,-2.546830003505171081e-02,-2.917077168898005723e-01,9.027194464764788373e-01,-2.289475337177936665e-01,-2.068235122504904211e-01,-6.653067712040001101e-03,2.237462628356818792e-03
9.915851470393207689e-01,-1.076030221628681144e-01,1.000047960296495363e-02,-7.059216931612585788e-02,-7.307963852369955653e-03,6.592179421325897008e-03,5.976342611674054011e-04,3.872311306644340317e-05
1.413716353932122083e-02,5.095514626080363541e-02,-1.441865724714928576e-01,1.867968055171278507e-01,4.244070645697350236e-02,9.690621669846637420e-01,2.472296727148664067e-02,5.193966483915604150e-03
3.374767719631774831e-04,1.076003469996059071e-03,-3.634760016020205462e-04,3.129656552211860197e-03,-1.293805627306329363e-03,4.459116949737411927e-03,9.334903434449117604e-03,-9.999400498939520210e-01
-9.787316019867601385e-03,1.386383582657308433e-01,-1.880490263776345983e-01,-2.743707689845064635e-01,-9.136240525937886492e-01,5.316119190273785322e-02,1.802797738516354331e-01,2.457682926888373007e-03
