-7.747379725311453027e-04,2.295475248927450126e-02,-1.740450971269667454e-02,-6.100928779974421762e-02,-1.227588994223584029e-01,-1.129975006720171891e-02,9.899864317155018245e-01,1.329895647397363878e-02
7.971413521344253295e-02,9.755799469749748543e-01,1.288059467980156025e-01,1.179223345834068404e-01,9.626518596171251829e-02,-4.606588241384799304e-02,-1.601112797919163489e-03,-1.076879911000655542e-03
1.590945209313558706e-02,1.220951519971335830e-01,-9.180298269654780796e-01,-2.621650740252045586e-01,2.538960593659059239e-01,-9.404760161086947456e-02,-4.707593385049569853e-03,2.284517782653090626e-04
5.337171577223312480e-02,-3.877492243635397018e-02,-3.264655406882728816e-01,8.551689919211016289e-01,-3.509452448162919680e-01,-1.859704080491252354e-01,2.278522340537203743e-03,-1.209194840630885889e-03
9.952146470236339360e-01,-7.888589125863063045e-02,2.349137334138080499e-02,-5.135296122158200527e-02,9.804450638076233487e-03,6.196915549641826733e-03,1.144261486659302633e-03,-1.136365779471863865e-04
9.036681287758339259e-03,4.643171667364738575e-02,-1.412818556733844988e-01,1.551451283023309868e-01,-1.157182906621069714e-02,9.763941152792399158e-01,1.574602355572653212e-02,-2.132524770155135637e-03
2.936202242310970395e-04,9.664602111344993557e-04,-2.698648285616951420e-04,1.821343614989230555e-03,2.397897574886416334e-05,2.021854785278415223e-03,-1.332085455047916749e-02,9.999070236699587610e-01
3.076401463074666161e-03,1.514143436040411850e-01,-1.150439849143378018e-01,-3.944834651437712503e-01,-8.875851833533625612e-01,3.053437531874132055e-02,-1.395358613380754398e-01,-1.359111584917940775e-03
