-2.590789874077460177e-03,-2.106292428433971520e-02,1.702489163588914028e-02,3.426672103113832107e-02,-1.557794867018613971e-01,6.623562367358242289e-03,9.866973087792888508e-01,-1.424383077546441216e-02
1.016930576073250547e-01,-9.693008470274343535e-01,-1.615381218057587442e-01,-1.170697935349880453e-01,8.632405453415950558e-02,5.350170983230884136e-02,-3.069312752858925847e-04,-3.450775409322914757e-04
1.579734533020899293e-02,-1.596525929335646243e-01,8.866912455020857786e-01,3.391498582513883808e-01,2.574667756774485228e-01,8.145584290542504102e-02,9.652428248588720144e-03,-3.714240998557018052e-04
6.289215577362336496e-02,4.777179307327721752e-02,3.741920149242453641e-01,-8.828303989532438889e-01,-1.678793314035753048e-01,2.148503231430068661e-01,-2.535289641177610170e-03,1.642016738527693909e-03
9.925891573162132220e-01,9.915690567371394926e-02,-2.287429205253650039e-02,6.585236920086021128e-02,-5.433645942255599902e-03,-6.400354911668255237e-03,2.023932189740616436e-03,5.654347909511596784e-04
1.439783721605829465e-02,-5.059458415012515337e-02,1.410720230726993651e-01,-1.840802099903076361e-01,3.095802794133426655e-02,-9.707104384099517480e-01,1.434580111706091829e-02,1.759031701875885412e-03
6.789947914905080468e-04,3.391229507378091417e-04,7.999832258619928331e-04,-1.659233933553266134e-03,-7.848518632211327417e-04,-1.627845611505387285e-03,-1.449444075068832133e-02,-9.998913322180725816e-01
-2.415883446834502304e-03,-1.408868611196882614e-01,1.641626342419506834e-01,2.290927853662794444e-01,-9.342482318135505448e-01,-4.444783578675662317e-02,-1.609619285805426736e-01,2.840753005086058859e-03
