-2.165993427785093111e-03,2.004461033112536067e-02,-2.496239105593719282e-02,-4.916033694226298878e-02,-1.482139506200166879e-01,-1.877783256634694628e-02,9.869415067395782559e-01,-1.342171725097146724e-02
1.003762995942490133e-01,9.758780511558998727e-01,1.186692227940693289e-01,1.033145176041728869e-01,1.011249869033652299e-01,5.080569228232233864e-02,4.712217290144294322e-03,8.169634725010332856e-04
1.612340673714845324e-02,1.134804239604235848e-01,-9.354524282281379000e-01,-2.496753109843210805e-01,2.164617671022511791e-01,5.072389513919010190e-02,-4.903975681290984219e-03,-7.507378444135251244e-04
6.197787278668765582e-02,-6.074654610104489316e-02,-2.825434515707561101e-01,9.182780269141099794e-01,-1.792966587491763852e-01,1.922874873926211925e-01,1.671586969135411063e-02,1.440047540551976299e-03
9.927756136938014064e-01,-9.679294308023998761e-02,2.163631442940480015e-02,-6.711935530436435871e-02,-6.166114785251912422e-03,-4.028420347721990528e-03,3.519959990999918325e-04,4.427448175290123297e-04
1.414747472948056986e-02,4.577939008735942839e-02,-9.864749396269965886e-02,1.722843744603305138e-01,-2.372587264059393755e-02,-9.784809958054950796e-01,-1.693765312042030263e-02,4.000296914134423079e-03
6.789187068826874017e-04,6.955472117608114957e-04,1.377625221959378988e-04,2.601137464421118210e-03,1.966254990733336532e-04,-3.372270149237500091e-03,-1.351215287942057752e-02,-9.998991355361105393e-01
-3.828168664779222838e-03,1.386621188737684751e-01,-1.421019702363925941e-01,-2.171253017033756838e-01,-9.424449038241250465e-01,8.131651799873244185e-03,-1.585913040994134660e-01,1.439822299326706323e-03
