-3.383226263539887424e-03,2.258938640951237142e-02,-2.488911141237224248e-02,-7.246724820151478896e-02,-1.346346971286739025e-01,-3.343437123301347402e-02,9.870678083870952912e-01,-7.751533275033866896e-03
1.009381119860275761e-01,9.751488751353345474e-01,1.220069202303737527e-01,1.341700558528905185e-01,6.153935412873549199e-02,4.712602988970435169e-02,9.474729018219928264e-04,1.545790170294962062e-04
1.928096708422512989e-02,1.316434295469880722e-01,-8.986779919199980871e-01,-3.054363216773564038e-01,2.764040421162177741e-01,7.013743492443579031e-02,-7.967457006676677278e-03,-1.684445645684805445e-03
6.176295194282203915e-02,-6.404379921336883497e-02,-3.710095265585721669e-01,8.208344133611082949e-01,-3.378844489812209417e-01,2.574077466150888616e-01,1.524156709459381642e-02,3.093920851620936101e-03
9.926125679985011718e-01,-9.718935137568594784e-02,2.958956755834170338e-02,-6.592663903322874830e-02,2.158237760589111140e-03,-6.736654651133569711e-03,1.600447272741649862e-03,2.316257633893771084e-04
1.623582169315082591e-02,3.723458756077917958e-02,-1.554939752952144705e-01,2.160140947492071584e-01,-4.243487136320443082e-02,-9.617399166643322284e-01,-2.718253303816623237e-02,5.122732103001316310e-03
4.952624614117156956e-04,3.006937055270202890e-06,-4.721198020377617905e-04,3.857792582294390735e-03,-2.611506356112854900e-03,-4.031562479988476735e-03,-8.072498365360558648e-03,-9.999482039355841456e-01
-8.371144773259514213e-03,1.277129814962774390e-01,-1.190399085681769914e-01,-3.983253944512186173e-01,-8.864023435199560597e-01,-2.186250247375616518e-02,-1.568242374081322277e-01,2.184844422481741454e-03
