-2.594523622172485028e-03,2.653359012847029269e-02,-2.650846682052603390e-02,-5.732790987957116224e-02,-1.249197221003963409e-01,-8.494195296209164359e-03,9.896890258397278428e-01,-1.177254376814251303e-02
9.744516709354492101e-02,9.726438311993309549e-01,1.066666956200995470e-01,1.437917391001724554e-01,9.415864211144950313e-02,5.952431197273909402e-02,-2.230034163103432766e-03,7.760151843308883517e-04
1.388998501574929129e-02,1.084283422047907508e-01,-9.346415133196146474e-01,-2.312463521586895498e-01,2.394316937634141662e-01,5.984489458440762910e-02,-1.055795922202978909e-02,5.578769871509598344e-04
6.664514634706053542e-02,-7.976628917813700925e-02,-2.942925072755614435e-01,8.481466752293304046e-01,-3.565622998668480093e-01,2.368378878665044207e-01,6.150747407672780978e-04,2.379896150045347509e-03
9.928082207999915365e-01,-9.212481199335866011e-02,2.395089629932252440e-02,-7.107849640099039856e-02,1.135308612489631733e-02,-9.016071730061853487e-03,2.956804605124431842e-03,3.644660522963905558e-04
1.394858688414051320e-02,3.753814405510479818e-02,-1.159800777147721729e-01,2.282016145290556575e-01,-8.758673228708454758e-03,-9.658113077740747565e-01,-2.424372187844623587e-04,8.449897280641687240e-04
6.467729716172092086e-04,6.954753141000401175e-04,-1.199668232684258018e-03,1.918815646471712464e-03,-1.325158622881025296e-03,-2.259928751168364459e-04,-1.200142938562773903e-02,-9.999240648749300187e-01
2.365640299395275624e-04,1.588836146757311718e-01,-1.171760039823181720e-01,-3.822014875014763668e-01,-8.893017713434915317e-01,-6.195389856228721709e-02,-1.422883497816839482e-01,2.418165026596562957e-03
