-1.235532244363253063e-03,2.206639411094705322e-02,-2.074111103209163101e-02,-4.003803863559678849e-02,-1.409333630882736166e-01,-2.851999362958022866e-02,9.883067110729679694e-01,-7.249239029845915006e-03
8.330077567195257049e-02,9.760942346028579353e-01,1.254959159954590897e-01,9.293926819987309573e-02,1.143379940909911713e-01,5.321610020582982076e-02,2.561019859261760151e-03,1.550614670257260356e-03
1.329860192103923637e-02,1.145855493682331472e-01,-9.069085206883819028e-01,-3.216836405491282913e-01,2.360932612282639065e-01,7.062979093724160162e-02,1.100535882356973435e-03,2.510464794885609386e-04
5.678376354436330542e-02,-2.142063841427443993e-02,-3.596360312182942942e-01,8.606538423473036881e-01,-2.705052909496352131e-01,2.303397726461478556e-01,-4.038410278221115507e-03,2.795907373435343665e-03
9.947180021983491605e-01,-8.174575081143206634e-02,2.324752458280856388e-02,-5.710808538815019542e-02,-2.909140850839390859e-03,-6.552563230181683573e-03,6.418320329359254207e-04,3.692927530066522179e-04
1.229367506272748684e-02,5.824239754717580597e-02,-1.452776033254430388e-01,1.847379314362830871e-01,-4.539733896125937307e-02,-9.685964382184681920e-01,-3.125672367949269143e-02,2.458058710561461177e-03
6.940383575385555229e-04,1.523191698530341337e-03,-1.295521090371638123e-03,3.003190375109510493e-03,-1.385469942964755825e-04,-1.426988380643000104e-03,-7.334356546436747622e-03,-9.999653255955549547e-01
-6.533420539264788926e-03,1.519459206138426555e-01,-1.017434702173628663e-01,-3.288698694986845195e-01,-9.143752343355597834e-01,9.254507091523941562e-03,-1.489784500494125141e-01,5.772192565965576045e-04
