-3.438713147700637345e-05,2.112064759675627568e-02,-1.354562990038257406e-02,-3.956825645021640886e-02,1.503654110407056654e-01,6.624023117450573289e-03,-9.874866742570395095e-01,-4.606484536350356589e-03
-1.111507395471533488e-01,9.771947618810333802e-01,1.297554770323517681e-01,8.119547511558622421e-02,-8.243885473284533194e-02,-5.001568424101832805e-02,2.981001620140275119e-03,3.188115940414357869e-04
-1.650596266827992348e-02,1.248035881770084843e-01,-9.466738292722360892e-01,-2.253583586545280237e-01,-1.896617590693613353e-01,-3.438831752603444675e-02,-4.422875867910187019e-03,-4.332015906499196278e-04
-5.657183517651757226e-02,-3.951768491463770322e-02,-2.580371033820529902e-01,9.040012579501974788e-01,2.355893808443071114e-01,-2.364847554670425622e-01,7.466715094012461949e-04,2.933512085777594328e-03
-9.919784062333797392e-01,-1.099557174028159973e-01,1.710695301729712667e-02,-5.943112216865005515e-02,-2.174463260936148733e-03,7.662206095531074769e-03,-4.524591430153491827e-04,4.829506756729876689e-04
-1.222195278181123154e-02,3.935119477489554263e-02,-8.358532349114065896e-02,2.322586660752360421e-01,-7.307683862090503732e-03,9.681458868190995215e-01,-1.949415822504152159e-03,2.802220477067314704e-03
-7.082583129349328708e-04,1.780973194594505371e-04,-5.430810389473241526e-04,3.412187104532905888e-03,6.432169919083318950e-04,2.026931077331667157e-03,4.650865359958109881e-03,-9.999806877972036157e-01
-1.287005767426529579e-03,1.177621523073533322e-01,-1.136929956430033917e-01,-2.575833737668881684e-01,9.375828469586076075e-01,5.456813796054044846e-02,1.575291304962518069e-01,6.510409224721715399e-04
