-1.382936720291593705e-03,2.356914841291746221e-02,-2.634045774135252913e-02,-4.973092647050279813e-02,1.632518656840691029e-01,9.010268798839404444e-03,-9.846389349647333145e-01,5.423018148272291082e-03
9.707081669926766188e-02,9.645528138237960958e-01,1.970453580600278476e-01,1.039820997785082246e-01,-9.321758628860891960e-02,4.333677140944599410e-02,-2.636399378135505320e-03,-1.196215378260585870e-03
7.689544729941165217e-03,1.887974170964698828e-01,-8.886366673846644026e-01,-3.289295401423725784e-01,-2.307789627699237123e-01,1.144899322785240120e-01,7.683370647879115070e-03,8.536778897949276858e-04
5.428035943552511622e-02,-1.921551805343320318e-02,-3.542075741194625760e-01,8.847094291839795455e-01,1.987878148118265575e-01,2.213288755802178820e-01,-7.748851531597731723e-04,-2.638155527733872761e-03
9.936980773343133677e-01,-9.557107143738942379e-02,9.193705300891533844e-03,-5.748439475233166340e-02,-1.602964138736534322e-03,-6.073473931872817866e-03,-1.348459813347156972e-03,-2.159298438683527309e-04
1.142457867252937714e-02,6.204170199076658454e-02,-1.777354598385223750e-01,1.678962062435928326e-01,1.598571735149587059e-02,-9.674179946728976853e-01,-8.480650819106377511e-03,-4.029323361718267771e-03
5.214451637150418952e-04,1.089136279468705436e-03,-5.491115425729147870e-04,3.591433587585629670e-03,8.925468131663143157e-05,-3.410150567135406593e-03,5.349698348214647174e-03,9.999725424193905976e-01
1.787655432877181339e-03,1.417197059405994608e-01,-1.169036164718497001e-01,-2.535796744742664921e-01,9.336089461668108935e-01,4.805328403475042425e-04,1.741184179336603965e-01,-3.219429348866298911e-04
