-1.913735902721042190e-03,2.225711310743207910e-02,-3.266586621824980885e-02,5.924602802467109075e-02,-1.581976224978538792e-01,9.847972669096168863e-01,-8.385862074591628884e-03,-1.157807915405744108e-03
9.275699917714773368e-02,9.719838201315964543e-01,1.493776818605477563e-01,-1.159317754044159182e-01,8.979215728492288828e-02,4.628174733798874618e-03,-5.086795030826627540e-05,5.296857578597278376e-02
1.121275997833086346e-02,1.435760145961851864e-01,-9.326453658107904943e-01,2.242577375000145423e-01,2.304260546093294948e-01,-1.055466003082536179e-02,-1.198682103578801528e-03,7.702133807848396407e-02
6.158445619806042493e-02,-5.935295534846352083e-02,-2.742470324464670317e-01,-9.141500466563761140e-01,-2.385438948128978387e-01,9.255495836009420413e-03,3.506114852972616863e-03,1.574855296260662396e-01
9.936329678748704319e-01,-8.885465056862286437e-02,1.442552026108673280e-02,6.767202163392588288e-02,6.270222949089554118e-04,4.441457986320525362e-04,9.198620144378425736e-05,-3.190484879882680980e-03
1.268974288465962892e-02,4.606491977665989196e-02,-1.006159499447164957e-01,-1.510891826237324431e-01,3.898079168025698343e-02,9.854958993188885769e-03,1.311972996697050422e-03,-9.814006009231830419e-01
3.152744494428327674e-04,-1.924980607590935698e-04,-8.530510617965202276e-05,-3.473729627768349076e-03,-2.133663782602921756e-03,-8.647700399706671759e-03,-9.999537558035974660e-01,-9.697850118804834940e-04
-2.549836606904896767e-03,1.435202641628878784e-01,-1.457695574429110075e-01,2.639476852880950908e-01,-9.248713837786864955e-01,-1.725797144220451718e-01,2.588738929276821876e-03,-5.745216906184854450e-02
