-2.055730419133731599e-03,2.085084399760610621e-02,-1.980276420983880306e-02,-5.902048254621057588e-02,-1.524354373238967497e-01,-1.608286383568816730e-02,9.859409865977496468e-01,1.051662170391401072e-02
9.028598541714785708e-02,9.697845888169682738e-01,1.600038354094730775e-01,1.250042368016451022e-01,7.477402147268603916e-02,-6.742259231454340862e-02,8.490068777276711665e-04,-1.150874435630354787e-03
1.248564239738436318e-02,1.598291088711111252e-01,-9.335413763486307692e-01,-2.147764916349201858e-01,2.351192418338892698e-01,-3.724371977758911961e-02,7.693087306865074079e-04,1.256024741638231629e-03
5.913053332941390489e-02,-6.899702619653781677e-02,-2.745836602611998467e-01,8.769643847525075975e-01,-2.859123222820688648e-01,-2.559721628820528783e-01,2.220927872374200420e-04,-3.552220288898207904e-03
9.940285577872828293e-01,-8.628088393018537583e-02,1.423429839750082332e-02,-6.380246046058754561e-02,6.040183404346987500e-03,1.227743605346817528e-02,1.497184780839690577e-03,7.311630228455735293e-05
9.678668227058082052e-03,6.579116517553407206e-02,-1.066995765193241158e-01,2.114518760958804811e-01,-1.234460225225601920e-01,9.613477325650949812e-01,5.786350902700635596e-03,-4.391490733938905808e-03
2.791763481829084609e-04,1.340254546711534909e-03,-4.475884657679613746e-04,3.525678437314859644e-03,-4.286474424515083863e-03,3.164383458111930114e-03,-1.110250424299460970e-02,9.999169176728189834e-01
-2.318473000503095544e-03,1.303936167993412498e-01,-1.245926166787859335e-01,-3.419063755833833818e-01,-9.049041889019056040e-01,-6.274138216739845453e-02,-1.666133846764575877e-01,-4.554942773173101256e-03
