-1.768303062596256236e-03,2.655475300102817793e-02,-3.060152505201572254e-02,-6.983510418712951529e-02,1.435233314160367368e-01,3.573560025051492756e-02,-9.856831670247808708e-01,-5.571134801084291939e-03
1.051738779787817629e-01,9.744481876763372297e-01,1.248375342164229490e-01,1.369907936433790996e-01,-5.492062967811396634e-02,-4.487262187406826364e-02,2.855056668046257549e-03,5.642040903612773875e-04
1.381585198925628678e-02,1.322957525772806009e-01,-9.096163674247365050e-01,-2.603138171293238323e-01,-2.871539090541612715e-01,-6.817769113395313885e-02,5.943894114898303459e-03,-9.175389458653026090e-04
5.974542495501222045e-02,-6.699212475654214849e-02,-3.509601142399802476e-01,8.388464266921700219e-01,3.654008169704060505e-01,-1.776646926330202048e-01,-3.701652362523640168e-03,3.163506716716530266e-03
9.924383597614995223e-01,-1.004296674780830317e-01,2.085217392380642187e-02,-6.713733541553235096e-02,-4.653519191847592558e-03,3.882531037442394500e-03,-9.160084880059590502e-04,4.250181456630999517e-04
1.274774172997745862e-02,4.100481621037642410e-02,-1.200461175866764235e-01,1.433821468316940906e-01,3.784579782216490607e-02,9.800410201386405840e-01,3.569138974265368552e-02,9.424273831262336952e-05
6.370825463218366975e-04,4.797688606315648118e-04,-5.154994139995765830e-04,1.834433505190267337e-03,3.691288439398403547e-03,-6.271284229735347949e-04,6.064461300582493081e-03,-9.999724678562259550e-01
-8.838903012175101589e-03,1.264425579368212427e-01,-1.343802433258404760e-01,-4.240999206960790469e-01,8.711728117791948112e-01,7.782110490532306683e-04,1.644992970312635361e-01,3.559281629776640202e-03
