-2.753790461816555801e-03,2.813709234327248579e-02,-2.843988152258158930e-02,-4.573610162282966407e-02,1.549121940833371458e-01,5.525884040864187385e-02,-9.845041227829092190e-01,-6.385329446003729960e-04
1.009444764670176936e-01,9.737322618504963279e-01,1.642946796506241647e-01,8.012327313383391103e-02,-7.841965297449655925e-02,-4.556039364379064344e-02,4.181619483378019170e-03,5.803964283504115147e-04
1.339736466812652300e-02,1.468698111690287800e-01,-9.123966002979921885e-01,-2.489366491202130161e-01,-2.775006466793392135e-01,-8.226433173427445678e-02,-6.200366478587491376e-03,-5.328686370380973300e-04
5.675330935605564509e-02,-1.725574305425006671e-02,-3.025646058483001388e-01,8.852915492866499925e-01,2.622038957148616900e-01,-2.289194800684172526e-01,-4.632460341072129444e-03,4.285123876033880910e-03
9.931153026377923521e-01,-1.005444414919829249e-01,1.445928338300522635e-02,-5.755754042639838614e-02,-3.511768002988426528e-03,8.142054682067247431e-03,-3.490965956599086355e-03,2.391726611011333703e-04
1.112091605184692064e-02,5.276854268973683176e-02,-1.389784099965332975e-01,1.970940879976220694e-01,2.065895445867354033e-02,9.672646640035523768e-01,5.387713892239388153e-02,5.093447718793559040e-04
5.407439933559801508e-04,7.022450896426052922e-04,-1.167950386697622772e-03,3.320882709777135330e-03,3.301345966443356133e-03,-4.907991340106185622e-04,1.038517513146840427e-03,-9.999873018144204151e-01
4.798903254991598128e-04,1.276365433725903942e-01,-1.692929443325649208e-01,-3.218818251339873870e-01,9.075489267896921231e-01,5.630123363944985158e-03,1.666080147780171772e-01,2.385110962667805461e-03
