-3.072266275345304429e-03,1.925327219856457633e-02,-2.031723783521933308e-02,-4.482650869299675128e-02,-1.357550602761620206e-01,-2.946799164619266775e-02,9.888468270474228827e-01,-9.045461332848475644e-03
1.023234456792074532e-01,9.747536783104983060e-01,9.943414695203819931e-02,1.305047015471526572e-01,9.991581412452101019e-02,4.962540489662552179e-02,4.500162959741987531e-03,6.709608879718966011e-04
2.168174242842601032e-02,1.006636060546851202e-01,-9.262332676405721221e-01,-2.681425785519657712e-01,2.351339515838694605e-01,6.556555869564428818e-02,1.153046951751201740e-03,-2.911235385755950485e-04
6.244299890406834752e-02,-7.639113890753056191e-02,-3.119181387142859752e-01,8.757498613600992465e-01,-2.679942279886655676e-01,2.327741440432313236e-01,5.134001222840980927e-03,1.858632347506782067e-03
9.924250704662447298e-01,-9.768904625384930429e-02,3.091451846424249708e-02,-6.734658926835079829e-02,-2.829778903292284962e-03,-6.787684328206552639e-03,1.979159972618826056e-03,2.486619160897891065e-04
1.495444142838845726e-02,3.525038160149635003e-02,-1.293980071282047339e-01,2.075147322897982760e-01,-1.939965110552369781e-02,-9.683494705837297767e-01,-2.538973904496862402e-02,2.425782529086220173e-03
4.846376363706838522e-04,5.265024675680325585e-04,-5.005242857004028097e-04,2.366044939302834604e-03,-2.741315233555880284e-04,-1.659087739003990876e-03,-9.145907762901733101e-03,-9.999535808622680433e-01
-4.456107650988513046e-03,1.507640344259621179e-01,-1.296119851648138421e-01,-3.074366918825950923e-01,-9.187459295228543876e-01,-2.089951254455179111e-02,-1.462935751630078940e-01,1.039250088064044798e-03
