-5.515063383001251977e-03,2.129071338280898174e-02,-1.326471744146478712e-02,-4.671806660119397214e-02,-1.477696485844816610e-01,-5.635492809894450741e-03,9.875385851549448590e-01,-7.594348685252967114e-03
9.342046327475742040e-02,9.809867661620935708e-01,1.058665982996365856e-01,9.365589808234159319e-02,8.018702928603604896e-02,5.021628639769552122e-02,-2.483775384095820386e-03,7.832941764975177986e-04
1.999639024061078060e-02,1.024807118524739269e-01,-9.310230874660396783e-01,-2.657929050858540143e-01,2.126361727728990347e-01,8.004588710151351594e-02,5.091216860037277477e-03,-7.640577794644913849e-04
6.966028540445501349e-02,-4.963096035280491203e-02,-2.976947520948736714e-01,8.895857951421013432e-01,-2.559360947448389711e-01,2.172252733047830842e-01,2.500211195746800293e-03,1.674830378265236390e-03
9.927267612172832045e-01,-8.949161065282601468e-02,2.964199615208473054e-02,-7.376894003729704552e-02,-9.822314443662783986e-03,-7.685120421905563583e-03,2.873718817955227788e-03,7.263187491158483401e-04
1.450327535319147557e-02,4.669501062924213269e-02,-1.360491874872400697e-01,1.875611265439799946e-01,-1.938328373867168747e-02,-9.713582157487260504e-01,-2.310685875509907450e-03,1.684968759720305341e-03
9.392485959009323889e-04,6.221766876316755590e-04,2.701622522026287689e-05,1.979051016581149982e-03,-7.227468352005860137e-04,-1.279521237170053389e-03,-7.719552603091250735e-03,-9.999665305926320746e-01
-1.649668182616398707e-02,1.185604576257391490e-01,-1.174824486225115733e-01,-2.939596746957899298e-01,-9.276551260108694130e-01,-1.596624075867447701e-02,-1.570223331995162508e-01,1.376413121571123119e-03
