-1.337176122787854787e-03,2.555253673558370575e-02,-1.319831841602548544e-02,-4.199623103684276687e-02,-1.447028946347168332e-01,-3.951889895818710974e-02,9.871997916814269081e-01,-1.852838389325418486e-02
8.892807218833619076e-02,9.756971331571610007e-01,1.302643418410016907e-01,1.160698971715081740e-01,8.574991613011928582e-02,4.791269451614029590e-02,-3.943785201866787174e-03,1.286346473892434035e-03
9.040001518397013450e-03,1.362856957803195157e-01,-9.327353721005902099e-01,-2.656118359086306335e-01,1.996992652545879210e-01,3.013890733729405677e-02,3.171540672032905055e-03,-1.164820543893655812e-03
4.934431050926786633e-02,-5.751017108650611359e-02,-3.080353847111372279e-01,8.891822339847518242e-01,-2.513439881704743750e-01,2.132906394861688038e-01,7.022044227978302758e-03,3.296875296011989118e-03
9.947141070789571327e-01,-8.544974413507121225e-02,1.259330246239482969e-02,-5.525650899458173920e-02,-5.948235907508963010e-04,-5.360376489923001503e-03,1.079668772109764786e-03,2.453901200270680442e-04
1.013417712688938731e-02,3.569642285720257824e-02,-8.681331457880349378e-02,2.014473114675199850e-01,-1.476795225741286272e-02,-9.742085191207652262e-01,-3.461519317408341678e-02,2.636327688281743173e-03
5.495033613451611636e-04,9.447551762995316446e-04,-8.446838770626797425e-05,3.733855140198948271e-03,-1.449693306414758963e-03,-1.192450438900657852e-03,-1.889132961335919861e-02,-9.998122077626897530e-01
-3.777434039770118275e-03,1.300160590952378903e-01,-1.013941963032337634e-01,-2.827033076963553215e-01,-9.318979983859208005e-01,-2.507958133210473270e-02,-1.542899558278428562e-01,3.369996756914740623e-03
