-2.069417686268432751e-03,2.203615019264302741e-02,-2.013871030925702341e-02,6.833306892505479346e-02,-1.497880268665758574e-01,9.858745719582006073e-01,-6.605476220928370099e-03,-2.528377155312937045e-03
9.788203962888465670e-02,9.627660326493681087e-01,2.050905639057012397e-01,-1.194415843876701910e-01,7.104286695301763321e-02,2.074543504571850754e-03,1.287479470264494023e-03,4.603467097142943665e-02
1.959977482562362192e-02,2.073191214684283468e-01,-9.203463471364105031e-01,2.551714948818613604e-01,1.869351901379094627e-01,-1.243034166490579288e-02,-1.758042665717644447e-04,9.687843206732164869e-02
6.845439142516929198e-02,-4.929505803443694212e-02,-2.855143642700997964e-01,-8.947625546145028252e-01,-2.492761065430408873e-01,2.013431027833655421e-02,2.024597059499178963e-03,2.195847113673065620e-01
9.925079493419655119e-01,-9.659212430334014610e-02,2.008766079959129619e-02,7.148946013304430247e-02,7.272630723878459325e-03,7.898767462992116765e-04,2.065686656399611648e-04,-5.487919052532585877e-03
1.650249959552881063e-02,6.108344234272694573e-02,-1.504987884762609140e-01,-1.709012239521752186e-01,-7.555153363973655944e-02,-6.504276770703921497e-03,2.739416110573025722e-03,-9.687009459297721836e-01
5.248461448596650984e-04,1.262504933785041058e-03,-5.292254655220643943e-04,-2.538099530996523051e-03,-8.969985023288053758e-04,-6.703584566405827901e-03,-9.999706394431053802e-01,-2.094322895048963355e-03
-1.774445098475285526e-04,1.188357448903602509e-01,-7.695948624576816333e-02,2.846530615715154866e-01,-9.325617327866743134e-01,-1.655271978363931917e-01,1.324145241843626168e-03,4.307568017194280535e-02
