-5.334993066631427106e-05,1.982489724987367488e-02,-2.443001555300993236e-02,-5.147480422437070852e-02,-1.336291361765912233e-01,2.885743333906787625e-02,9.886333531644690975e-01,-1.658568628414360327e-02
8.412103576241343472e-02,9.807553894875735701e-01,9.135591920423731527e-02,1.137511795008975396e-01,8.617571636307851113e-02,4.825353658320388067e-02,-1.224966486759571311e-03,1.060233686650740225e-03
2.516579432883475284e-02,9.259189040648121982e-02,-9.189972851799090847e-01,-2.903463763047359203e-01,2.371665639438493844e-01,7.476381209348893775e-02,-9.831968474393132373e-03,-1.456698203397168009e-03
5.941575433518896804e-02,-5.837227649107017136e-02,-3.371241317166168150e-01,8.660095644078569244e-01,-2.948751651880794911e-01,2.059483958809002480e-01,-7.885023942755470597e-03,2.986842692552098104e-03
9.942737087646734695e-01,-8.271804709090892216e-02,3.776569381175713669e-02,-5.543857012028544778e-02,6.976516681021774011e-03,-5.331517044436261989e-03,8.581732211322893981e-04,2.717478190706709598e-05
1.313582610187913162e-02,4.019788749789115351e-02,-1.345997004804347086e-01,1.761852933388607101e-01,-1.470275527878618128e-02,-9.735383898294995841e-01,3.160282875330545915e-02,7.831774076908765495e-03
3.739908765901281103e-04,1.358654641051876668e-03,-7.844944572246999965e-04,3.694486945003891409e-03,-3.500308088352341654e-03,-7.699892835601417768e-03,-1.687586970819815457e-02,-9.998136896633538218e-01
2.683596729992299579e-03,1.314734467185427191e-01,-1.153457306650011033e-01,-3.406010686028023149e-01,-9.117239509971630795e-01,-3.114105791617167301e-02,-1.454629885446076520e-01,4.898597164308898279e-03
