-2.685549510546007563e-03,1.902575826618612548e-02,-1.831894472365383497e-02,-6.216725328488583585e-02,1.227106003397760992e-01,5.595965363939792853e-03,-9.900981361032943351e-01,-6.850682457116547171e-03
9.663136229976575231e-02,9.691800227180930039e-01,1.516482281682784150e-01,1.356267783924234305e-01,-9.196951131150873926e-02,-3.847547035440408020e-02,-4.582529623733902317e-03,9.501857393847082823e-04
2.245475446472617112e-02,1.487993790201624089e-01,-9.188065509665886976e-01,-2.478106862799688004e-01,-2.558380984919415013e-01,-7.921593984617647521e-02,3.206376744576792948e-03,-5.795290862436240729e-04
6.111526304457753217e-02,-6.648967542738261349e-02,-3.005810883438436165e-01,8.805697085130304025e-01,2.656897690243937848e-01,-2.347663798903459331e-01,-1.958057372862748863e-02,1.529740260690375239e-03
9.930392354483965622e-01,-9.311687809187436937e-02,2.581465933298507376e-02,-6.708120387203729551e-02,3.841099157962054624e-03,4.592105395558914588e-03,-2.490684575880180085e-04,3.685312540178482723e-04
1.557735124603196186e-02,4.022836149704447917e-02,-1.470350917745333053e-01,1.884566370614351727e-01,7.078907831987545085e-02,9.674406559334169931e-01,5.830824008669913822e-03,4.157874804749093524e-03
6.049484106721528687e-04,1.108656108539864561e-03,-6.024412050250097742e-04,2.030917619397975757e-03,2.147893520496730463e-03,3.554618512487765607e-03,7.108525850255348853e-03,-9.999630680470967814e-01
-6.777410602938803257e-03,1.532177169215360735e-01,-1.408072604786992921e-01,-3.176594799857686557e-01,9.140071501090522021e-01,-3.350760514432755272e-02,1.385871924247661091e-01,2.434777477640742878e-03
