-1.379215753310700969e-03,2.070080237393358974e-02,-2.218907113259967895e-02,3.167104958227169587e-02,-1.569717484758337278e-01,9.866042254555776880e-01,-6.748368466240136157e-03,7.722061207969466634e-04
9.121503734112906825e-02,9.760298875065244184e-01,1.351349149858391829e-01,-9.932364553619077441e-02,9.178821079526881810e-02,4.389537806924038543e-04,-2.856984004406675241e-04,4.993489662586382549e-02
7.606587130880287234e-03,1.332986871255441852e-01,-9.074715901415422170e-01,3.239370010581848480e-01,2.165049521735510074e-01,7.797458581037541598e-04,-1.131981773982732725e-03,8.280971303068307421e-02
5.810113982262838511e-02,-4.647026054046578258e-02,-3.389569803853491048e-01,-8.875614059643003317e-01,-1.636719356307305973e-01,-4.311451164039605682e-03,6.049753357944125673e-04,2.549514295075103187e-01
9.939917021687589838e-01,-8.835186499593621068e-02,1.649163383372082362e-02,6.215363025837335881e-02,-2.210175506295438720e-03,1.274357814138779663e-03,3.638790966430832967e-04,-5.723194823600955689e-03
1.489026147298563169e-02,4.891396804931245901e-02,-1.595823626830883135e-01,-2.152332510787204334e-01,-9.516296924767148752e-03,1.577174721465370282e-03,3.452635272728411375e-03,-9.620233120439003471e-01
4.171086827641247701e-04,-2.059740157864876195e-05,-5.581000449940349731e-05,-1.079410220875902902e-03,-2.553617125742581491e-03,-7.209033273545121558e-03,-9.999645739468172589e-01,-3.319199468020938952e-03
-1.707121425100055446e-03,1.296552414217880256e-01,-1.308096740584972495e-01,2.150389192523707860e-01,-9.450766804695307499e-01,-1.629006795239211769e-01,3.395331296210829866e-03,-1.075196988979379778e-02
