-2.618540148233804501e-03,2.001814442421399887e-02,-2.231984342942576818e-02,-4.537657907827982728e-02,1.270757390620926297e-01,1.082399242224442275e-02,-9.903323282049820708e-01,3.418368574229428084e-03
9.440127143348689409e-02,9.636791191100073650e-01,1.842019724166546191e-01,1.262613951862560924e-01,-9.763038692314308931e-02,5.476895550198744578e-02,-2.637980950098143661e-03,-5.990872238039605989e-04
1.365101640960143109e-02,1.811550466219562505e-01,-9.122493173159016422e-01,-2.742724683409889508e-01,-2.313200269789909558e-01,7.745206080837864493e-02,7.921752891074856917e-03,1.328242184455602362e-03
5.239041946532255883e-02,-4.428250511423763996e-02,-3.190545136887905642e-01,8.715649619285884553e-01,2.744011248368087852e-01,2.419776835817574745e-01,4.067943945728803509e-03,-2.704309715504467099e-03
9.939015309357440708e-01,-9.117077934622326574e-02,1.307991462314452534e-02,-6.021526155161842364e-02,5.641116734345527801e-03,-4.119807319842784706e-03,-1.328959483755444773e-03,-3.358020776672960509e-04
1.495410034172833108e-02,6.479930129984785847e-02,-1.469945402680639113e-01,1.906033914109758753e-01,8.212354156544721118e-02,-9.648144893148998813e-01,-4.169275668020919895e-03,-3.423451068312647737e-03
5.542460832440897819e-04,6.669578842430715906e-04,-1.740078220145227234e-04,2.887570623550289421e-03,2.788776440528863577e-03,-2.676341336815116646e-03,3.663898698798075462e-03,9.999812575268450798e-01
-9.287162984387717021e-03,1.537277880573663658e-01,-9.898661012829164385e-02,-3.273901156115294198e-01,9.158227210254699102e-01,3.794795408097487166e-02,1.382860993925750515e-01,-2.128414252035743751e-03
