-1.812728166292106599e-03,2.658529539445259743e-02,-3.481464943392056921e-02,6.754124453704957176e-02,1.507277260510204997e-01,9.852687329032604469e-01,-6.520140316189251654e-03,-4.699888432706486900e-04
1.008032394878222021e-01,9.748485023650022008e-01,1.053857988082229080e-01,-1.456996600440909895e-01,-6.431846624416687197e-02,-2.534142546431805264e-03,1.064649479257104465e-03,5.504658355520536395e-02
1.699401460221579285e-02,9.944736361086307930e-02,-9.432119145852040365e-01,1.381213149091174708e-01,-2.800122516680777496e-01,-2.591850815266470796e-03,-6.297713034398462733e-04,5.178065762491918661e-02
6.190170799782711286e-02,-1.024277760130904158e-01,-2.256347292009952266e-01,-8.610681539720246302e-01,3.515102523691585601e-01,3.115200392531559275e-04,4.239576698988646586e-03,2.641018816018129711e-01
9.927190230538643911e-01,-9.394258741248544264e-02,1.985650976138015125e-02,7.180447760725537643e-02,-6.364663421418968736e-03,1.112041485353842214e-03,3.488070182036044457e-04,-9.576027871975520411e-03
1.385948211559137090e-02,3.256343622438415825e-02,-1.050023484789841671e-01,-2.421176708000124522e-01,6.886677225513640477e-02,1.060714200043814774e-03,3.122342802535917668e-03,-9.614299616805125348e-01
7.525630766685650896e-04,6.298180015805568454e-04,-6.113686890318408527e-04,-4.516994597578676517e-03,2.065419502770796112e-03,-6.661812296418858671e-03,-9.999630572175732812e-01,-1.870418541781137525e-03
-5.576074900097404904e-03,1.367348101185503761e-01,-1.889494080953242339e-01,3.871649172822097529e-01,8.754373545123597111e-01,-1.708377764296371559e-01,1.413215636173132403e-03,-9.789912531880835822e-03
