-2.382731509303201520e-03,2.287968863247739210e-02,-1.338684101013820106e-02,-3.742029301355778020e-02,1.607959755420890202e-01,8.344077348538836772e-03,9.858823437812068713e-01,1.546428248384410994e-03
9.696880778867439377e-02,9.557881835264032677e-01,2.358357726776502961e-01,1.198223984061973502e-01,-6.863856970306633776e-02,4.864263150855401702e-02,-3.415075856133788050e-03,1.028649114882067587e-03
1.828829281360229431e-02,2.336740928263088823e-01,-9.224280956307775448e-01,-2.139365079470458841e-01,-2.023802253248930538e-01,8.615155633970959792e-02,6.255759621522579556e-03,-7.448861755437336798e-04
6.681163241195539615e-02,-4.635831562355250540e-02,-2.585008051667088136e-01,8.941738762000029928e-01,2.791031840833479993e-01,2.210542521960347506e-01,-1.572958353316406335e-02,2.556485690149469091e-03
9.927929881264108136e-01,-9.527486472038265708e-02,1.297751246867989705e-02,-7.030565346342378119e-02,-8.858275259363413215e-03,-9.037907631217714788e-03,3.638993935861220205e-03,2.950406159325328357e-04
1.243859530891945793e-02,5.992022081925563182e-02,-1.297799552887295982e-01,1.892915773368407106e-01,4.887004426401639345e-02,-9.701209400111965309e-01,4.292235667458756815e-03,6.274366637266872923e-03
6.245300440663369363e-04,1.207228869721837378e-03,-6.634304907403163398e-04,3.352682198665816061e-03,2.301894872867038706e-03,-5.520092351211975182e-03,1.331556033589027625e-03,-9.999744640548059449e-01
3.017664805515037248e-04,1.285441670464613773e-01,-9.743885348160437332e-02,-3.132748594482773763e-01,9.209261691599519573e-01,5.514005558415132485e-03,-1.664462331969135678e-01,1.037534969072343100e-03
