-2.416991719415856159e-03,1.986112350374341293e-02,-2.266691249583822204e-02,-5.156316453919203291e-02,1.501043975424051768e-01,3.735383306795224748e-03,-9.868366219705817510e-01,-5.945027542666813693e-03
8.261704493054052023e-02,9.722423479113673217e-01,1.686688834434481865e-01,9.484002688133597037e-02,-9.204498533828137097e-02,-4.458604048019945004e-02,-3.642478755009411970e-03,1.398531629262852278e-03
1.661492062699180400e-02,1.574826556830744295e-01,-8.860973928661984855e-01,-3.426457606044674975e-01,-2.376303477683962273e-01,-1.259266548441745071e-01,4.764819524085993352e-03,-2.063521413124750194e-04
6.202079305508809842e-02,-1.663174324401238066e-02,-3.701756956267291954e-01,8.819551841949758719e-01,2.058544353945755967e-01,-1.963746790124573371e-01,-7.513589843915111609e-03,2.509307304288907123e-03
9.943521333861733424e-01,-8.241127586842222907e-02,2.596933009438977952e-02,-6.135003098798024607e-02,5.362707874274140474e-03,2.185322481398052890e-03,-6.615966439215100522e-04,1.097821266260345956e-04
1.654102124270297874e-02,5.560915459539004374e-02,-1.762585649166562296e-01,1.502773303305316721e-01,-3.576434224670355100e-02,9.704019258775312684e-01,-4.504358143094995028e-03,2.093718758814862996e-03
4.215587022339358685e-04,1.375960231985517241e-03,-8.365726813846678179e-04,2.843303226747958667e-03,1.472633349313300284e-04,1.512268003828168457e-03,5.949616029982896827e-03,-9.999757188165623312e-01
-5.999951185198968903e-03,1.392374276011915657e-01,-1.307524221303676681e-01,-2.583415539329800281e-01,9.321181745153266363e-01,4.348142836516530330e-02,1.612604460661885564e-01,7.263741379744077320e-04
