-2.294923979832405678e-03,2.529836691782380576e-02,-1.280384552349012051e-02,-3.531821158074559264e-02,-1.432376188579741472e-01,2.446534987427832764e-02,9.882942922727703250e-01,-1.011110707374672686e-02
9.809652896200697636e-02,9.670018720619036889e-01,1.474766189676473271e-01,1.511356729926683073e-01,9.866376984126533356e-02,3.070378203735982595e-02,-3.658104845781357407e-03,1.569139749586244414e-03
7.254994267148069144e-03,1.682694836466983868e-01,-8.614787926913954896e-01,-4.096740350420950971e-01,2.290633756976515056e-01,9.580560556445381903e-02,7.128932546118133288e-04,-2.228974291847795382e-03
5.390498768260043594e-02,-5.465614715441402538e-02,-4.435105921820781116e-01,8.422269415182129793e-01,-2.105384042441724168e-01,2.088671377486961411e-01,-9.773151676788252931e-03,3.417030529880410537e-03
9.936009695820262611e-01,-9.353671140365200920e-02,1.761630226226626461e-02,-6.058706223035094374e-02,-3.697581100948628061e-03,-2.809181355669945757e-03,2.296419946392630126e-03,-1.830297519723674568e-04
1.233922610208176493e-02,4.077171902240730311e-02,-1.784420386437772232e-01,1.363856238737993498e-01,-5.098677663920077319e-02,-9.719997009488707818e-01,1.827143312481032886e-02,5.088768729502409459e-03
2.233146116747804439e-04,1.022545736030679685e-03,-2.007056564708728031e-04,4.910149057420059963e-03,-4.953393192209847376e-04,-4.626185411742988335e-03,-1.004016595123860718e-02,-9.999261486727115678e-01
-4.269492487243602835e-03,1.501764410935984839e-01,-8.418679955584747188e-02,-2.764699915001259667e-01,-9.329193032936056174e-01,2.901408966657258864e-02,-1.507483455105839698e-01,6.534704578300623437e-04
