-2.681088900235569991e-03,3.419171685656571813e-02,-2.200221985694571225e-02,4.287426789701109103e-02,-1.328876696126581880e-01,-2.098243080468327817e-02,9.891285012276960220e-01,-5.181761849608002013e-03
8.326826185853071494e-02,9.662521133994820266e-01,1.337886067636090415e-01,-1.721749076128037681e-01,9.783959796143731902e-02,-4.685063712305828632e-02,-1.058414167814814011e-02,2.581156962513987707e-04
2.320673098861935138e-02,1.418068794174763836e-01,-9.205823534441538447e-01,2.546950886824310700e-01,2.409507525937876760e-01,-9.443134834960040247e-02,-5.991371496950095334e-03,-5.980434098108848052e-04
6.353092014363215245e-02,-9.237125259019814127e-02,-3.089150458430793833e-01,-8.483621941113337339e-01,-3.327014815436248329e-01,-2.476130870467148914e-01,-1.667369330584000942e-02,1.981713503608093126e-03
9.940488304937040720e-01,-7.719024598525971170e-02,3.157540567749221594e-02,6.971469186408998930e-02,-7.694739700379617502e-04,6.424873749095037952e-03,3.077817603341046013e-03,3.161634852541406909e-04
1.603374560439312438e-02,3.737838495735246874e-02,-1.632634447736134309e-01,-2.033841834886193356e-01,-5.455130169792211936e-02,9.628386383237170776e-01,1.703745389362642387e-02,1.155009094808583320e-03
4.537317302542463108e-04,2.895921489978362331e-04,-3.788543093906259407e-04,-1.299930249667352686e-03,-2.596347760043866536e-03,7.927144915940709247e-04,-5.531470113630930323e-03,-9.999799549666424925e-01
-9.701230612831568401e-03,1.708525062541736972e-01,-1.051857111350079782e-01,3.710830682890001730e-01,-8.950070176875746242e-01,5.923185184976621775e-03,-1.444594422844068804e-01,2.730116415869651095e-03
