-1.313192118334328366e-03,2.169009310123252987e-02,-1.463758441737241130e-02,-5.503457861747736851e-02,-1.558733600498120320e-01,-1.942492160717754213e-02,9.856502008923125890e-01,-1.022747255296146442e-02
1.057142706344392086e-01,9.659781910049547449e-01,1.339999873627134852e-01,1.593387643458155367e-01,9.704287248228020413e-02,5.394612185260771325e-02,6.182756176908732644e-03,2.437500216802800373e-04
1.847736363872759524e-02,1.427270809101502114e-01,-9.230123442910183051e-01,-2.662909156560457902e-01,2.171096166127295113e-01,9.626132169337063560e-02,4.526045096817271456e-03,-1.270893069332049803e-03
5.923947449314632963e-02,-8.439348391736367638e-02,-3.135571318936112850e-01,8.599831284603831616e-01,-3.236256315956453355e-01,2.161937917783759711e-01,-1.601533923853000647e-03,1.870399986206579095e-03
9.923588662909555991e-01,-1.013232393059293746e-01,2.384713126135231537e-02,-6.560730332145016386e-02,6.068702060196113322e-03,-6.817241596430345142e-03,1.069886382502994266e-03,1.707841404351826851e-04
1.383687703755684048e-02,3.450076672918141185e-02,-1.455620333843799241e-01,2.070819453874586935e-01,3.966092191068038009e-02,-9.658832896219008424e-01,-4.049165356738462958e-03,5.204481028884253881e-03
3.748868394849736167e-04,3.827086400658993664e-04,-3.108029064481274920e-04,2.503366902951123518e-03,-2.026563030981023625e-03,-4.823830983100478934e-03,-1.066391815106081456e-02,-9.999261243193182658e-01
2.078699800643184822e-03,1.657273254987274291e-01,-9.900906020879936265e-02,-3.375011157541321083e-01,-9.015553874535626733e-01,-8.778506365430152614e-02,-1.682294429182451811e-01,3.294835283933713211e-03
