-5.179551946177076479e-04,3.166325219920076983e-02,-8.754677981167777873e-03,-4.406196783032083342e-02,-1.541997180036230874e-01,3.720209266380535180e-03,-9.864951244046342715e-01,-3.878830165902992944e-03
1.089042642239726050e-01,9.465662643031411694e-01,2.410876226794612942e-01,1.411390520620899869e-01,1.082248208029440301e-01,-4.869829376681481664e-02,4.775398457360581841e-03,1.324615701042071740e-03
1.904974156518437350e-02,2.359151529456068319e-01,-8.772490276648816643e-01,-3.216642075083069874e-01,2.362565060272051043e-01,-1.227625188434914860e-01,-7.674488785832972622e-03,-8.709620658490479757e-04
6.057887569362242763e-02,-3.123430793377804729e-02,-3.560677310770065107e-01,8.695248252130746147e-01,-2.358571549372523168e-01,-2.384302676655565278e-01,-7.610725633706906003e-04,4.335636726929643567e-03
9.919170267209564962e-01,-1.081619424756122272e-01,1.512356921958211628e-02,-6.396246588327413052e-02,1.603319411861795071e-03,8.764851607646017423e-03,-1.488427613215478678e-03,2.797133369974915003e-04
1.389528945686984047e-02,6.988179410292130744e-02,-1.873521892271862443e-01,1.844199704321937694e-01,-1.551430863196006857e-02,9.620645705450588947e-01,1.713785911306288032e-03,1.369266571769776279e-04
6.840972077035128562e-04,1.342411321103271962e-03,-7.817766226656475354e-04,3.473743254661600891e-03,-3.553929380187370243e-03,-8.483094592896977442e-04,4.378665466550822616e-03,-9.999762642791689693e-01
3.736999494967700036e-03,1.726091867387676282e-01,-1.005974742329913685e-01,-2.836953251146026034e-01,-9.234761535280661127e-01,7.016231513852300497e-03,1.634648674661022538e-01,3.319282883086958815e-03
