-2.561087594553063118e-03,2.592924984306976474e-02,-8.812388078845085834e-03,3.864269847730637808e-02,-1.586685311130681397e-01,9.861198493527379982e-01,-1.188882451192737125e-02,-8.912364034713982216e-04
1.041325223838568403e-01,9.639937667828867296e-01,1.776831747373433523e-01,-1.298541560482819601e-01,9.064201744583362530e-02,-3.753917106301517780e-03,9.157206537603839033e-04,5.664024358488967126e-02
1.741873567228923586e-02,1.818763099498188207e-01,-9.361885125234865601e-01,2.333840310354992897e-01,1.801123610145479170e-01,6.766239648541638209e-03,-1.379744909089723227e-03,5.667812909817412925e-02
5.712437895352946715e-02,-6.621918902151222031e-02,-2.671265890291699141e-01,-8.817532514718725567e-01,-2.683266642831939608e-01,-8.847071821809042447e-03,2.517090661535659191e-03,2.672500853065614135e-01
9.926573505715211576e-01,-1.003499712239283026e-01,1.434053528924700630e-02,6.527939377634188467e-02,-1.917000879291317142e-03,2.475367464874287955e-03,4.433832051647679262e-04,-9.177063929826232563e-03
1.341896689480417612e-02,5.416047210513245946e-02,-1.214610970528507278e-01,-2.312818739913095056e-01,-8.525390842337138286e-02,-7.940806000794536218e-03,4.621888975789645478e-03,-9.598384364545441416e-01
7.328418104098338845e-04,7.208530632412583992e-04,1.404785465926396452e-04,-3.384111341345056364e-03,-1.716039233968283916e-03,-1.221774285631066145e-02,-9.999107303442851258e-01,-3.712772704087203071e-03
-5.833542298317983751e-03,1.399132781341882459e-01,-7.474635041540740599e-02,3.031890184183338999e-01,-9.246046787507109510e-01,-1.649576947449231945e-01,2.559445639854490608e-03,2.771719341592076419e-02
