-4.825563852076997229e-03,2.382875761761351838e-02,-2.838014504547042502e-02,-3.781085189392828505e-02,1.892139985738013896e-01,4.742625660584361830e-02,-9.793315390683384747e-01,-5.688638173775559248e-03
9.007265002920182562e-02,9.696258652415398194e-01,1.465134099353301855e-01,1.373266653019856176e-01,-8.767720803640020877e-02,-6.050785220509075080e-02,-6.268305664206459855e-03,-1.491108278443234339e-04
1.032930249731487012e-02,1.596456498759509512e-01,-8.889418270260937005e-01,-3.582677673093053183e-01,-2.283348012064699284e-01,-6.068841823501364835e-02,-3.625770121220341004e-03,-4.419247469813315592e-04
7.432236601597887182e-02,-7.893581597789262050e-02,-3.835297953067935417e-01,8.920028804536881406e-01,9.281614297873992669e-02,-1.912498947163958074e-01,-1.694969133896693375e-02,1.558710035553225121e-03
9.928643526140885633e-01,-8.207164252525792070e-02,2.344525334851798454e-02,-8.038517942067976985e-02,2.034755071187848222e-02,7.669943628392205705e-03,-1.654146758883435423e-04,5.362919838209807832e-04
1.251365711371143358e-02,5.947949568192712616e-02,-1.265311603203332913e-01,1.570756897757632498e-01,2.812023385606809284e-02,9.757777156393273588e-01,5.164756955856374121e-02,4.724594881241487264e-03
6.808411598889671469e-04,3.855721589879704676e-05,-9.741949332886495460e-04,2.114165151969700160e-03,1.307483303616137999e-03,3.998203915485380733e-03,6.198941103717786442e-03,-9.999689966197212732e-01
-1.721758458944351242e-02,1.314028492710742069e-01,-1.544504738076424577e-01,-1.566772975331905127e-01,9.458079467896881587e-01,-4.016191804267653376e-02,1.945869497436870932e-01,2.094917825675217827e-03
