-7.820674334636595025e-04,2.636401965503905320e-02,-1.334085173784109804e-02,-7.556791077478594576e-02,-1.425463231123487440e-01,-1.940990252014791403e-02,-9.862509519919266943e-01,-5.357286675952989928e-03
8.945169127682625621e-02,9.685785826839423684e-01,1.720766609216844156e-01,1.159686587629489424e-01,8.229355697546025805e-02,-6.329237885370631034e-02,3.953270210933575342e-03,1.016837475637259649e-03
1.535349418291500137e-02,1.685825191115803701e-01,-8.995470427387214363e-01,-3.058948786017752774e-01,2.492698073439837125e-01,-8.012507340273440637e-02,5.652100145054583108e-03,-4.849066357591158799e-04
5.935105285931582819e-02,-2.805272316056152404e-02,-3.615123678767893645e-01,8.381236659585916682e-01,-3.334113531855711909e-01,-2.265392786652029034e-01,-7.493531118052794426e-03,2.949145675427942981e-03
9.939940686419823646e-01,-8.911661265108715424e-02,2.216004570896126791e-02,-5.847342642788735251e-02,9.250223498521134222e-03,6.160499560140205756e-03,-4.497210253176734535e-04,3.016479900661073253e-04
1.463563090244564095e-02,6.272523503635392406e-02,-1.420802866866471281e-01,2.019140235627589486e-01,3.080344476034816651e-03,9.663766096848608322e-01,-3.137085311497452705e-02,4.229861487253173263e-03
6.258675791701727616e-04,1.148720632084681030e-03,-1.138103607600610134e-03,3.367799611843875357e-03,-1.699310955417436238e-03,3.602390208289739642e-03,5.394080880630563145e-03,-9.999703447578597304e-01
8.391314139027566997e-04,1.416894536901187052e-01,-9.826698042824699719e-02,-3.749907309087086582e-01,-8.941542406914754215e-01,6.278994809047185044e-02,1.618391279088029766e-01,1.630892852216643714e-03
