-8.172953159012192464e-04,1.584751608436009429e-02,-1.544090401079351201e-02,-6.125169209817647037e-02,1.714753561612738508e-01,1.598446572593964152e-02,-9.828771465512030625e-01,7.156174463238075024e-03
9.757856499155177776e-02,9.756387739132325043e-01,1.392974136892445036e-01,1.181595549110002058e-01,-5.220845770086323528e-02,5.010309615883792866e-02,-2.203333011036823393e-03,-1.028901080837072747e-03
1.622893782684542777e-02,1.500256863663338158e-01,-9.232624089603079787e-01,-2.716439717438804413e-01,-2.249548772070936453e-01,1.985983625915967513e-02,-5.085834772504314004e-03,-1.274068626055903299e-04
6.127148320109526008e-02,-6.068624517192349604e-02,-3.252031371911074387e-01,8.476023920479380802e-01,2.996820839475594078e-01,2.801602690250150074e-01,8.072496316255487261e-03,-3.434613929523653783e-03
9.931184856551384943e-01,-9.540547906673627065e-02,2.318353188658554484e-02,-6.149581819736370941e-02,-1.373618247662401412e-02,-1.016835493883215709e-02,-1.459376270451094755e-03,-2.197209585362266732e-04
1.309310415038748149e-02,4.881939262746894798e-02,-1.176362686212475556e-01,2.084826221605636798e-01,1.803243858778692255e-01,-9.526724885222783712e-01,5.576602541123184403e-03,-3.014807415750485244e-03
5.786411348579329449e-04,9.361346305820399593e-04,-1.425538292811170124e-03,3.644657516595593925e-03,1.220575276676332888e-03,-1.861307018841832153e-03,7.273124191625172930e-03,9.999628095760472180e-01
2.022833185198440274e-03,1.009994914233188074e-01,-8.837110828430611020e-02,-3.778971612503152500e-01,8.914871700143435218e-01,1.032388341717110636e-01,1.837675232144980464e-01,-1.076962389615791771e-03
