-2.591095268617632334e-03,-2.567635209341963612e-02,2.064124953906277052e-02,4.768891537055871405e-02,1.403208624339382093e-01,2.487305028290018316e-02,9.880022154364005438e-01,-1.329385440388054958e-02
1.002741697637006130e-01,-9.632276845033562740e-01,-1.770459664400468314e-01,-1.395354534054734363e-01,-9.119247574767642972e-02,5.475419784233843262e-02,-2.753632225229055239e-03,6.552785387166424995e-04
1.403922534572865297e-02,-1.766555923056127575e-01,9.251903958425563568e-01,2.350014965689402047e-01,-2.250503676497378480e-01,8.195535300556038016e-02,-5.327285477614567000e-03,-4.553886699878648814e-05
5.473349328106187628e-02,7.069872369031174331e-02,2.820679815215786368e-01,-8.884074802327419640e-01,2.640831786947855364e-01,2.311077893644619130e-01,-4.321070941335116398e-03,2.516112102641140415e-03
9.932417894777051393e-01,9.547522166494117057e-02,-1.170978432649033042e-02,6.447770519264241218e-02,3.772419261201415044e-03,-6.562688712895324052e-03,1.849585533940104531e-03,1.231681860169291521e-04
1.322455896967333552e-02,-5.169357645860330613e-02,1.346139820515726282e-01,-2.036610680132995566e-01,2.920577466882379181e-02,-9.674656948644506649e-01,2.599740777893883026e-02,5.951233493331076728e-03
4.262607347626929917e-04,-6.880081208698879272e-04,1.302579840355440289e-03,-3.618463267101386729e-03,6.560989931361128772e-04,-5.502116718645376318e-03,-1.327777692632261565e-02,-9.998887697347020875e-01
-6.418640465308030583e-03,-1.534256424818427611e-01,1.201220624981831214e-01,2.968396400464984319e-01,9.223550052973116253e-01,-1.387825947262629964e-02,-1.514641959002701321e-01,1.878020008752512814e-03
