-1.496895856549228503e-03,1.916804883914026078e-02,-3.563383471983996853e-02,-7.001696151047552552e-02,-1.416705072895085848e-01,1.971150115631042921e-02,9.863591418338284456e-01,-9.734861982867286725e-03
9.329775897243884619e-02,9.764420227252439410e-01,1.492409195256898802e-01,9.295621519099998842e-02,6.885673446945410336e-02,4.685459988737374071e-02,2.122693287135280112e-03,1.298146467938760679e-03
8.622752843280250337e-03,1.361170100465201593e-01,-9.031496703423687045e-01,-2.594284661381817680e-01,2.959218534215216634e-01,1.032964423523470010e-01,-1.324033700681576803e-02,-3.831030234345455718e-04
5.155386488911180981e-02,-1.681351689160143908e-02,-3.421845835201741126e-01,8.484354941809774120e-01,-3.573856500095648481e-01,1.798684093408812468e-01,-6.633633026113439426e-03,2.296754456464730840e-03
9.941870836949242562e-01,-9.194555452052018130e-02,1.251383950731106698e-02,-5.423115113172631563e-02,5.232704209886647473e-03,-3.516444971122998503e-03,7.239856133686796468e-04,4.158750499939654140e-04
1.131184705869231304e-02,5.775084299250884956e-02,-1.508458434659351310e-01,1.357166224674130339e-01,-2.644968453606631742e-02,-9.768833768031699449e-01,1.883049098543121067e-02,2.847291289963999918e-03
6.889474416076495121e-04,1.305904119761029962e-03,-5.422838535271371635e-04,2.574384380208293976e-03,-8.606568850116985908e-04,-2.553588735287884697e-03,-9.802699897161041426e-03,-9.999437704031969298e-01
-4.974404852761964320e-03,1.248686395283643003e-01,-1.441402191684877931e-01,-4.218343318262568475e-01,-8.713014768618663197e-01,-8.560691272356009754e-03,-1.625442137132800668e-01,1.517050115851031715e-03
