-2.318501751793908532e-03,1.826085741614061342e-02,-2.567201313541327828e-02,-7.366341397959794146e-02,-1.423360232025345506e-01,9.656842973966442770e-03,-9.865200411609417186e-01,-1.106837377588678695e-03
8.313695993388517391e-02,9.795944925378298196e-01,1.044755059031139965e-01,1.177504771861106886e-01,6.754810673229040552e-02,-6.420484916896157523e-02,-3.949854684851333668e-03,1.399692564752489038e-03
1.857655855134076120e-02,1.004268727611999090e-01,-9.403926043448692651e-01,-2.037327039942151141e-01,2.278936292755076309e-01,-1.083031666877121851e-01,7.560307051341651902e-03,-1.359887795078652166e-03
6.700495769025879844e-02,-7.250000941924263087e-02,-2.555413688398452954e-01,8.679007886097556135e-01,-3.539551109693317987e-01,-2.151229474932342955e-01,-1.069805532982216756e-02,4.935859989318017171e-03
9.939342698657944730e-01,-7.932041769887715477e-02,2.814726860571708719e-02,-6.995333116388299799e-02,9.765734207097623645e-03,4.623132192357372501e-03,-6.769940486378139268e-04,3.837448600871956043e-06
1.786875621119735774e-02,5.744373632650897482e-02,-1.521167897321846207e-01,1.877635424919848195e-01,-2.666469801773748913e-02,9.681191235635057124e-01,4.281750971682867814e-03,1.510688458770296757e-03
4.522120659078515095e-04,1.019474601733719957e-03,-1.133255787707000028e-04,4.853269651293733687e-03,-2.400389171658709551e-03,4.613756029777276238e-04,1.131153728425743745e-03,-9.999839673026809095e-01
-4.825743668720131746e-03,1.229911065974161333e-01,-1.218785281406067622e-01,-3.818082795863806944e-01,-8.928302444344835553e-01,2.237857560521335637e-02,1.630059176353698125e-01,6.218571699332265269e-04
