-1.998292946842226622e-03,2.114016838669861495e-02,-2.733364044722101302e-02,-2.974390651012825959e-02,-1.546706540303358912e-01,2.096895618950251478e-02,-9.866847106341378737e-01,-2.801015936883090654e-03
9.658390418262946531e-02,9.687485364997958648e-01,1.570692744921488582e-01,1.336937356873130200e-01,8.730273505140970225e-02,-4.499817339082991946e-02,-2.464608496685441550e-03,6.108026008792531714e-04
1.275914949734120903e-02,1.547968389960011071e-01,-9.345842863145163992e-01,-2.077665860878858961e-01,2.349826604260549234e-01,-6.352968695758512419e-02,-2.740900668023059285e-03,-1.259285949965056829e-04
6.636727977401878087e-02,-8.626666484817724356e-02,-2.498938765585512478e-01,9.198140389746868317e-01,-1.849830704666890757e-01,-2.131204605572830091e-01,1.672861511606777872e-03,2.601027087557023811e-03
9.929047091753753218e-01,-8.970732112507250056e-02,1.344298387519178573e-02,-7.627902215370958861e-02,-7.015495781098702276e-03,6.617304515197543549e-03,-7.660578758623627811e-04,1.981236002678286889e-04
1.372478563889724910e-02,2.485376277846986989e-02,-9.473777368203638305e-02,2.117148740286286801e-01,5.581118927982835903e-02,9.706730421845125578e-01,8.626309858878376813e-03,1.737624358889301420e-04
4.180175234436980737e-04,6.113145301205604679e-04,-7.721098061029221414e-04,2.133613483168154707e-03,-2.186196368455221688e-03,-2.855225080062928156e-04,3.144744336630813167e-03,-9.999897762983582794e-01
-7.199901077138488176e-03,1.449478554162292321e-01,-1.718453421297407580e-01,-2.033967429969471274e-01,-9.358689805147597518e-01,7.634847980705652959e-02,1.623330127247168686e-01,2.319026174369444738e-03
