-2.208459826970350127e-03,1.530656927418613984e-02,-1.733318920224742252e-02,-4.993459088139822616e-02,1.391382366728458608e-01,2.960670689594756613e-02,9.882968071115409980e-01,-5.864156514222381615e-04
1.113705350729317367e-01,9.820268558749680743e-01,9.935493077055157496e-02,8.216149858464441569e-02,-7.342637358554526816e-02,-3.464444310328802790e-02,2.307896705824206626e-03,-9.736409671084653682e-04
2.031302639358768813e-02,9.299875852796277154e-02,-9.172063375184420497e-01,-2.862295039914704575e-01,-2.442629853593897005e-01,-8.973813006058635466e-02,5.133546686741229104e-03,-3.550024729063362564e-04
6.053416641718161600e-02,-3.389517049731811255e-02,-3.276222777960787202e-01,8.751096229555920258e-01,2.757681360602545206e-01,-2.143098590312780827e-01,6.723823873321798858e-03,-3.395977580953463398e-03
9.915240005633638720e-01,-1.098692371634089476e-01,2.934737175022712405e-02,-6.271619714925671940e-02,3.540258511784217556e-03,1.068698557435862964e-03,7.325954687277617386e-04,-3.243075469696047241e-04
1.815905649093608326e-02,3.602797962972260903e-02,-1.532317534524094416e-01,1.703863329715058217e-01,3.341977495956369171e-02,9.715635756980478543e-01,-2.840702954242807499e-02,-1.066917350804319313e-03
6.638194078947619748e-04,8.451797477993749875e-04,-1.457829954409682041e-03,3.204427129240996954e-03,5.599360975666744936e-04,2.616942092676378105e-04,6.314167483457265194e-04,9.999928353214249110e-01
-8.042797749987406347e-03,1.105501365296271965e-01,-1.299267948825436336e-01,-3.317178792853698877e-01,9.156456299014960054e-01,-2.136721886698231179e-03,-1.496149619730886560e-01,3.677869817569718257e-04
