3.506957587028537542e-03,1.269460832992450224e-02,-1.687825302133181410e-02,-5.319424184607958461e-02,-1.511292392456412004e-01,1.921818707958069736e-02,-9.866386609761682580e-01,-6.841956939534020628e-03
-9.468550819688373310e-02,9.710719583718852022e-01,1.369240450426750244e-01,1.407183548263284401e-01,7.902893811749410469e-02,-5.601494998420149252e-02,-1.097224574883321445e-02,6.471838443854368563e-04
-7.159441742987576740e-03,1.389616753975816132e-01,-9.273057208752427671e-01,-2.323546422088224872e-01,2.447768089038013239e-01,-8.220804392772522451e-02,-8.941020341586076309e-03,-1.578999113145461788e-04
-5.355071424830393223e-02,-8.212248577790982884e-02,-2.905339702949691350e-01,8.907278259070818827e-01,-2.748779524863489421e-01,-1.923191875988099764e-01,-5.951773595991145804e-03,1.479291028566425900e-03
-9.938806454070474583e-01,-8.870574576553559576e-02,1.007944992405837223e-02,-6.500048857550154435e-02,-1.898897819091213126e-03,1.091735434483773540e-03,-1.031125146205895621e-03,1.833285907271898921e-04
-1.582042031982643787e-02,4.592333522361680131e-02,-1.219315831347240614e-01,1.763340201996209389e-01,6.937909708407103727e-03,9.754502871725051483e-01,1.103319398247642157e-02,2.575894377368941664e-03
-3.717136861214673368e-04,7.865821543826208078e-04,-6.837642824535848348e-04,1.641210710363265107e-03,-1.156209979025253718e-03,2.143511240688726616e-03,7.085271306844905144e-03,-9.999699742891354770e-01
7.366002885988312196e-03,1.443099716656101317e-01,-1.472809179448650307e-01,-3.076727707822641822e-01,-9.139954747258186574e-01,3.520092309772645395e-02,1.616644716030103957e-01,1.984243672125957005e-03
