-8.132809987598421363e-06,2.095113861460363297e-02,-2.113251528281561917e-02,-3.800181881235846493e-02,1.480526666638653510e-01,9.877377247539866900e-01,-1.115444176038774861e-02,-7.083148542198575365e-04
-8.593672393623412453e-02,9.706627524196564938e-01,1.074932136511577707e-01,1.575238427539437380e-01,-9.739699609902076338e-02,2.327076115335867564e-03,5.311292359539710730e-04,-6.758902497119642638e-02
-1.375476788291371544e-02,1.168524838594288268e-01,-9.320390390305479666e-01,-2.583741506235993080e-01,-2.045101708975000099e-01,-1.777897159770354570e-03,-3.876486181875554932e-04,-9.420514953350089815e-02
-5.548865318810549535e-02,-1.014859960347286039e-01,-2.965132551975517838e-01,8.811863520236373759e-01,2.800911524542640807e-01,-1.238710477602589580e-02,3.094678034177848498e-03,-2.088014209616635419e-01
-9.945755532353446338e-01,-8.077187470683357129e-02,2.216611609415388220e-02,-6.105273350110106134e-02,-6.046353487135088314e-03,7.435514927077362200e-04,2.081285992868026611e-04,6.280574453705081890e-03
-1.271473331725527824e-02,4.855894793445613561e-02,-1.409731596649540231e-01,1.935012711347558201e-01,-1.999337030075717947e-02,7.121381923043154476e-03,2.738122959702419049e-03,9.693844666599850113e-01
-4.617117040107467920e-04,6.380113331035003636e-04,-1.046524819941772530e-03,2.708606908839279563e-03,2.710049726623176523e-03,-1.162836009712401100e-02,-9.999216921604784369e-01,2.234819257100471857e-03
-2.070368663805440251e-03,1.566476500109420800e-01,-1.049565689659940071e-01,-2.988611672293371435e-01,9.208013530316557782e-01,-1.550022090928497021e-01,3.825955989207139186e-03,5.663827473561811737e-02
