-3.389242480393924069e-03,3.045804919576320866e-02,-1.269979003739815648e-02,-4.261950647841915296e-02,1.805401926455842687e-01,5.913780433096507867e-03,-9.820635038174415632e-01,-2.157263413107486563e-03
1.152868335965944319e-01,9.621212432246585289e-01,1.728093194003833544e-01,1.327636050101793641e-01,-1.084900883258732435e-01,-4.207367204011328715e-02,1.245706320499111912e-03,7.607365208549604282e-04
1.692393029301979268e-02,1.747730411386725080e-01,-9.249828330383726982e-01,-2.624037662680083205e-01,-1.971491024381651636e-01,-7.607461217493961814e-02,-7.989620365104402669e-03,-1.935560032149712323e-04
6.029060790649954510e-02,-6.299033407162663023e-02,-2.900068789285484838e-01,8.868871788428962510e-01,2.304548466148580443e-01,-2.619140580782375327e-01,3.886570308315329646e-03,9.418141916191069942e-04
9.911950771620378076e-01,-1.119000206161064881e-01,1.599536198791765354e-02,-6.863842636079985071e-02,3.545949479170219625e-04,5.198801154688178355e-03,-4.023999850028093378e-03,5.228495283802999435e-04
1.753668129865702460e-02,4.814000617222570499e-02,-1.498957064175912290e-01,2.120027597701354960e-01,9.431472410915391069e-02,9.595629737647057844e-01,1.728190655075242943e-02,2.465677230494688760e-03
7.109579560468431633e-04,8.774648160137022476e-04,-4.333558142992486499e-04,1.133175215283175122e-03,1.472060866193939570e-03,2.005491733832978195e-03,2.460531158789450081e-03,-9.999925047404503164e-01
6.004780912168577360e-04,1.550541122545940897e-01,-8.691180020570002385e-02,-2.747273384561152443e-01,9.245325168805752503e-01,-5.492142327695458126e-02,1.874829916041118594e-01,1.574974190465928221e-03
