-1.674392427496918532e-03,1.692304192556472187e-02,-1.950429103567051861e-02,-5.206517431152240388e-02,-1.726150036155491285e-01,2.021228308720813757e-02,-9.830632916976596025e-01,1.302295228045535335e-03
9.943970956481466839e-02,9.775581138643560930e-01,1.105244486197571874e-01,1.200622384376661689e-01,6.974698587355457335e-02,5.464745462234912865e-02,-3.017359220438723538e-03,-1.092037752095574750e-03
1.459799864634407814e-02,1.200809844824675815e-01,-9.315791331661020802e-01,-2.663550760847931409e-01,2.148549981865559289e-01,2.031901722717247005e-02,-2.676222912096526147e-03,2.298231926640616912e-04
6.062876731968810939e-02,-7.853732599003797332e-02,-3.054513730831113771e-01,8.733894445402409223e-01,-2.288412700325504756e-01,2.857308037355328345e-01,4.399751747260378064e-03,-4.074427328375655050e-03
9.929996671952008302e-01,-9.562857899309357146e-02,2.294549127746681877e-02,-6.410724791664938749e-02,6.998166913549278868e-03,-1.087149326046437346e-02,-1.849995837085800744e-03,-1.217953679803052255e-04
1.292828265605488157e-02,4.306189382341396588e-02,-1.123661014219312637e-01,2.450405401429860686e-01,-1.182042297462495145e-01,-9.545959467826401479e-01,-8.902993701235577956e-03,-1.612732148277917690e-03
4.976939345454891792e-04,8.342699570305251453e-04,-1.143212133244553199e-03,4.001366568618726013e-03,-1.519334990234070312e-03,-3.083559256857639473e-04,1.409429761576347362e-03,9.999886741716357275e-01
2.065027606027475260e-03,1.118317595128754949e-01,-1.144978731982420755e-01,-2.914609950771662739e-01,-9.234635340519062874e-01,5.637782000339063015e-02,1.829378796249978845e-01,-7.024907779985878125e-04
