-3.428664577660553176e-03,2.355155868084422843e-02,-2.206869016875014078e-02,-5.288945672392449809e-02,1.164253526650676912e-01,2.165561769815059490e-02,-9.910164526715239397e-01,-3.436369868774301079e-03
9.940923952203790936e-02,9.756714707348170812e-01,1.213256011634244041e-01,1.288625336858090498e-01,-7.634112426016145814e-02,-3.186740805985202596e-02,3.595312137749804432e-03,1.051183661235782080e-03
1.007900566103664408e-02,1.290935314105194354e-01,-9.261979995617186656e-01,-2.637036221388868173e-01,-2.279847069406181759e-01,-6.149285719868542721e-02,9.606110002542134207e-03,-5.134558500393043628e-04
6.654984825720770825e-02,-6.838743020572271569e-02,-3.139334886576317651e-01,8.770660253797255557e-01,2.810709196370280716e-01,-2.095610201631564751e-01,-1.323781557282657957e-02,1.818271732533001481e-03
9.926644606163281814e-01,-9.415445998897728486e-02,1.936922737958392260e-02,-7.292620375132284616e-02,-5.208268514745430580e-03,4.922071777752402497e-03,-2.716557081709002498e-03,2.749485984669928248e-04
1.329977580790597802e-02,2.376747778084871421e-02,-1.201635234589179813e-01,1.814040506953301934e-01,3.017749597112476603e-02,9.750197099413308033e-01,1.836316289952250394e-02,4.463135913609731506e-04
5.072812494090826307e-04,8.595912678105847339e-04,-4.901937507271142771e-05,1.807724964319191909e-03,1.020146274848934614e-03,-1.018843636597589994e-05,3.510403323029375432e-03,-9.999911848423586047e-01
-3.963074208138486071e-03,1.293747679520763083e-01,-1.165403791886966550e-01,-3.218443892678005680e-01,9.212493872544360585e-01,1.143014430841285400e-02,1.313355960466060512e-01,9.338474471469731131e-04
