-2.069528444157823534e-03,2.392829358557857153e-02,-2.794788952806261106e-02,4.627586393000127779e-02,-1.499503342335886114e-01,-1.932023469657662140e-02,9.866780025526811215e-01,-1.042874775396951739e-02
1.046807298784069723e-01,9.672707383052604468e-01,1.567669137202823970e-01,-1.429480502772656481e-01,7.745252361206211855e-02,-4.914932527779690419e-02,-1.266199526313240356e-03,1.760807963564670411e-03
1.824526050834823429e-02,1.636496915837363786e-01,-9.053969199636963117e-01,2.926896889771415378e-01,2.369543839784233608e-01,-1.060071328170037741e-01,-9.383356459579054315e-03,-1.453453516385638192e-03
5.663635780839402362e-02,-6.784284965456224836e-02,-3.384201150846802286e-01,-8.649811238548661407e-01,-2.823058167283306052e-01,-2.226058508212600817e-01,-1.448334997469487816e-02,3.073337078334027403e-03
9.925970777927196620e-01,-1.011418696479578633e-01,2.133707757693212997e-02,6.349747418376511243e-02,-1.006349136292772556e-03,5.339049504855628014e-03,2.116955160325497895e-03,4.044340202000563738e-04
1.516325208118008902e-02,4.242861033471860555e-02,-1.618215790551554845e-01,-1.966984043875458221e-01,2.705383517786546718e-02,9.652199454058293382e-01,2.666596719987281150e-02,9.360881948597135020e-04
7.562963064628677214e-04,1.442737368102985085e-03,3.423943143826164450e-04,-3.006147292184737588e-03,-2.280018781665062513e-03,7.010887193016526308e-04,-1.078433917320188729e-02,-9.999330979555256516e-01
-4.200029392476999773e-03,1.428248420893294401e-01,-1.171737244375796183e-01,3.175430242389689073e-01,-9.137471906288163748e-01,6.885967865033677804e-02,-1.591704870106751823e-01,3.056572059999063031e-03
