-1.923648446214826831e-03,1.251758740947325060e-02,-1.181101467423855203e-02,-6.721248122549407233e-02,-1.861412647330880632e-01,-7.876884697507599217e-03,9.799846973668638883e-01,-1.009797305312880138e-02
8.655375234581247357e-02,9.814794605154720797e-01,8.862008759997697105e-02,1.231612723137543997e-01,6.326867696231613936e-02,4.569708500026147674e-02,9.547622833383648949e-03,1.411188540158187128e-03
1.081137636761787986e-02,1.098593001484245851e-01,-9.003785594665426606e-01,-3.565740082879716444e-01,2.228239922929811101e-01,1.740971531530229391e-02,5.766540137698917927e-03,-7.693272625370159868e-04
5.576353138491323136e-02,-6.659962852912237885e-02,-4.005964239763087353e-01,8.295178270294391032e-01,-2.810775840058824526e-01,2.546661192486782688e-01,1.723118418781451186e-03,3.897194396270307459e-03
9.945940558286607835e-01,-8.281000007832439724e-02,2.519144069807429179e-02,-5.595309833978896752e-02,5.693064572747036714e-03,-1.127742714278811773e-02,4.665019330856406791e-04,-3.358291004385673069e-05
7.381368987959153853e-03,3.238193855290663614e-02,-1.183492082453465322e-01,2.173285827375057710e-01,-7.109162578041879066e-02,-9.656743178910661696e-01,-8.150496653102027450e-03,3.367401706674302310e-03
3.372456932024110688e-04,1.236352960295560542e-03,-1.173753638192378971e-03,4.448311564605090911e-03,-1.271122236264929026e-03,-2.117472119176102598e-03,-1.028616963066141671e-02,-9.999326416302927178e-01
-2.521112361084626441e-03,1.101325910724279961e-01,-7.877444561617939767e-02,-3.386542264007432745e-01,-9.097281562725020310e-01,5.766137692321617741e-03,-1.983183304622797849e-01,1.905565197514310369e-03
