-3.123565522768638730e-03,2.452652969647059825e-02,-2.678458434577909650e-02,4.253631333369318340e-02,1.794138499080409344e-01,9.821727621600919722e-01,-2.747553952294323060e-03,1.314324215524860506e-03
1.004770936904694351e-01,9.634658996551440646e-01,2.086725755016915762e-01,-7.562745052031599746e-02,-1.024473648778609497e-01,3.885787780755484925e-03,1.187042153168534845e-03,4.315191560452037722e-02
1.876214786347104799e-02,1.907567556500803785e-01,-9.048855693574922032e-01,3.003441604940766951e-01,-2.130139813711177388e-01,-3.605354441144198712e-03,-9.485123166227696573e-04,9.405572333061854029e-02
6.405250841109517979e-02,-7.027452848120134023e-03,-3.099743385546170349e-01,-9.101082039095222953e-01,1.346939026323988875e-01,6.433790945861584364e-03,2.138138021516210185e-03,2.308212403147620329e-01
9.925537708704126327e-01,-1.010682114479903443e-01,1.791828444901183079e-02,6.464399999679028286e-02,9.612657318907456144e-03,1.621182709302531298e-03,2.519762699314581546e-04,-5.217471255259332336e-03
1.620424155425584031e-02,6.131995522770970070e-02,-1.535730637073629001e-01,-1.904386291340737503e-01,1.298826824574930358e-02,1.519106865791432356e-03,6.176754333154607646e-03,-9.674278129099900259e-01
5.955489398079432707e-04,1.297894163092932346e-03,-4.853328038431004216e-04,-3.515855253804798380e-03,3.800369510670780567e-04,-2.750867941509747925e-03,-9.999735774392747301e-01,-5.522384167052036240e-03
-3.732929650173949249e-03,1.439367215806739986e-01,-1.301167618683984617e-01,1.830560399693244300e-01,9.452706287111631855e-01,-1.877622711943989775e-01,4.463244985879033359e-04,6.080192006102818660e-03
