-3.662627395110263848e-03,1.998291449918105506e-02,-1.787443510275551345e-02,-6.841630165394695096e-02,-1.484637718599773337e-01,-2.452068401064614808e-02,9.858471103892626486e-01,-7.049962009376317326e-03
1.078217057345847718e-01,9.583119140916845913e-01,2.026887500643017592e-01,1.496198485093984676e-01,6.058004932412437704e-02,5.332124368449062124e-02,5.489415894662977476e-03,8.339788802810309872e-04
1.337755618736916757e-02,2.084057590637251600e-01,-8.691976749602003949e-01,-3.176081465218023037e-01,3.077849121642525776e-01,7.236674227141179361e-02,6.165018162243659887e-03,-1.429228610144923787e-03
6.038029464533534174e-02,-4.268522402908431906e-02,-4.030338270139225409e-01,8.212955517597836375e-01,-3.198079402331602261e-01,2.349819574623794038e-01,8.476315328763662019e-03,2.013881738160082889e-03
9.921220081391541878e-01,-1.046542113636575178e-01,1.596208609038412760e-02,-6.634427222740667263e-02,5.897131610823669323e-03,-6.737326098162706341e-03,2.213153119474770177e-03,2.427186818238865647e-05
1.483260834551079592e-02,5.636871808958655861e-02,-1.496848029819349557e-01,1.912243859951255620e-01,-3.631855326128528849e-02,-9.674120000135643105e-01,-2.002713798747728785e-02,4.914668904956928479e-03
3.057389129633468548e-04,9.887261103288798141e-04,-4.086088295836121207e-04,2.476510116455007873e-03,-2.785149544520868718e-03,-4.204523108281958861e-03,-7.529307384104262126e-03,-9.999552506680615682e-01
-3.185460934246074800e-03,1.478277908993299028e-01,-1.341507208185961919e-01,-3.956732631397336108e-01,-8.808622620742976306e-01,-1.237206369184945878e-02,-1.658397151088928378e-01,2.974256650612819037e-03
