-2.836982353438436116e-03,2.375441908362714571e-02,-2.520119922541174187e-02,-6.140803636261482623e-02,1.257554894801081735e-01,2.019149004840668695e-03,-9.895468069161993396e-01,4.780770670359535401e-04
9.565009224477567795e-02,9.759982563396996103e-01,1.044475888273451308e-01,1.276949042506772269e-01,-9.085498365408924137e-02,5.298260887229183647e-02,1.132362001397208126e-03,-3.300766496072360064e-04
2.057920211701748381e-02,1.052480925540021234e-01,-9.383182275199359879e-01,-2.361571607176199405e-01,-2.171607182464331265e-01,7.031699020518974996e-02,1.356546280809000152e-02,8.696882129763707772e-04
5.325518069737612131e-02,-6.771708987425037463e-02,-2.814462261075541538e-01,8.481299487798386050e-01,3.517265433085605131e-01,2.651845151078121021e-01,-2.003724234350408133e-03,-1.868161881463629645e-03
9.936204288176542221e-01,-9.255324813710136267e-02,2.638930730288285842e-02,-5.849985068519441417e-02,-2.713092154216519610e-03,-4.492861129605013257e-03,-2.466289296078652462e-03,-2.870057801966889458e-04
1.697338061519761479e-02,3.835697559056985145e-02,-1.376486316949908362e-01,2.373884450251619593e-01,4.566571097427318121e-02,-9.595809365440076677e-01,-6.510497643376978068e-03,-4.112130596632276001e-03
4.595945776117501148e-04,6.156080164830122397e-04,-4.793486473837345568e-04,1.795326966131495202e-03,3.355499106959469128e-03,-3.585492798027197728e-03,8.164901000575345343e-04,9.999855874144427670e-01
-3.678330238799281185e-03,1.454737971531604168e-01,-9.570138628494891109e-02,-3.808539357318353469e-01,8.960784634124727699e-01,-3.305820157677141075e-02,1.433829214645416517e-01,-2.692411252091106259e-03
