-2.849002650807848369e-03,2.404494299532889540e-02,-1.730502469220211031e-02,5.925092883633929775e-02,-1.622600339024818927e-01,9.844420525759682850e-01,-1.115062721682154659e-02,-4.977698597927874766e-03
9.790844543825803770e-02,9.718618952279916012e-01,1.455523720119970832e-01,-1.245716836616693329e-01,8.268297658950171658e-02,4.865269977444890625e-04,9.678896515322114175e-04,4.855046251582051386e-02
2.155482875468763340e-02,1.460022600106162249e-01,-9.495374050597338300e-01,1.932130493975723062e-01,1.918366352096451677e-01,4.422723106965116736e-05,-1.776569216983792891e-04,4.964710704038421962e-02
7.577888490384995790e-02,-7.207685548594360003e-02,-2.350687396609171809e-01,-8.746736370523430226e-01,-3.068972829122694201e-01,1.315265400149889059e-03,2.372755919191538252e-03,2.730529282633391563e-01
9.919049871865125434e-01,-9.344813408314910086e-02,2.555043845185408363e-02,8.113729440683183081e-02,7.042021899800118834e-03,1.832281544604505430e-03,3.600322926458382651e-04,-1.013805853265831516e-02
1.709295807082247820e-02,3.896450971336925390e-02,-1.101720079849978634e-01,-2.417212364342865849e-01,-8.516300032814301535e-02,-7.139813740684891955e-03,3.370223001780509216e-03,-9.593265858466524243e-01
7.067084597112009746e-04,8.308559607938546593e-04,-5.972017543697532996e-04,-3.032298745039618652e-03,-8.978900420785323197e-04,-1.133274530592933392e-02,-9.999269580112020162e-01,-2.469833127506061536e-03
-5.531473394225585628e-03,1.346962775759051600e-01,-9.404995614180070018e-02,3.369931122844873617e-01,-9.102443831240689676e-01,-1.751830791494846939e-01,1.912010928377134295e-03,1.337757888485802821e-02
