2.671739606624588034e-03,-1.634983194598453940e-02,1.512546517189980802e-02,5.724889952911436930e-02,1.366443886640764382e-01,4.727994076445760432e-03,-9.886951130835843760e-01,2.694270239648458975e-03
-9.631594308295240991e-02,-9.661531934793391452e-01,-1.992512622220578011e-01,-1.098899013144419290e-01,-5.571876081837827399e-02,4.886172075344020344e-02,-1.164208047219671225e-03,-9.932206379473786876e-04
-1.446946527698745807e-02,-1.938309962035062450e-01,9.002914772613107575e-01,2.635271603545220609e-01,-2.710694969240621255e-01,9.352530989926380323e-02,-4.818095122509729461e-03,-3.763583762223411401e-05
-5.247731486902108139e-02,2.273416503371652325e-02,3.322463063846497477e-01,-8.325565106561554352e-01,3.649490627081438676e-01,2.447973716062595562e-01,7.955863659062516885e-03,-3.803989841650676478e-03
-9.937683550662401721e-01,9.552539060341606880e-02,-1.291379085825946835e-02,5.509429791751564720e-02,-6.861774637733995992e-03,-6.704827731444657456e-03,-2.253765712661013991e-03,-3.007252470333079313e-04
-1.257656433628478489e-02,-6.611867491417081077e-02,1.648661230227035368e-01,-1.797734224757204236e-01,8.832717878563332847e-02,-9.634143726271288122e-01,7.754893740270414094e-04,1.132972813408245809e-03
-5.793426796199103133e-04,-9.646003648559102689e-04,1.076277094170337810e-03,-2.373898983721004548e-03,2.523893254442680610e-03,2.110684911217965056e-03,2.977345860289424065e-03,9.999861251652949479e-01
4.337945913168402175e-03,-1.212257501514587832e-01,1.086694059218299840e-01,4.320768044263587626e-01,8.739005067538869742e-01,2.647222109519174402e-02,1.495980038137589285e-01,-1.912610597330828381e-03
