-1.589991255827082409e-03,2.924719745509494345e-02,-1.760417916505518238e-02,-5.637018592150442459e-02,-1.580838991235321567e-01,-1.272219822282909252e-02,9.851031191816016497e-01,8.604619276082262069e-03
1.054119784591087405e-01,9.588760683252575134e-01,1.964016661418158116e-01,1.539582040401814012e-01,7.070417220293470639e-02,-4.626207736905015022e-02,-5.218356397563236188e-03,-1.329030842906612922e-03
1.633092582198781423e-02,2.003020590020022362e-01,-8.870263449650190868e-01,-2.901001733859441822e-01,2.594205424439458008e-01,-1.460668316432260916e-01,1.358851158851656334e-03,1.468038188515413634e-03
5.878366710169768972e-02,-5.365508928025029822e-02,-3.473364081490431521e-01,8.287613271100252588e-01,-3.581474436365209568e-01,-2.399794792550236922e-01,-1.764561115504017369e-02,-2.566066528632289945e-03
9.923836737220655957e-01,-1.030307753442128993e-01,1.817643981796206870e-02,-6.414153438246678052e-02,9.603027849497658072e-03,3.758681968046041159e-03,2.904176256207652816e-03,6.317223676487492879e-05
1.836756241922628263e-02,5.273007471482121095e-02,-2.055724350246306564e-01,2.008809421367517278e-01,1.791738485274090714e-02,9.557349156599346252e-01,2.156752770240541808e-02,-7.319356049703918017e-03
3.556408492030419281e-04,1.563629601500802916e-03,-1.082228542857797959e-03,3.208109413227022266e-03,-3.058436009088868427e-03,6.918411364812947391e-03,-9.017138548783488333e-03,9.999237161719823908e-01
8.475666788295480297e-04,1.526540441751047805e-01,-1.051978188924684587e-01,-3.970368299332924789e-01,-8.797836022517419030e-01,7.267100510261451096e-02,-1.693413652571381378e-01,-3.799900482784970574e-03
