-3.500604807124182635e-03,2.832978107393894357e-02,-3.293061541232952111e-02,1.096222785403280255e-02,1.634690001110196966e-01,-1.578526159156009787e-02,-9.853958877640396352e-01,2.056525283229102084e-03
9.770886383190530156e-02,9.746434510133656914e-01,6.604385167930151845e-02,-1.498981807697193636e-01,-1.024760830542882223e-01,-5.595583634568734865e-02,7.694242817662138093e-03,-5.116550546443557378e-04
1.401597686946339655e-02,7.694519155316112413e-02,-9.495249777705763172e-01,2.358257452126193976e-01,-1.854832572714207317e-01,-4.716648632956894210e-02,6.504611876919994505e-03,7.058594603831532368e-04
6.618736819973738972e-02,-1.287708678227536818e-01,-2.548457221026498853e-01,-9.213429083380328954e-01,1.396163931472924058e-01,-2.127978894543380017e-01,2.089467075809736327e-02,-2.435736930002556713e-03
9.927489156033479922e-01,-8.745701344255044085e-02,2.389074997882335849e-02,7.747665416028053087e-02,1.328066253023348249e-02,5.982187299488532853e-03,-3.871419393940730806e-03,-5.577126610096973117e-04
1.451231674151456236e-02,3.366688104069509579e-02,-9.960534524560235581e-02,-1.973822627322414092e-01,2.595244329708725275e-02,9.741715796661161164e-01,-9.255833405931951016e-03,-2.341996303882249494e-03
7.701645001495416223e-04,4.481271124963805250e-04,-4.100434844029929413e-04,-2.498042992875595773e-03,2.606370873169527348e-03,1.783227253078688724e-03,2.486849797760045701e-03,9.999883200236886482e-01
-1.009447649277511391e-02,1.340995119337671793e-01,-1.323540625292165540e-01,1.671980810672402951e-01,9.529024419958319614e-01,-7.932062338651476793e-03,1.683745913175325737e-01,-2.577147065207158368e-03
