-2.970039663505650868e-03,2.557792139509434959e-02,-8.935127315490516697e-03,-5.451782621515228328e-02,-1.496325042031583230e-01,6.027005015359823865e-03,-9.868363024663956429e-01,3.580496756958868269e-03
1.022097144346331976e-01,9.607910287802887694e-01,1.873088159298575417e-01,1.468528053173753789e-01,8.677155050441592854e-02,4.743742521950818775e-02,1.917685812928730327e-03,-3.814821118623870199e-04
2.038034651612567055e-02,1.894237579179514352e-01,-9.378225413839941238e-01,-1.968503857250892553e-01,2.054743660148349860e-01,5.637644097441629060e-02,-6.593960374829120272e-03,7.677398714370907038e-04
7.010046626216789867e-02,-8.242749300210169827e-02,-2.472686829490996496e-01,8.891645068541055297e-01,-2.754359397250764063e-01,2.462243500193788126e-01,-5.973818900390547373e-03,-3.039286721121193125e-03
9.918508060381526770e-01,-9.643026941582025224e-02,1.858610009152142362e-02,-8.102045100500167296e-02,-1.039458761470931931e-03,-4.607292740740214637e-03,-1.047857137643226372e-03,-1.395661011942426132e-04
1.901295937519787912e-02,4.302486347188197446e-02,-1.123845186407500391e-01,2.118293552461718021e-01,-8.664524994145178516e-02,-9.658010610418843456e-01,-2.384765953834419930e-03,7.979781954827500729e-04
3.722891125713653012e-04,-2.011178937713203603e-04,1.870661435183839456e-04,2.990903688581263674e-03,-1.585926613147609434e-04,1.464437503150790637e-03,3.487946842790564349e-03,9.999882524068880452e-01
-9.233990652894494625e-03,1.496687712960237948e-01,-1.058626097308571906e-01,-3.076581395900863103e-01,-9.189600833354795162e-01,3.337021166327568122e-02,1.614073012706747634e-01,2.159314919981222998e-04
