-2.304221829537384057e-03,1.990624271526550415e-02,-2.231838437787099505e-02,-4.684333237929279997e-02,1.584907479303293287e-01,5.561948872654248061e-03,-9.857670096826045558e-01,4.378830862521722669e-03
9.012735495765308857e-02,9.765273998143665368e-01,1.290721386399844572e-01,8.714093058130112368e-02,-1.102325242047414028e-01,4.289470917875318895e-02,-5.040812934350423838e-03,-1.250312495730298342e-03
2.169333647830683914e-02,1.210971706676628734e-01,-9.399657221670800755e-01,-2.513078276299633984e-01,-1.864728760538452990e-01,5.801158092928890980e-02,5.967974769467769038e-03,7.730349261489854367e-04
6.153002216780491251e-02,-3.304985882166999733e-02,-2.786571757717989928e-01,9.089550940625470421e-01,2.272656854597411846e-01,1.990487381254314736e-01,-3.984754398022101625e-05,-1.576403466171102680e-03
9.936933398481219148e-01,-8.874371227439549481e-02,2.670426624606561314e-02,-6.259441883245073224e-02,5.976165046976911373e-03,-5.510939394821384209e-03,-8.170180917124108622e-04,-4.101807979655456974e-04
1.182934713100665045e-02,5.083846446506114225e-02,-1.117769146741775937e-01,1.613165654967477214e-01,7.681370539072897297e-02,-9.761109720740522855e-01,2.672611232324132238e-03,-7.634535319200062668e-03
6.966175464189944310e-04,1.427269060342095143e-03,-3.530895248761479772e-04,2.981770365582978727e-03,8.392612840572554736e-04,-7.126890678302349492e-03,4.430089782761775438e-03,9.999586688331527640e-01
-6.952236079066691221e-03,1.406382876976649821e-01,-9.192154875454930374e-02,-2.662840337901079546e-01,9.329366987596916516e-01,4.764002677225465804e-02,1.678539199746500454e-01,-6.214303316280549508e-04
