-1.506215270749033854e-03,2.188160889764642972e-02,-2.190610933459547632e-02,3.396355832291647614e-02,-1.850522493900632059e-01,-7.099490801998500564e-03,9.815771135157138616e-01,9.856877581942596542e-03
1.064223547795887653e-01,9.747735514286791636e-01,1.244116841777574839e-01,-1.032801197063889370e-01,6.659442672545605457e-02,8.892053341878983219e-02,-2.018894612676204285e-03,2.611405435237962322e-05
1.654731232859952758e-02,1.297176075906063264e-01,-9.300254840645295618e-01,2.833442964258051644e-01,1.881136653742962739e-01,4.769445364589293412e-02,2.373235404708796004e-03,9.965709974309436194e-04
6.275487978109180187e-02,-7.051748725552538233e-02,-3.073825336069322400e-01,-8.785392908124326494e-01,-2.225369565732441268e-01,2.739121856933297017e-01,-1.474163870146863280e-02,-2.429642610604006246e-03
9.921223138002067676e-01,-1.027827215673030453e-01,2.269333767160258003e-02,6.591149952673835966e-02,6.243571625752336292e-04,-1.627887905201167232e-02,2.043316891305218316e-03,-3.826139394770614304e-04
1.205468014743111063e-02,7.066793565879192496e-02,-1.158236991559163515e-01,-2.672042457250363712e-01,2.183416256447707690e-02,-9.537111320495494926e-01,2.328619687854710345e-03,-6.425082459681178033e-04
5.270567986010129321e-04,-2.066403789117188282e-04,1.627353442558455095e-05,-2.157264700616770645e-03,-1.705211011107432128e-03,-1.440201747532844005e-04,-1.028340264458774828e-02,9.999431726846853552e-01
-2.783270465484668187e-03,1.094534477118181831e-01,-1.033456100283408063e-01,2.455958657365707731e-01,-9.359120530060504040e-01,-7.007241644726482088e-02,-1.901683468542853805e-01,-3.006186360691609060e-03
