-8.384409102095025795e-04,1.978508414622019013e-02,-2.089572917022613704e-02,-6.404006763935274349e-02,1.480292363625572982e-01,1.531004619618594152e-02,-9.863681013445243506e-01,-1.001008863274738649e-03
9.379045954465982382e-02,9.671293755620122834e-01,1.959279151506415073e-01,7.364131097747372845e-02,-9.006776973567211242e-02,-6.264132093163828074e-02,-4.102181920604712137e-03,6.032213079528851198e-04
2.148705346573867581e-02,1.782622773982452946e-01,-9.239624670813717522e-01,-2.436898353068285838e-01,-2.220706356815434768e-01,-7.303331525288210557e-02,4.492129081268915296e-03,-2.810527969250305289e-04
5.746215807141208387e-02,-1.680003174432511846e-03,-2.867997833479639103e-01,8.908345737610957604e-01,2.850146707192690587e-01,-1.986587012020272214e-01,-1.215724518190877679e-02,2.912686673492232738e-03
9.936406764172350803e-01,-9.643530618505789798e-02,1.971190037036102058e-02,-5.320986019774560233e-02,-8.076305906724916273e-03,9.627509094863831440e-03,-8.046852062097233126e-04,1.627417187585296289e-04
9.317363796706806811e-03,7.011872219413109453e-02,-1.102408152907519145e-01,1.830879468497420837e-01,-5.347673886124052443e-03,9.742860853361609008e-01,6.162109890127758643e-03,4.729968093680039613e-03
4.358402405028870838e-04,1.102479208163300141e-03,-1.186251856974098601e-03,2.975293400693219004e-03,2.547010196129003388e-03,4.083528730331583735e-03,1.314152777286939312e-03,-9.999817226095882861e-01
5.500598389449271215e-03,1.351718923257941574e-01,-1.125693594988647767e-01,-3.180306833303127023e-01,9.161474230087159887e-01,4.122841834685006535e-02,1.638682910306063223e-01,2.055902406039570966e-03
