-3.215979908545295741e-03,1.567362146269180717e-02,-1.382992693169789872e-02,-5.308628562903954656e-02,-1.461772035304820250e-01,-2.087025495050043311e-02,9.873082538021584753e-01,-1.239532424294149948e-02
1.009901217895228243e-01,9.753843105809846259e-01,1.335852129419498879e-01,8.098572760090805289e-02,1.091406160983789259e-01,4.520914119359940864e-02,8.189575429834309792e-03,3.675677926075592429e-04
2.901290274256962745e-02,1.191181266932639093e-01,-9.379132064814794667e-01,-2.367736758794929952e-01,2.199160913792918559e-01,2.884796838829988344e-02,5.493778897903934741e-03,-8.323169013953415516e-04
6.091205563975092552e-02,-3.503762573093393423e-02,-2.690285947838537139e-01,9.080771566705777564e-01,-1.916449470121294463e-01,2.466157343244314570e-01,2.270576044889979425e-02,4.349861303676007089e-03
9.925092432017645905e-01,-1.001260119941799476e-01,3.046239524107624899e-02,-6.122924963221769434e-02,-1.145258578409307816e-02,-9.590416837520036875e-03,6.173731535597602846e-05,2.524264215209327269e-04
1.122929163590487625e-02,4.358150623729808992e-02,-9.300052780626003046e-02,2.256063151483954921e-01,-5.149061109009791387e-02,-9.671839075599160118e-01,-1.785127420940055970e-02,3.547626271904040420e-03
5.902702677424633438e-04,4.668808170740589404e-04,-9.089801874121112082e-04,4.931611555403276996e-03,-2.096065855379620688e-03,-2.056730470177090941e-03,-1.266031058087522219e-02,-9.999026849996442978e-01
-6.130454777788176338e-03,1.450456376367807998e-01,-1.425772575115855922e-01,-2.351291366648556591e-01,-9.374661806589097424e-01,1.811416672427399940e-02,-1.553404467544431955e-01,2.928812947819730509e-03
