-3.372301148647941470e-03,1.971224416506187765e-02,-1.380578220895341442e-02,-5.955611777892788616e-02,-1.508812119242610716e-01,-3.991704312095593898e-02,9.856068841764329402e-01,-9.115023225946899954e-03
9.431782958233758674e-02,9.626632196730802171e-01,2.027411828279982453e-01,1.327518712067375095e-01,6.072995195422178916e-02,4.425829593132696999e-02,3.026935543117306032e-03,7.347286994385985410e-04
2.814606969704610759e-02,1.902698606347140164e-01,-9.199283050383794125e-01,-1.623721929140157227e-01,2.699130304762235588e-01,1.308084672929883951e-01,2.020784271333548807e-02,-3.277325679909712719e-04
7.659796620336312145e-02,-6.517518515475954899e-02,-2.403558211872824368e-01,8.789318230440738011e-01,-3.479767304056385346e-01,1.961034002236345108e-01,6.013850314580962246e-03,3.515906239016549674e-03
9.918724733265126270e-01,-9.140869498167404628e-02,2.706274627079734152e-02,-8.418453737401100645e-02,3.273664834506280832e-03,-1.539029715344325359e-03,9.513497330158394213e-04,-1.673620981968877426e-04
2.294478565091860600e-02,4.475875571977861594e-02,-1.500447958101873147e-01,1.925022051693578706e-01,4.105355672591488869e-02,-9.672709782952476631e-01,-2.413624226277190712e-02,4.307283413416541744e-03
2.778454265299274057e-04,6.738447631942553464e-04,-1.193549813475510172e-03,4.057962877402818830e-03,-1.078608490050026597e-03,-3.235273565644970848e-03,-9.327777180495927870e-03,-9.999414679334155398e-01
-9.786787647441298407e-03,1.485973704145690244e-01,-1.772544736448392888e-01,-3.684881660844354090e-01,-8.819912749577943911e-01,-7.248760690744601720e-02,-1.656952429567535856e-01,1.545162354412249212e-03
