-8.173954144620241115e-04,2.198733867578785139e-02,-1.727704780990230865e-02,3.017720357254135080e-02,-1.787600405310202367e-01,-4.293738288405644227e-02,-9.820913440612556444e-01,2.133022873238201410e-03
1.181984289073038513e-01,9.840736237785204787e-01,3.563671994719119773e-02,-9.369869737293455569e-02,7.672741314994553641e-02,-4.065008033303738749e-02,6.237274995726654024e-03,-6.197823324581048111e-04
1.789706229419333813e-02,3.921238646894056878e-02,-9.408160935020440929e-01,2.631935095618367915e-01,2.034125839698113780e-01,-4.764933553299405267e-02,-9.440020144195085047e-03,2.935411225260240223e-04
5.541466902382523319e-02,-7.044054523847800842e-02,-2.926442921940583530e-01,-8.839420935428382586e-01,-2.560865359011604836e-01,-2.413853869858713641e-01,3.352713364793817596e-02,-1.322853735837235681e-03
9.912215407365274622e-01,-1.143769519538007789e-01,3.035496762728715284e-02,5.822956074466745235e-02,1.779063380814819347e-03,8.618077995644469677e-03,-2.832056428765686914e-03,-4.553669120450657358e-04
1.078750345348604422e-02,3.203213474202153827e-02,-1.235065432998738305e-01,-1.977867704590720865e-01,-9.731450379457752542e-02,9.665558048573067440e-01,-2.774965990289857826e-02,-3.717409007549388276e-03
6.335373420939611122e-04,6.757685509506263606e-04,-6.545850282924484164e-04,-1.620263821389981681e-03,-1.680333759807861810e-03,3.298465214633050039e-03,2.309868877231422996e-03,9.999885246053302756e-01
-6.771014556250596478e-04,1.025064719799495538e-01,-1.071457207968411623e-01,3.117250851548312718e-01,-9.196328928201139563e-01,-4.063634885744294573e-02,1.829237709731628692e-01,-1.467700169154390532e-03
