-1.615525329386424420e-03,2.235803040874238812e-02,-2.400788641019761110e-02,-6.392001680770260930e-02,1.767041301082442339e-01,4.163625011198398770e-03,9.816266901664906230e-01,-1.648386424140437564e-03
9.483978060299645685e-02,9.767282065394488066e-01,1.228264920102589003e-01,1.228722684404920384e-01,-6.353680673769809828e-02,-5.275896525467155956e-02,5.729916700515988578e-04,-1.650008947469975206e-03
1.622591554846225526e-02,1.253344356341516419e-01,-9.323018595105206918e-01,-2.343100431091567348e-01,-2.257023664262408913e-01,-9.486018104051535671e-02,1.446257285552631617e-04,1.108433490148403531e-04
6.548676754363040586e-02,-7.415798347168299498e-02,-2.799339126082551199e-01,8.790090274732200726e-01,3.003297497499211044e-01,-2.213285606389197857e-01,-9.401521844973883754e-04,-2.652683743464522015e-03
9.931049819491014619e-01,-9.010972380761063383e-02,2.279775998836565398e-02,-7.068373207275845116e-02,-3.515149335088951776e-03,9.709809109725624221e-03,2.327158857207899622e-04,-3.373996018368676680e-04
1.221208319614740939e-02,4.174583687294399631e-02,-1.407446281928105836e-01,2.066161082617834488e-01,-1.552836531680324567e-02,9.671128747520962854e-01,7.774320737970985030e-03,-2.942444313754258555e-05
6.625269920328356313e-04,1.384228815870515612e-03,-4.464751466744458063e-04,2.503486401166302514e-03,8.217342804143458945e-04,-6.376334364365164554e-04,1.655672885925806850e-03,9.999936775340234618e-01
-6.627966826718231091e-03,1.201233051819449449e-01,-1.282908181046162055e-01,-3.249090592784696363e-01,9.073836267783996767e-01,6.174439755861810958e-02,-1.906425255767193738e-01,2.036248248220030844e-04
