-1.672175249100978263e-03,2.464987770648691123e-02,-2.188416981809085393e-02,-4.704458214473636324e-02,1.397777963115846012e-01,4.141098236474079208e-02,-9.876438864987111543e-01,-2.080726021250552289e-03
9.354300927717938696e-02,9.627178871647824598e-01,1.965873036846428057e-01,1.305477629495894187e-01,-8.319883692403240438e-02,-4.256126574804267038e-02,-2.665970943170050886e-04,1.053511085701173185e-03
1.280824817237514318e-02,2.037118058466313719e-01,-8.943275615670351897e-01,-3.269579792275661978e-01,-2.078445980199593035e-01,-9.144665756193839923e-02,7.204596827692279909e-03,-6.058528441178577919e-04
5.779282523422228646e-02,-4.275470342222830594e-02,-3.586362657974688228e-01,8.803160142589540049e-01,2.133824604257778257e-01,-2.133499500107551294e-01,-1.390414019703994399e-02,3.488248734351780123e-03
9.937459708627811583e-01,-9.026852094974091578e-02,1.498592719839318167e-02,-6.349152598950312532e-02,5.622136552439664127e-03,5.751422384688131134e-03,-2.068811994993948280e-04,2.399049220265740267e-04
1.231430831843324109e-02,4.933136281665138900e-02,-1.521033182426543839e-01,1.747757016401988994e-01,2.839773505437401865e-03,9.707330261318257714e-01,3.735388421985653268e-02,2.612306665794779988e-03
5.579570112630037517e-04,9.474767856726875465e-04,-9.547997905285066870e-04,3.667447340476187069e-03,1.532581284475034765e-03,1.734230351745344456e-03,2.265512514447739958e-03,-9.999869700410197737e-01
-7.735584277106997281e-03,1.365917340542723568e-01,-9.524624685897781218e-02,-2.535648118569407417e-01,9.406203529112893147e-01,1.530628665802115027e-02,1.513729270528500204e-01,1.097180207676957345e-03
