-2.493589672148076829e-03,1.927120791574141526e-02,-2.625370949507317350e-02,-4.635697049281908844e-02,-1.574494106743305200e-01,2.227603032378166342e-02,-9.856452091998081366e-01,-1.076899844475584598e-03
9.912611781465348326e-02,9.689557829114554544e-01,1.120961748116756640e-01,1.740317105332695180e-01,7.116857784483691940e-02,-5.791682237369172315e-02,-5.154861474142337537e-03,4.663343853070000080e-04
1.975746587296565993e-02,1.354398025354759394e-01,-9.211462726932310163e-01,-2.825179053686177610e-01,2.223191107812706735e-01,-5.916330951093728280e-02,3.570071998547649263e-03,2.241784736999223398e-04
6.566037505145053133e-02,-1.208936114687703539e-01,-3.278982314727754144e-01,8.699732625646025008e-01,-2.478106477771717386e-01,-2.351396390622143839e-01,-4.423920349653192165e-04,1.326406085609428643e-03
9.925783024287204714e-01,-9.097209853553610281e-02,2.977568171549920678e-02,-7.446730343593845058e-02,-1.713033837792671482e-03,8.713193542975334119e-03,-1.110621029285262153e-03,5.767385888933320272e-04
1.383507854106540494e-02,4.385123907501548013e-02,-1.344025301530140937e-01,1.917328827894242693e-01,-8.434162818696136488e-02,9.669543659506218969e-01,3.070944858744698372e-02,1.671726751394186786e-03
7.345870478457118546e-04,3.460239743081177364e-04,-7.880776457748963227e-04,1.445255752726753431e-03,-3.856097974286106390e-04,1.236696160918790898e-03,1.140053193110966917e-03,-9.999968264875233048e-01
-7.906769205884825805e-03,1.326466444737353645e-01,-1.084722638797681604e-01,-2.976326329495272982e-01,-9.231425778342478017e-01,-4.775225773167036947e-02,1.658867216716357618e-01,1.814580514514820551e-04
