-1.999046787452850738e-03,2.351917020010603834e-02,-1.008800166240294595e-02,4.466229640215534785e-02,-1.684400016033485437e-01,9.842729372329260817e-01,-1.235577945409818516e-02,5.333812182577803845e-03
1.000273529761458863e-01,9.756854574831690385e-01,1.297309813935843548e-01,-9.970421863129773354e-02,9.537875088921833611e-02,-1.177935369416893306e-03,6.984519539494216242e-04,4.650135996044785225e-02
1.967153147807942579e-02,1.194673445936631079e-01,-9.220099201820172174e-01,2.613163787615221390e-01,2.448639476985515484e-01,1.732075163750183486e-02,-1.419683435712198885e-03,8.180259703148533290e-02
6.088210102692957065e-02,-4.512259812444077006e-02,-3.003991740517382714e-01,-8.924032162051692696e-01,-2.371253787130716550e-01,-3.155919364224920708e-03,2.826711019040052501e-03,2.266886885063138513e-01
9.927754265751593810e-01,-9.783966698633850267e-02,2.508311122745313787e-02,6.442734810624164976e-02,-4.925770636666115983e-03,8.724118995697741595e-04,3.031140118860083978e-04,-4.380650941285444376e-03
1.621157033960066510e-02,4.649025459550413381e-02,-1.415594010548216763e-01,-1.922935329020411532e-01,-2.839589127695031287e-02,6.660769568523211559e-03,5.614223955737833276e-03,-9.693697758794309616e-01
6.033764317617679174e-04,1.013666876610701869e-03,-8.455062240340811006e-04,-3.159238296641803979e-03,-3.571764489826347293e-03,-1.302446214910262488e-02,-9.998904178662788578e-01,-4.966980200205244923e-03
-5.541336020936237124e-03,1.394319535626884210e-01,-1.485166880437237547e-01,2.868046917298894272e-01,-9.195111278646883601e-01,-1.751589725557084753e-01,4.937808539821580793e-03,-2.850299651718984049e-03
