-7.761207346090948436e-04,-2.213253788651368958e-02,7.681815548367173542e-03,4.910185110550411430e-02,1.292471204268863527e-01,-2.487648623374089443e-02,9.897520305043300270e-01,-1.033473452866414018e-02
9.564442446257084840e-02,-9.569706548880769770e-01,-2.183680968248014609e-01,-1.299454325345468231e-01,-7.697588242436495531e-02,6.753525921231610940e-02,-1.426019783892029788e-03,7.330487867613219230e-04
1.463839958680997547e-02,-2.162328886093979052e-01,8.729796811100962728e-01,3.440995460946980611e-01,-2.336327598831528518e-01,1.338620842087148155e-01,5.194377128422009160e-03,-8.533782504282610417e-04
5.287784786141892096e-02,1.603955438812563680e-02,3.934790969384973636e-01,-8.397362400881609457e-01,3.242106341890284571e-01,1.784607585887051928e-01,1.167915604931922752e-03,1.330996420142528495e-03
9.938179910757890534e-01,9.482593675036878056e-02,-1.457821284108870227e-02,5.546897461337914337e-02,-1.914485108675870444e-03,-6.369092453311924265e-03,3.551177370940429828e-04,3.926813991628846879e-04
1.237356415049517024e-02,-7.712030938343379660e-02,1.690925026221163641e-01,-1.591750020110025698e-01,-8.404031006194465081e-02,-9.658321613321164678e-01,-8.407616206310039933e-03,2.274091809075329089e-03
5.467439342968270040e-04,-7.133262216512339547e-04,8.696084658988099687e-05,-1.604672213041040017e-03,9.281453630628577842e-04,-1.999683783636546641e-03,-1.054916862801432570e-02,-9.999402304907427652e-01
-3.686294111658586573e-03,-1.475241600354771920e-01,8.082223917669732749e-02,3.587836100753068469e-01,9.003364888485432260e-01,-1.103472759684156063e-01,-1.420508356958776475e-01,2.089461574737170538e-03
