-1.853726058957046695e-03,-2.416162371130993469e-02,2.764648140106518159e-02,5.893115191974367811e-02,1.491705679041393506e-01,1.867386407886968691e-02,9.861711042973272390e-01,-6.446127472687190885e-03
1.141860469158023222e-01,-9.682262451953385085e-01,-1.238117822944595214e-01,-1.676300279241200730e-01,-4.485062387256877336e-02,6.355331487269061386e-02,-4.438248934962224501e-03,2.759039040451823812e-05
1.339354098317484601e-02,-1.432814593181195584e-01,9.110606213557634891e-01,2.672470246591894250e-01,-2.656849460978543687e-01,8.490241135326456745e-02,-6.420209581040573800e-03,-6.923680981783319555e-04
5.979780183382985004e-02,1.096059880351229199e-01,3.349771626579470252e-01,-8.327810757953452159e-01,3.367479105796531424e-01,2.551836715856445337e-01,-1.259412040761749389e-02,5.071340426678421463e-04
9.915032569459716338e-01,1.072133587031463553e-01,-1.988637368186031013e-02,6.875589354544038578e-02,-1.112195870222661663e-02,-1.308751475951693694e-02,2.874137725876785461e-03,7.104576359258702898e-04
1.109706893248859315e-02,-4.614680544526435918e-02,1.587277367668658290e-01,-2.190213828932568996e-01,4.203717685945622395e-02,-9.604309077131574224e-01,1.937931651618634774e-02,3.500883750029983206e-03
7.788445582825411807e-04,9.036817594061827502e-05,8.075774872691274755e-06,-1.375824975232847053e-03,2.956390147742248052e-04,-3.442081782457326409e-03,-6.430211154889427586e-03,-9.999721042760371104e-01
-6.973327803452844271e-04,-1.256457908306668758e-01,1.267880002252855243e-01,3.883070546918507282e-01,8.887395612554342961e-01,-2.597071064160810100e-02,-1.637738008464018624e-01,8.601473864416196062e-04
