-2.289356080866211066e-03,2.902866954096612606e-02,-1.998480226013684899e-02,-5.193780462373891182e-02,1.524374970387641914e-01,1.960251163687770290e-02,-9.861204021832004063e-01,-5.203412627764336532e-04
1.024204658912300225e-01,9.583556127165571148e-01,1.843152594603794658e-01,1.505901133696056771e-01,-1.126662552527836481e-01,-4.143903232710353240e-02,-1.933571079826405066e-03,6.733919110237675644e-04
4.816589350344429275e-03,1.873640024443521401e-01,-8.947377607567449376e-01,-3.093231003725632755e-01,-2.436861211762449408e-01,-9.618679213857593557e-02,3.472332410660174768e-04,-3.806576097061815499e-04
5.651878287734936335e-02,-6.169485218522327563e-02,-3.526843988282981068e-01,8.842540712744405562e-01,2.081928594015590717e-01,-2.077914588706098464e-01,-1.332147523310990046e-02,2.967467917956642665e-03
9.930242122991655984e-01,-9.619319607102483349e-02,7.009263979052088485e-03,-6.758992133898111820e-02,4.328386426938800324e-03,3.538253556671692567e-03,-9.798922402651517437e-04,2.030099273750519755e-04
1.336206810095378304e-02,4.541292971880621365e-02,-1.552447457451629487e-01,1.668668561681453111e-01,9.599609700437392382e-03,9.723402288076887778e-01,1.647472725538539490e-02,2.133653948246715636e-03
4.629741204947980613e-04,6.176209980268310314e-04,-1.022381246045121067e-03,2.973153058483205338e-03,1.450590839131568784e-03,1.460116018543166803e-03,6.621560044224680417e-04,-9.999924223180897132e-01
-3.374795268238951762e-03,1.745980673132691008e-01,-1.285902056199588750e-01,-2.541992415872210143e-01,9.280242132697327229e-01,3.031013201236666156e-03,1.646584833833227846e-01,9.416137436678926730e-04
