-1.474021929575847559e-03,1.918033867040274190e-02,-1.923725051323895222e-02,-5.970382519450245090e-02,-1.203720995843338276e-01,1.099748130645544775e-02,-9.904970362106950699e-01,-7.467409694029890571e-04
9.028445221822900546e-02,9.662052482175950141e-01,1.844920394458777202e-01,1.354243848418833218e-01,5.990678630112086095e-02,-4.825874818982969772e-02,-9.870662203477740832e-04,5.960320683967529169e-04
1.888660307426087356e-02,1.848134236647671347e-01,-9.181838674301049386e-01,-2.267515468899008180e-01,2.428717110843501559e-01,-1.095620747486265034e-01,4.319743947085440475e-03,-4.896689942528801827e-04
6.236209988497201651e-02,-6.186794175548878533e-02,-2.910856587077351176e-01,8.736246826435487556e-01,-3.284141926753064156e-01,-1.906781160155265609e-01,-1.050462994507753503e-02,2.829544739746339514e-03
9.936583778428926816e-01,-8.826019465403762976e-02,2.128076432080169833e-02,-6.537526503507398723e-02,1.074594773484802493e-02,3.150325457876169098e-03,-9.317238440216808575e-04,3.192510712565454199e-04
1.560185488499192703e-02,5.315777845840397031e-02,-1.477248709933251802e-01,1.626647045807156911e-01,-9.027518005357514780e-03,9.739187884804445527e-01,5.978098306045993501e-03,3.653599769858936579e-03
5.966994905897149166e-04,6.406675087239576370e-04,-9.509688079156186895e-04,2.789618246636067257e-03,-2.171668086502525057e-03,3.070962041483537523e-03,9.137480725022994457e-04,-9.999877825741407822e-01
2.527563136041412217e-04,1.322114492608446878e-01,-1.245942521861468366e-01,-3.643045782606060823e-01,-9.027056535686384109e-01,2.551459511814588993e-02,1.369240622236865546e-01,1.350930963319087446e-03
