-3.696927665232235642e-03,1.466885945668787786e-02,-1.524232413046287989e-02,-3.533919289720103413e-02,1.501065883519260569e-01,4.275285684211140198e-03,-9.877845932099945658e-01,4.615384185633207743e-03
8.546815951632601160e-02,9.795430502529161032e-01,1.288647165069758405e-01,8.995585751235807281e-02,-8.133343907809024997e-02,4.318921205392385609e-02,-3.159542398604954158e-03,-1.419820629857224559e-03
1.473160822782183452e-02,1.253572011304411316e-01,-9.218360601413365663e-01,-2.875813839519091863e-01,-2.159342643270416306e-01,7.012452688103702758e-02,-6.187693277924346917e-03,6.590465201352598869e-04
5.708235809640049147e-02,-4.386310386323036964e-02,-3.085287169337924129e-01,9.043705198385000310e-01,1.666157402191110748e-01,2.323170389891091314e-01,-2.144672462748125653e-03,-2.239436193665725848e-03
9.943935869469409106e-01,-8.290170358313099508e-02,2.096081850344225575e-02,-6.116107796206920327e-02,1.107066681248881565e-02,-2.012243931056748990e-03,-1.415587535497776165e-03,-2.360817933140787811e-04
1.611539539560096976e-02,4.627748678518904535e-02,-1.395182690944766768e-01,1.928173504725975707e-01,5.222492680544960075e-02,-9.686126908371092137e-01,-3.936074826194927920e-04,-4.082577165079035938e-03
5.364246836636077940e-04,1.525340812246630878e-03,-6.423211631113805815e-04,2.872581625701417680e-03,1.653792248700353780e-03,-3.381412786756363056e-03,4.836811333483803828e-03,9.999755784803847636e-01
-1.129207981308775338e-02,1.167270859867004379e-01,-1.352211135327433256e-01,-2.216811579047378022e-01,9.453103906916201504e-01,3.165011991675764635e-02,1.555736930908510063e-01,-1.830899591605544916e-03
