-2.371381754150885500e-03,1.535439374701705155e-02,-3.408340607509570408e-02,-5.702683718916855271e-02,-1.290243033044939647e-01,-5.060938815991305323e-02,9.879118274480007678e-01,-1.290428560510999655e-02
9.566263723805819297e-02,9.703075498645949981e-01,1.319415221022144369e-01,1.674868659475203247e-01,4.372941613075209677e-02,4.388067003246915593e-02,7.324439286550594314e-03,-2.838033768315812995e-04
9.709922734068829331e-03,1.516018961724033554e-01,-9.101223069839273760e-01,-2.552256433080559717e-01,2.831816182175413421e-01,5.651647088511252415e-02,-8.590058040001683631e-03,-3.321609997432758673e-04
6.381262919012709034e-02,-1.109989115810742777e-01,-3.277426123327003560e-01,8.712608693520440539e-01,-2.555305041472075711e-01,2.267818116442130438e-01,1.913645619676641180e-02,2.105939883114937329e-03
9.931621566815567181e-01,-8.734263756056268035e-02,1.789559650062597790e-02,-7.519460723725202023e-02,3.225809684196971269e-03,-3.852989978748607575e-03,2.504789453306173301e-04,6.314652234315851903e-04
1.592644302264549852e-02,2.742054416251681406e-02,-1.235582714825777390e-01,1.968146606289017386e-01,-4.283869037001843821e-02,-9.699465218087974794e-01,-4.854987515017370608e-02,1.818279831470036171e-03
7.643236082957423566e-04,-3.171440379476262676e-04,-8.394974201499848200e-04,1.750691328602200971e-03,-2.427324400050509881e-03,-6.341714727829137269e-04,-1.333159745268260032e-02,-9.999057555515890039e-01
-7.169163081195863499e-03,1.207596158267806447e-01,-1.735059623916936078e-01,-3.163339273505516025e-01,-9.132914916559454754e-01,8.807506992576740953e-03,-1.449196195038755242e-01,3.691704196695408738e-03
