-2.327745719020381850e-03,1.799750050793445105e-02,-1.128656940618628403e-02,-3.052106143670564251e-02,-1.538467514378422385e-01,3.168897547108789903e-02,-9.868788739059140003e-01,-2.970501466565702697e-03
1.033730268606313091e-01,9.792988034352140270e-01,1.184710827917987291e-01,5.734992776084478494e-02,1.000829607834197998e-01,-5.420832647436617246e-02,-2.857108853781183903e-03,3.930224736059089179e-04
2.172210062415181470e-02,1.013976667302214779e-01,-9.343781433708427953e-01,-2.631674761776900406e-01,2.055273630391224737e-01,-6.709138290715509212e-02,-1.357037812826809332e-02,-3.498835617084511255e-04
6.040454206905730011e-02,-2.100987168757511084e-02,-2.812818759721053552e-01,9.210413162618010796e-01,-1.627469351122681762e-01,-2.047611541960923931e-01,-7.007326509215171251e-03,3.237096921746590149e-03
9.923997569410918373e-01,-1.031519507214778975e-01,2.641721438380124215e-02,-6.066931938639858607e-02,-1.074825435551102389e-02,2.728822745557983511e-03,-8.848106694690536329e-04,8.729157478705199479e-05
1.738401681659845419e-02,5.329720041898342031e-02,-1.127418729296747746e-01,1.852395170801607038e-01,1.616770443495680123e-02,9.741221610423049793e-01,2.523677588265926808e-02,4.530080535578877819e-03
3.868861230542769143e-04,7.967425169104014413e-04,-1.385166486664621754e-03,3.494851369198631076e-03,-2.514518964488937375e-03,3.727456191638390138e-03,3.442983342952613945e-03,-9.999765057133180868e-01
-5.330033878929839146e-03,1.282399732157554206e-01,-1.422838343592184585e-01,-2.004957975285366067e-01,-9.472081469996894709e-01,2.633547435235301243e-02,1.586793480534551826e-01,2.622825058828681145e-03
