-3.202281944750539917e-04,2.222328645646743858e-02,-2.586415862396147097e-02,4.268935819632690282e-02,-1.560074442949021811e-01,9.862223584567079149e-01,6.427960795625134276e-03,-7.108537894517952824e-04
9.195949825315319348e-02,9.665775932513506197e-01,1.483630706800455057e-01,-1.486103581761945014e-01,1.026776067773551016e-01,4.846737278794747104e-03,7.926385456505314004e-04,5.106620736795317028e-02
1.831283966362497184e-02,1.422577723828064300e-01,-9.179903427186073550e-01,2.383184929064385560e-01,2.508843921358959173e-01,2.183507296981299257e-03,1.049611639762043462e-03,1.302940716541100830e-01
7.455751152801787240e-02,-9.092977130804071051e-02,-2.736842432464415276e-01,-8.949106037168305106e-01,-2.298152652145588892e-01,-2.563044462097597599e-03,2.270157259652099812e-03,2.399544156332252820e-01
9.926120154184289168e-01,-8.615580177405675333e-02,2.721314059609579797e-02,8.066945417505383409e-02,2.743531035822655180e-03,-8.645089983395451449e-05,1.962684595776537230e-04,-6.547965487021879631e-03
1.923634861902612236e-02,4.707175927845921870e-02,-1.837492496390374652e-01,-2.020813565253483379e-01,-9.614658750055309414e-03,6.596251099149176090e-04,1.469696943610311786e-04,-9.605834959044148302e-01
4.569391845824343087e-04,8.503330279135903761e-04,-1.663317921612240393e-03,-1.625107005429024618e-03,-1.227838390110932466e-03,6.331498846051155857e-03,-9.999758672134144710e-01,5.745146348399645959e-04
-5.535869300322248526e-04,1.645876328370119157e-01,-1.587545332912990437e-01,2.666173493392836047e-01,-9.215527526058804320e-01,-1.651971593585289944e-01,5.113656558076920945e-05,-8.556397537645168277e-03
