-1.766892662047733851e-03,1.427347744517163536e-02,-2.438458000302192938e-02,-5.375949469801626079e-02,-1.518793318021041117e-01,-4.067870661971630629e-03,9.865028699996858386e-01,6.055031117876219851e-03
1.174033397637668508e-01,9.786278784063136005e-01,1.250822446771050755e-01,6.547142920462772908e-02,8.065904372540712297e-02,-4.517216685621438382e-02,4.948225701386083433e-03,-9.820956860301273406e-04
1.773250584518688833e-02,1.114546628483824159e-01,-9.103740228614951580e-01,-3.051300819211888449e-01,2.489902803998777781e-01,-5.809571645141895641e-02,-2.618887921600226987e-03,2.395704325890874473e-04
5.951877294505946575e-02,-1.210806222777395524e-02,-3.446549406353030531e-01,8.716284349094324257e-01,-2.465204964566322376e-01,-2.387732526430366709e-01,3.336653299413173479e-04,-1.619001452274729724e-03
9.910364744275627080e-01,-1.176637289792521746e-01,2.377108440163772790e-02,-5.819992297666846948e-02,-6.884047535842116247e-04,6.948756197524189222e-03,8.190319897407114923e-04,-4.773065747092997222e-04
1.416938307228730355e-02,4.497737531521397991e-02,-1.278528912299476128e-01,2.138349560589132281e-01,-7.496334274375041030e-04,9.672253138864445043e-01,1.177923536033850631e-02,-6.355620020907542383e-03
7.796290694339671470e-04,1.199950111760371332e-03,-1.039267767832719033e-03,2.839498268465732046e-03,-5.828525211455224840e-04,5.812074446587781919e-03,-6.090305828272870280e-03,9.999587980106067198e-01
-1.317164473670812651e-03,1.168154061680308636e-01,-1.388503813184777946e-01,-3.014336262499514585e-01,-9.206828426561305401e-01,4.413928043428125975e-02,-1.631076933014996566e-01,-1.214117085145164374e-03
