-5.847439389274697178e-04,2.571581190572324108e-02,-1.202986001739593698e-02,-5.844148497116685020e-02,-1.821899952678545376e-01,4.406731073813227768e-03,-9.810879308835486201e-01,5.664681373477552240e-03
-1.000085146819662263e-01,9.561608710488387342e-01,1.964100737075111791e-01,1.625132000605459814e-01,8.466389442620948780e-02,5.994230462794988834e-02,-2.423070391189537619e-03,-5.497680251657870555e-04
-2.841094825246534908e-02,1.948475422642161892e-01,-9.261461636850798484e-01,-1.986112071437301230e-01,2.403506353958950181e-01,7.752577370441704474e-02,-1.597050405137910231e-02,6.282180947281919194e-04
-7.298567124836945197e-02,-8.913338684441939053e-02,-2.652753135021915787e-01,8.757770579330892424e-01,-3.091586200818294272e-01,2.318181855634319222e-01,7.239210234764714876e-03,-8.685003152543391497e-04
-9.917233587996335809e-01,-9.563145936443612216e-02,2.790262965924570834e-02,-8.050991549325027530e-02,3.910555232269553004e-03,-7.761619578643022370e-03,1.773798181267354250e-03,-5.646376483472024177e-04
-1.792283234878690179e-02,5.688238864725409655e-02,-1.278072271341051391e-01,1.990766244744433811e-01,-6.416425547485923864e-02,-9.676518742100144177e-01,-1.237334696644968582e-03,-2.871216220454132165e-03
-7.009855029985691179e-04,5.313077463962142177e-04,-1.074430041686527085e-05,1.325411436075300299e-03,-8.457094808132863649e-04,-2.600227637736645704e-03,5.854643823407772174e-03,9.999778578738106605e-01
5.188948693957850036e-03,1.637177323019178843e-01,-1.266783832658335829e-01,-3.429680454722783267e-01,-8.956328996588847069e-01,1.484690224718615559e-02,1.926504171513782337e-01,-1.476906608229617548e-03
