-1.585257624207180808e-03,2.089960296913770388e-02,-1.457625615133889378e-02,-5.172563423015018313e-02,-1.194060573566308042e-01,-2.057508642677340072e-02,-9.909481077756778777e-01,-3.659515675031286414e-03
9.399501435014684381e-02,9.676484230667716790e-01,1.895844885181287298e-01,1.071983175857622456e-01,7.321403023430833601e-02,-4.484717515350746669e-02,3.980693496911388331e-03,5.475131884016291644e-04
1.364259337926862839e-02,1.842136787501670592e-01,-9.124678350291532958e-01,-2.615594275343720021e-01,2.382557736372078461e-01,-8.991697491119794716e-02,4.098952653804071970e-03,-7.991563153645054284e-04
5.513533455970946739e-02,-3.317571543817275648e-02,-3.068603609473642413e-01,8.831115548999612930e-01,-2.676328936816481652e-01,-2.239293292545079250e-01,-5.483273495475782244e-03,2.896670600653270672e-03
9.938143482578530863e-01,-9.182845572649481203e-02,1.259316579897793928e-02,-6.095043532226879918e-02,-2.982107962187617676e-03,4.244999973984119220e-03,-2.599379555484146063e-04,2.279571737760822958e-04
1.433842472660038295e-02,4.918501848265428855e-02,-1.414486170816062760e-01,1.979038620243351587e-01,2.579313897035350259e-03,9.682004446296055278e-01,-2.766422355219499626e-02,4.186949830531814902e-03
4.696727183332500589e-04,7.744799141656184306e-04,-9.668031748371251578e-04,2.943175837238328710e-03,-3.138936530777416099e-03,3.654199240349825881e-03,3.871389199696428050e-03,-9.999756941281344735e-01
-7.976775361833238903e-03,1.316518030838497166e-01,-1.300660969617953022e-01,-3.076427643976125670e-01,-9.230185919259136229e-01,4.350305327092909152e-02,1.310678053038984436e-01,2.882266911079671423e-03
