-1.104145945190389234e-03,2.557627975293839603e-02,-1.749138361031633143e-02,-4.673294732132808604e-02,-1.625748467789584761e-01,-1.839715922012444618e-02,9.848257728746222517e-01,-1.427861054583776622e-02
1.128315632267089530e-01,9.684112248569143322e-01,1.645863661948731571e-01,1.204772663837784669e-01,7.354487440261930908e-02,4.924687963255618833e-02,-3.316160551970453573e-03,4.400376813937991339e-04
1.800866566741727431e-02,1.619190035404857453e-01,-9.425104983814487358e-01,-1.869255616800886144e-01,2.156317585817847382e-01,6.037427542580790785e-02,6.916637583741077830e-03,-8.779333352129201507e-04
6.246016345993427726e-02,-6.346493161444048681e-02,-2.403030864879958095e-01,8.712072182398149511e-01,-3.259009372583580588e-01,2.626925879927992091e-01,-1.007562590874696608e-02,1.733498552948937056e-03
9.913351397165852674e-01,-1.095728305161846189e-01,1.525375403391116685e-02,-7.010368976871809987e-02,7.208072773571768538e-03,-6.717021645040410945e-03,1.973241641486624814e-03,5.127075087006952242e-04
1.699238853264282978e-02,4.656259282028312602e-02,-1.194466190924648452e-01,2.231421226387458323e-01,-9.507392944081176356e-02,-9.610986618460670705e-01,-2.627638436945219785e-02,6.568389171974091216e-03
7.668060183798079601e-04,5.847898240309156066e-04,-4.851514103770476283e-04,2.348162434397099447e-03,-2.635044509448434408e-03,-5.516676817298584584e-03,-1.494624133610909095e-02,-9.998662677968149781e-01
-2.747116046101816776e-03,1.307874994643844491e-01,-1.096966700981460430e-01,-3.669409068433892585e-01,-8.979722393242228762e-01,2.824270798547630010e-02,-1.704115895706460049e-01,4.023901130621926336e-03
