-1.670577088055229470e-03,-2.556230697779311375e-02,3.631465530450709439e-02,-4.825462236882947092e-02,-1.429122340823472948e-01,-3.204922698100801104e-02,9.870303338084071010e-01,4.071290446528581450e-03
9.361700151486752886e-02,-9.659254251438319505e-01,-1.432297619780047992e-01,1.633813603421952199e-01,8.702533885138417913e-02,-5.865750933847815179e-02,-9.079073434284560358e-04,8.713006332029444873e-04
1.729964058513051503e-02,-1.440958496084394080e-01,9.324849614823405020e-01,-2.064473506751666465e-01,2.392581962484833791e-01,-9.627442160310653585e-02,-1.658744014474615794e-02,6.835267435776895214e-05
5.989486630385382204e-02,1.025413891595230859e-01,2.665161004389003385e-01,8.913542737677651040e-01,-2.896590206522803856e-01,-1.905560439782033599e-01,-1.160864771288743283e-02,2.424973996039812233e-03
9.935705362025102350e-01,8.771776781204083939e-02,-2.026347894769074329e-02,-6.823226351827714475e-02,3.728586536583455933e-03,6.199719861230251414e-03,2.102578432049604772e-03,4.155916942058052936e-04
1.270282161010655858e-02,-5.131914599685308970e-02,1.348292084027771232e-01,1.674437985268368567e-01,-1.855309261190350723e-02,9.745209883913602544e-01,3.087331106328861097e-02,3.272261139870526669e-04
6.382314069557738301e-04,-6.920339940731472499e-04,7.730142195469901075e-04,2.110016085747205058e-03,-1.224516980785961273e-03,-3.283463414830046102e-04,3.994652730111920153e-03,-9.999882496945482480e-01
-1.488018714897203524e-03,-1.572505984431078752e-01,1.379033151936250312e-01,-3.180370307528896934e-01,-9.113156599034251126e-01,1.490209191821291641e-02,-1.561629038905698041e-01,3.062327475870602278e-05
