-1.238597880011149590e-03,2.411054377633446710e-02,-2.743463969963575930e-02,-4.543884503833717226e-02,1.465728661497840979e-01,5.548142002030011406e-03,-9.874620108153638887e-01,-2.046872168982836332e-03
9.625232202995002984e-02,9.807737573202536252e-01,9.618768205285158079e-02,1.068275250450668595e-01,-8.058903749100186642e-02,-4.053504722175437641e-02,4.047934230532687118e-03,2.614981272257998644e-04
2.209740770703060020e-02,9.590537123684021725e-02,-9.465119000205929334e-01,-2.245266259289943334e-01,-1.961040490967639049e-01,-7.396585341913516909e-02,9.419902542227680253e-03,-6.337198339250278093e-04
5.801623635960007769e-02,-6.606401555731328257e-02,-2.581940419120706820e-01,9.061288945632463010e-01,2.569927404300220708e-01,-1.961816326219995299e-01,8.320807416574697206e-04,1.652681299423868974e-03
9.933246029271056710e-01,-9.361905426872434155e-02,2.828299808631128467e-02,-6.099729371852214560e-02,-2.006063908019666171e-03,3.689066575921379557e-03,-1.788891806356038066e-03,5.238676398742228525e-04
1.361447325229375727e-02,2.871787100708417945e-02,-1.135306124653594623e-01,1.845816194072874561e-01,-1.584158167161653016e-02,9.755870066127569906e-01,-1.530842488334473259e-03,2.655024083615874827e-03
6.653202743585656578e-04,2.681248341543708037e-04,-2.317006219530960882e-04,1.746145549099731124e-03,1.768872482958910386e-03,2.379228280255022473e-03,2.280571289883263127e-03,-9.999911960142801037e-01
-4.625550061549364971e-04,1.197911053409731474e-01,-1.172908716553735103e-01,-2.779340188832221115e-01,9.312688260254984307e-01,5.078060856026404835e-02,1.574872054633349727e-01,1.700964576065321001e-03
