-2.674873866451570135e-03,2.691383979827599582e-02,-1.561673690633120538e-02,-3.254159881332061022e-02,-1.342445749230873897e-01,-2.652524472059485453e-02,9.895269646709937694e-01,-8.766061682729199903e-03
7.598032981742466885e-02,9.608288159046751709e-01,1.853343872879757159e-01,1.510475606026857043e-01,9.746459521385054947e-02,6.604578224843311862e-02,-3.039216172617919924e-03,3.818699675115208364e-04
2.046211955031755278e-02,1.935525920556761814e-01,-9.114769984192567787e-01,-2.898458807180899766e-01,1.992579862171160454e-01,8.725769642635596013e-02,2.471080065407349740e-04,1.756021461202691405e-04
6.225328963221057194e-02,-6.905977524599621331e-02,-3.295141975528210199e-01,8.846637957478657999e-01,-2.466080027750432169e-01,1.983013919363512956e-01,-2.189025820409687493e-03,1.377158817098678937e-03
9.948268245413138811e-01,-7.229825132249383113e-02,2.603704204402688960e-02,-6.579232548126322244e-02,-5.330859049557851170e-03,-7.317924841526534177e-03,1.986016898784811937e-03,2.829006989491261617e-04
1.295637117717523927e-02,5.647279576676721147e-02,-1.294049012148681121e-01,1.862485342476039862e-01,4.797045306621319088e-02,-9.708801072684650757e-01,-1.690287068468432699e-02,3.709005527950563937e-03
4.336098345931380907e-04,9.431458377892231381e-04,-1.276993321908424751e-03,1.043731566455827122e-03,-2.915190713920686686e-03,-3.370140044366537555e-03,-9.354488263237979370e-03,-9.999444183250532081e-01
-8.786223624898599135e-03,1.594825068023352777e-01,-9.280178151282920951e-02,-2.654557905361786818e-01,-9.325351006353814753e-01,-7.296523728903601957e-02,-1.429864983363259567e-01,4.290272851541752398e-03
