-3.979742414915468825e-03,2.396757572243302797e-02,-3.942139142716762079e-02,-4.204511481502601344e-02,-1.452047225942263986e-01,9.045806238994837795e-03,9.873162613825858802e-01,-1.132435948618678093e-02
9.074215741290479753e-02,9.757384612050072903e-01,1.269190233091136433e-01,9.702399587487468835e-02,1.085819333388978875e-01,4.883522626885727913e-02,1.413491824479435255e-03,1.143856891167629661e-03
1.206017585843327175e-02,1.230610396328295081e-01,-9.030681687227607446e-01,-3.419080974982103283e-01,2.210945236927488455e-01,5.413535691792373955e-02,-2.153690735215684285e-02,-6.733330957413753844e-05
6.240392621496204661e-02,-3.096511339703196877e-02,-3.752633456874702178e-01,8.789215017851579326e-01,-2.085074600125307598e-01,1.955689471495510035e-01,-8.958817555942496028e-03,4.300284452545858997e-03
9.937157922018482470e-01,-8.885733806009619984e-02,2.426082880029576186e-02,-6.336508136377583256e-02,-2.644983180484501099e-03,-2.457494840682439199e-03,4.064812786236460598e-03,-1.361297453590689234e-04
1.520193118371702609e-02,4.701978662947505633e-02,-1.170805255147611551e-01,1.664615235195986420e-01,-7.498090774421888385e-03,-9.777524536036582559e-01,9.193711640577967650e-03,3.827000917806562411e-04
2.781548324386482526e-04,1.184728742211487926e-03,-1.344997388375624532e-03,3.655062777063170908e-03,-2.047991810753053976e-03,3.589481008648781287e-04,-1.169911147781961536e-02,-9.999210759966262740e-01
-2.841287808664941499e-03,1.454278600271264876e-01,-1.080952041327805785e-01,-2.601470108937106174e-01,-9.352539716190341190e-01,-1.869265776544688784e-02,-1.562772760640268321e-01,3.103269336338438083e-03
