-3.168115429642676898e-03,2.573377475884542839e-02,-1.844718026349108017e-02,5.757910135882344377e-02,1.618332035787332646e-01,9.844583281688509269e-01,-1.707700622467683491e-02,-5.681081337248769861e-03
8.545249189973089243e-02,9.790383213345861257e-01,1.061609948231373307e-01,-1.225237754901618153e-01,-7.231512240007562098e-02,-3.954092430507360860e-03,1.300882925543322488e-03,5.150534470526407088e-02
1.484123602212914124e-02,9.802826113959663135e-02,-9.514654112276375031e-01,1.445959596386234280e-01,-2.387838721925907848e-01,1.092358893676778110e-02,-3.492748674486463915e-04,8.269578597129520481e-02
7.354129243948344385e-02,-8.785665680269702515e-02,-1.963509506269222327e-01,-8.908423152867798178e-01,2.997713566357618209e-01,3.160916688581501873e-03,7.274432937768398038e-04,2.546483316593165513e-01
9.933351757727829634e-01,-7.792785910390112591e-02,1.903114147455644070e-02,8.189874594843447875e-02,-5.766640871294755706e-04,8.317751227004740056e-04,3.146474926864372594e-04,-1.190651165612134979e-02
1.350094538194119079e-02,3.388993550562503787e-02,-1.222105565272124106e-01,-2.427524971287324806e-01,2.184551964677818384e-02,1.970863733263845258e-03,2.561868460106083573e-03,-9.614142330721925367e-01
5.569697672186577856e-04,8.368446148353549368e-04,2.840603067978669924e-04,-2.341753170501995138e-03,-2.227923412550476996e-03,-1.686799167676709607e-02,-9.998496284747419027e-01,-2.156995730229283384e-03
-1.272373857572389050e-02,1.275595030031657917e-01,-1.710313859531089331e-01,3.186265620109987040e-01,9.062104669999868634e-01,-1.743781630983443076e-01,3.010999941637346102e-04,-3.415865546473141612e-02
