-1.352663606938035246e-03,1.969179696454287365e-02,-1.994160468807112951e-02,-3.867195523835190163e-02,-1.634576701651148656e-01,-3.965723024079521181e-02,-9.845492071329164929e-01,-9.432316881122121063e-03
9.049948632654901404e-02,9.750254354058744966e-01,1.464853861657338385e-01,1.043623834068997669e-01,7.587503749203254599e-02,-5.499545533030682914e-02,1.921826432600480354e-03,7.436514504727797506e-04
1.793354151776115762e-02,1.451455446379490699e-01,-9.475956939539268431e-01,-2.067189986349837749e-01,1.865377787599201143e-01,-5.605552809924955332e-02,1.481798409193616807e-03,-2.334566640218330657e-04
5.886217648346395853e-02,-6.856897906279628419e-02,-2.312947844477531989e-01,9.175721345031373488e-01,-1.852971584901275115e-01,-2.489750731125673078e-01,7.952010782739566547e-03,3.283520843141537766e-03
9.938673372867840028e-01,-8.802403579384975030e-02,1.908586532098801095e-02,-6.390481059079657078e-02,7.099582770982382435e-04,5.394118364411936220e-03,-1.337668020135536007e-03,3.990961798141385159e-06
1.574314111672739727e-02,5.329787163947104917e-02,-1.132967811392405211e-01,2.185599258749478802e-01,-8.660774151922349950e-02,9.632888955090144201e-01,-2.967100326216641493e-02,3.507632889067894178e-04
2.728979505361618521e-04,8.364838090628792539e-04,-8.382163400759173226e-04,2.496337879855218579e-03,-3.610113063514891994e-03,-3.641985725677614714e-04,1.012906018025692967e-02,-9.999382621417363115e-01
-1.200188744621351160e-03,1.121566124757422678e-01,-1.162254449395097727e-01,-2.260157266131308518e-01,-9.438637354260558388e-01,-4.813802401678566462e-02,1.720725994010762483e-01,4.794916452311906441e-03
