-2.091683055880897563e-03,2.344180094537266432e-02,-1.515617697759533665e-02,-3.949453808156746376e-02,-1.467613893620885734e-01,2.957646534797624127e-02,9.875377476096480756e-01,-3.478926224189359592e-03
9.487699859415528458e-02,9.737650657774540308e-01,1.155857502755794908e-01,1.164438908280376744e-01,1.189109313396944229e-01,-4.140651720298734600e-02,2.426326217032530753e-03,-7.142222258229304847e-04
3.450019768823588823e-02,1.170744921474994871e-01,-9.422649551124774314e-01,-2.585301545475482965e-01,1.710144161810141783e-01,-3.398560205202596357e-02,-1.074978587483061201e-03,-3.254794087103891464e-04
6.738565891442441225e-02,-7.843835321234927938e-02,-2.753225805601218767e-01,9.236457229844396988e-01,-1.225129957549524196e-01,-2.117638408624743784e-01,2.284405444112818859e-02,-2.728280645851050620e-03
9.924899749575941676e-01,-9.176923462024008660e-02,4.133233097145445206e-02,-6.830694856973341944e-02,-1.191827153103154451e-02,5.068685133701477698e-03,2.592783715312672248e-04,-2.288862198222023825e-04
1.467239311222804689e-02,3.250351995089875018e-02,-9.080387988224593310e-02,1.936654649471552803e-01,-3.919641293115229408e-02,9.749606293366227527e-01,-2.943161921153679070e-02,-5.077145236126302461e-03
5.536040568152741318e-04,9.075951108101389239e-04,-1.603745706021346591e-03,3.183776686138528947e-03,-1.957896390124755186e-03,4.404386896733698299e-03,3.182209265927285480e-03,9.999764011822295240e-01
-3.309583581471149932e-03,1.479667926013804036e-01,-1.130848241266629722e-01,-1.507960589094785586e-01,-9.583233707828575643e-01,-2.860889088357713300e-02,-1.528525096109971115e-01,-1.097630537490839426e-03
