-1.522144336796301149e-03,2.804534093836147379e-02,-9.654905967324245095e-03,-5.092049316929481151e-02,-1.505148706819913473e-01,3.921031349462084092e-02,-9.860571787659159204e-01,-4.908494460260772428e-03
1.085982712624587176e-01,9.679446803219216022e-01,1.507243533949757519e-01,1.399887855420196558e-01,8.044924125401395343e-02,-4.981200467374138213e-02,4.389416272720898099e-03,1.495770121500709883e-03
1.614130452718721270e-02,1.496018891219361713e-01,-9.114402746599515881e-01,-2.476112625862673944e-01,2.872094063032293310e-01,-4.939520025372401424e-02,-1.986602450891292518e-02,4.833431357221932602e-04
7.017009253274089642e-02,-6.990485644689352351e-02,-3.205524726583856565e-01,8.490085560103315387e-01,-3.008105702909207868e-01,-2.758009426648438955e-01,-7.862804660766480741e-03,2.251750926390610769e-03
9.913647962132817737e-01,-1.038666750036188052e-01,2.275589494289026113e-02,-7.545903053005843797e-02,7.459129757893017548e-03,1.172673898514633647e-02,-1.485558988159982330e-03,5.447017757951425109e-04
1.453346800402480037e-02,4.559865079939703220e-02,-1.392943084824470046e-01,2.234384768120132869e-01,-1.063324634709033462e-01,9.565613653301185959e-01,4.535354913384914005e-02,2.949781064220540622e-03
9.195325021523468624e-04,1.229043687138828451e-03,-1.211374487272217021e-03,3.055433353660654775e-03,4.517300563613383529e-04,1.940150713837670042e-03,4.873608633077658632e-03,-9.999795600433646348e-01
-1.867767191663192040e-03,1.488627113316605410e-01,-1.542384113196575979e-01,-3.742395274125449034e-01,-8.868678117695185659e-01,-4.821144562109620779e-02,1.585326062247557621e-01,-4.969287510245641495e-04
