-3.333726950484759005e-03,1.716650171256553156e-02,-2.638555555512083275e-02,-4.638440749863735613e-02,1.452235903577346610e-01,-1.558330845558945042e-02,9.876802123739960582e-01,-1.246622904448048755e-03
9.867086641469924313e-02,9.717453688755637309e-01,1.287114554618883355e-01,1.407282745070697338e-01,-9.087759692398157674e-02,-3.613197598850137471e-02,6.282574316442363603e-03,-4.290984261922719482e-04
1.410573294968839840e-02,1.308797278984212276e-01,-9.165005814160036568e-01,-2.616597697540208878e-01,-2.670799034113639503e-01,-5.385169486164594066e-02,-5.782943708395450830e-04,6.000079271038187946e-04
6.067527229800540739e-02,-7.811770124953695826e-02,-3.208284452977849255e-01,8.902060958407231883e-01,2.340621764629126911e-01,-2.000490214886146978e-01,-2.776286365426618424e-03,-2.435258463437319811e-03
9.930248530690447550e-01,-9.280689332521113721e-02,2.010270113171550022e-02,-6.960435102127748852e-02,5.738362795736162182e-03,2.149370812615778760e-03,1.422869756936563342e-03,-2.535819982861367084e-04
1.453893104065235448e-02,2.885576436635715891e-02,-1.131947519906106592e-01,1.700122464479397744e-01,3.965198614012729189e-02,9.774713016251652675e-01,1.409456250183529699e-02,-4.203133208446007373e-03
4.781481046749801265e-04,5.011967426570315513e-04,-9.327223017746393268e-04,2.576710136526494388e-03,2.464138019849856833e-03,3.606817952863965258e-03,1.045742863087596080e-03,9.999859179409147369e-01
-7.906836339167893843e-03,1.507923906586519092e-01,-1.631407864421529075e-01,-2.887139453802969880e-01,9.181085519346494639e-01,-8.015630935277389540e-03,-1.556872195328032338e-01,-1.550677222070172452e-03
