-2.380597371242723984e-03,2.414087818410410799e-02,-2.862603213543036748e-02,-4.533184328475488994e-02,-1.608586882624834236e-01,3.587227494658377230e-02,9.844513091862183707e-01,-1.517916886446554411e-02
1.061786542869864874e-01,9.739703965860769808e-01,1.106846719660387335e-01,1.239452557298780233e-01,9.254061852965450585e-02,6.264770992903191671e-02,-1.839272938633538601e-03,1.533740343953021463e-03
2.521688519883380844e-02,1.142695770750517259e-01,-9.240230560715800845e-01,-2.887685454078630087e-01,2.067189435112994633e-01,7.889077402680881590e-02,-1.200728045107953348e-02,-2.021640824125862609e-04
6.595363416581603855e-02,-8.680530954277705658e-02,-3.060111068259541711e-01,8.990730136219122759e-01,-1.647331002513698628e-01,2.428870880060615134e-01,-9.342873601133844328e-04,2.805409080605806346e-03
9.917308980771075699e-01,-1.021488021701891097e-01,3.407859657637619943e-02,-6.879816223290297073e-02,-3.983933227336184865e-03,-1.089900513596555286e-02,2.477397100654244594e-03,3.355738684988933342e-04
1.427606217053360542e-02,5.220249532381752294e-02,-1.463492997755583835e-01,2.109884656279780724e-01,-2.001915077115107300e-02,-9.640675313312103700e-01,3.611030319518073600e-02,2.432693265674399242e-03
7.471768683591162785e-04,1.200561671153942698e-03,-6.578733856662122986e-04,3.563687832707688238e-03,2.400181341672190469e-04,-2.140845967169741158e-03,-1.518241758411952025e-02,-9.998748527071685821e-01
3.384463849479506367e-04,1.305575233893758735e-01,-1.299544032976188701e-01,-2.039632841975699273e-01,-9.461893598416248885e-01,-4.579965363208847624e-03,-1.707822939972263865e-01,1.891454516349322119e-03
