-2.358582796016422175e-03,2.884732784123160768e-02,-3.080334679956013913e-02,4.574679602495219238e-02,1.438742143626973446e-01,2.676582489315904468e-03,-9.876248386775341448e-01,-3.298123387808798556e-03
1.153316634806389601e-01,9.738425183780814454e-01,1.042784861229405641e-01,-1.431134753550434846e-01,-6.495841453294551315e-02,5.170617286469962604e-02,8.962938074088683260e-03,6.550661535457692449e-04
1.711021499673736831e-02,1.068005981805075083e-01,-9.312567629758432552e-01,2.099950403595837733e-01,-2.676616642168337945e-01,7.288067674789359962e-02,3.055188212834257077e-03,3.217104445831992562e-04
6.208317400841073530e-02,-9.271487636706896018e-02,-2.827479359115730451e-01,-8.562243425237973105e-01,3.436508633276370572e-01,2.368436894472108756e-01,1.699990401201586024e-02,1.807036109579818889e-03
9.911224748484104285e-01,-1.101984925912459640e-01,2.395671426399981555e-02,6.873447266647642051e-02,-1.221283280339766249e-02,-7.778826988872237537e-03,-4.949754030299013084e-03,1.291918984925973706e-04
1.454232888905371453e-02,3.234590629165182835e-02,-1.271140025325162293e-01,-2.195969331087913590e-01,2.062559749205256088e-02,-9.663815760136769129e-01,-4.925758316256751389e-03,4.295523304407908478e-03
3.968549567852772326e-04,7.513143846569372668e-04,-1.438280934860262450e-03,-2.031195773866852072e-03,1.553552250654141251e-03,-3.747831190290148301e-03,3.527320779624481747e-03,-9.999820907743350862e-01
3.250778487939487600e-03,1.326862280248628234e-01,-1.557486271436817615e-01,3.837399583044788232e-01,8.858696012304202450e-01,-4.410073098072496423e-02,1.554262130561893107e-01,1.635332665211762602e-03
