-6.387084943206605605e-04,2.557617094138912514e-02,-2.240440109056008808e-02,-6.130803149187646905e-02,-1.323970102110837987e-01,-2.057709820900987738e-02,-9.884590542698454829e-01,-9.007350677383358512e-03
1.013341080673696437e-01,9.710592157367007315e-01,1.325581286029803851e-01,1.449167126083547308e-01,6.750832521213560866e-02,6.031385359118431738e-02,2.772154702138429194e-03,-2.593711985357835103e-04
2.059605529904959959e-02,1.391121843467644226e-01,-9.313605154352724291e-01,-2.328565824152956931e-01,2.303164123301861821e-01,7.401202879927040734e-02,6.750063460016127344e-03,-1.069301451147800907e-04
6.877861353474730433e-02,-8.570722062583004119e-02,-2.906621636311355616e-01,8.528609390601403772e-01,-3.443143628396293510e-01,2.396971709091179903e-01,-7.422111303491641873e-03,-2.301733229235121154e-03
9.920975145250827687e-01,-9.632277558546280261e-02,2.774760914979335080e-02,-7.456671637526218754e-02,8.730651878763267745e-03,-7.617608586529941474e-03,-1.462805755867406933e-04,-2.143159699002144473e-04
1.746822391647911976e-02,4.058663035335915298e-02,-1.271373235384435918e-01,2.314535493704718561e-01,3.135783288040255336e-03,-9.634364328413234091e-01,9.227220613768715926e-03,-2.864816565986852501e-03
4.387938762253439486e-04,5.796028407511929744e-04,-1.448054047212691707e-03,1.577785768330881942e-03,-3.138948398353033631e-03,-2.464342189950314600e-03,-8.690662216978211480e-03,9.999517146656534683e-01
-3.672288972508701288e-03,1.369899409164309356e-01,-1.143396543806547844e-01,-3.667602380542274720e-01,-8.978973867050761282e-01,-6.879278215364047211e-02,1.505977140906289424e-01,-1.343942844515277901e-03
