-2.342417736845856316e-03,2.246293687268100317e-02,-1.508401952867618676e-02,-5.330254371758293835e-02,1.455385862697818056e-01,1.471513265077925570e-02,-9.874299872407752421e-01,-2.290373253747816657e-03
9.676106569459423656e-02,9.727512530358635168e-01,1.364047908415387533e-01,1.177671059847317098e-01,-9.634663155847103533e-02,-5.130214947636576456e-02,-1.507295852949978084e-03,2.859578887632410488e-04
2.553448035844868222e-02,1.342311120192581642e-01,-9.157247481958858959e-01,-2.897257016784096084e-01,-2.320142994039771644e-01,-7.070798137394007643e-02,-2.628768020373269555e-03,-1.950082821594433663e-04
6.064253777373748017e-02,-4.921537210727241346e-02,-3.338836984394645269e-01,8.721838433288625625e-01,2.730703119986018224e-01,-2.170406281734687248e-01,-6.235601613025791926e-03,2.106374315331815180e-03
9.930058101950197669e-01,-9.450577549975602842e-02,3.132256634928624189e-02,-6.261450488543947313e-02,6.833546990023042951e-03,7.695593266975312222e-03,-4.833857025478337861e-04,5.354899018028518986e-04
1.271528797181884982e-02,4.986407315722734407e-02,-1.334746989660125782e-01,1.825954905251044869e-01,3.264127205446523683e-02,9.720877579088589293e-01,1.257439099905001585e-02,4.136448862229925513e-03
7.276971698524265257e-04,4.566392514295434212e-04,-1.141516982965063483e-03,2.326888302604533491e-03,1.677241054101912725e-03,3.539483727739582523e-03,2.519945371849375507e-03,-9.999854265237759776e-01
-8.918239598282343486e-03,1.462610542303794114e-01,-1.110772945318032473e-01,-3.183975581139690814e-01,9.165276062005145441e-01,4.352268971610591744e-03,1.573825152699669938e-01,1.395478016649246995e-03
