1.057041539510929738e-03,1.560125817325288405e-02,-1.949365355860895738e-02,-6.402671458496841939e-02,-1.381420596983458926e-01,2.993440721374782815e-02,9.875707572260353784e-01,-8.733705059599332875e-04
-1.014779756431266333e-01,9.706745984555777973e-01,1.456767376689694915e-01,1.490407594614087949e-01,5.249364184723627480e-02,-3.561651322477420167e-02,5.733939053920245402e-03,-1.089948630677211932e-03
-1.143976259889698151e-02,1.692330415994652282e-01,-8.393807402848139088e-01,-4.111653868833511916e-01,3.073308582014054879e-01,-5.620130564960774955e-02,-1.193309499781738600e-03,1.994581687550805072e-04
-5.481077242085205525e-02,-4.724166250434640169e-02,-4.877215934693980293e-01,7.957584120163271324e-01,-2.818509612241366646e-01,-2.100560663906553827e-01,9.709036210579908427e-03,-1.555880701349076842e-03
-9.931921926248372667e-01,-9.867834465724131809e-02,2.317156823028279633e-02,-5.696804315531222435e-02,5.287974053905485951e-03,4.642105741439265555e-03,-1.529973174314894045e-05,-2.474675482519404497e-04
-1.148600677422106052e-02,3.451766142742336563e-02,-1.471811604526236661e-01,1.569666558586427507e-01,-3.323480536804084701e-02,9.749434631771437543e-01,-2.746354927157274375e-02,-1.490783703879108293e-03
-4.550290590970990914e-04,1.030888159603246621e-03,-7.002699140635362330e-04,1.527327499228892148e-03,-8.935474949436827876e-04,1.127539975464367369e-03,7.945917558327531384e-04,9.999966029748975638e-01
1.774059433406544950e-03,1.254825893350319799e-01,-1.173294495481340266e-01,-3.788308124364460627e-01,-8.961783610295210867e-01,3.959871498115384233e-03,-1.543390873838767219e-01,-3.147221787634923713e-04
