8.871597711175020773e-02,7.972292941392880583e-02,-2.396865742784228259e-01,6.336772734981213628e-02,-1.105273327437865903e-02,-1.730070510582910337e-01,4.069243003894851829e-01,2.320887667542368693e-01,-1.112350511660668423e-01,-1.533239608244776619e-01,2.711436753933811894e-01,-3.869859632320540310e-01,-2.263357399124824032e-01,2.971048462058284434e-01,-3.653770133542182941e-01,-3.296875454767612679e-01,-8.081685265313238997e-02,-1.655873202372135367e-01
1.347260750728943284e-03,-4.929332177635033507e-01,-1.225546204612110585e-01,2.421851292725799298e-01,9.137811597537080777e-02,-2.087158704158783851e-01,-5.700177743370787864e-02,8.810265634116612454e-02,-8.013565071344537494e-02,-3.037410235831484659e-02,-3.837850991507274490e-01,2.956670950049220675e-02,-4.191841244949265355e-01,2.064430713986694504e-02,-1.159057024460002049e-02,1.177271776789768631e-01,4.766305066490244546e-01,-2.181662487682361484e-01
-2.106650157526135936e-01,4.413714088882846887e-01,-1.756587140835998428e-01,-1.959347859126184532e-01,-2.870015528374906810e-01,-2.146877925427719824e-01,-1.293652292950941973e-01,-1.463929747437451440e-02,-1.393843734830279568e-01,-1.617427502299351727e-01,-2.811853692195273036e-01,-1.636575043194131440e-01,2.499535264441796467e-01,-8.756093954338779392e-03,-3.414782538697888059e-01,3.473416315615345806e-01,2.946768151383395984e-01,-8.986388028122560545e-02
-1.455741988783865529e-03,-5.277953029652476119e-02,2.071003683223380798e-01,-4.699997901301655734e-01,-1.649035880193637782e-01,-3.127605266120099814e-01,-1.867629096526537413e-01,1.056018124967628979e-01,4.979622143269397949e-02,-2.870233772132522732e-01,5.250057023505023679e-01,1.129599066446156791e-01,-2.044481292979810627e-01,-4.689815859906083101e-02,2.393125641994288400e-01,-5.174739823220814681e-03,2.759343716686114556e-01,-1.081148683548444067e-01
1.578687670141038293e-02,-2.857540459901281027e-01,-1.319707970719361245e-01,-2.996175346927182348e-01,4.021592329262850540e-02,1.230181318424611175e-01,-1.774410252697605217e-01,9.128884246902214950e-02,1.343752951143774854e-01,-1.091078761456235752e-01,-6.573979015481884458e-02,-6.036874865077289654e-01,-2.092152004573857305e-01,-2.083243736732120766e-01,8.275552050031520848e-03,3.392475935444956847e-01,-3.344277904557311776e-01,2.035871647666100959e-01
1.835568740055994463e-01,-9.537182844618068145e-02,1.026791586621663144e-01,-3.803963489773259377e-01,6.894654453255198712e-02,9.732389450663420094e-02,3.784748355460997027e-02,-4.236507637408202243e-01,2.287464079459606558e-01,1.803009414107775363e-02,-2.401294099053255249e-01,-2.470007007902356166e-01,1.024431213600781598e-01,1.616680827656987174e-01,-8.395933628786891867e-02,-4.496467835589686990e-01,3.820928515407726600e-01,2.089251918342640291e-01
-4.032880145697913532e-01,2.532227326789527888e-01,3.194657325176441520e-01,1.124760093916656739e-01,2.980246642690098091e-01,1.659891328285608703e-01,1.703759956624092409e-01,-3.576571494370565096e-01,-4.951444491158442200e-03,-2.478511780947346699e-01,6.137069764692036460e-03,-1.844362168860001761e-01,-2.832309366790016769e-01,-3.361835342155978235e-01,1.413440827742445775e-02,-3.337880677534831725e-02,2.306842331761793305e-02,-3.075968030926167218e-01
1.004833177723069709e-01,-1.421945720039732020e-01,-1.306256304649275057e-01,-2.796520208632591667e-02,2.626998409251317668e-01,-2.383682866802173950e-01,-2.392200964252708395e-01,-4.037260180070739723e-01,1.617143900576925863e-01,3.522114637746038418e-02,1.095673556808287319e-01,-4.323232313220219669e-02,2.429826075304749311e-01,3.278527808556122025e-01,-8.806806432710589938e-03,1.671663496656079217e-01,-2.507665197282527014e-01,-5.541543093052099245e-01
4.508401656505273136e-02,1.801270671616708730e-01,-4.559477343273297678e-01,3.960154343281132028e-01,-1.034535150907006373e-01,3.018726052774187707e-01,-3.853647525333119828e-01,-6.441210873765122746e-02,3.492575701494967655e-01,-1.119870449223279302e-01,2.972647305174074828e-01,-1.231467085680581913e-01,-4.486735741407556904e-02,-8.227847764550141885e-02,8.552682754925441944e-02,-1.056309746631010210e-01,2.841245819838210118e-01,1.687517300106730275e-02
3.472165348000278429e-01,1.499082279614608881e-01,3.494674430532923592e-01,5.655976202122909614e-04,4.607231024041236189e-01,3.481391443801871710e-01,-1.397287387292881489e-01,3.291722623039772255e-01,-6.906748346371346936e-02,-3.484922905649245894e-02,1.140866184543386230e-01,-6.308713099247845180e-02,6.236827297180891350e-02,2.143511652972681925e-01,-2.157466037498409761e-01,2.883397485705728736e-01,2.636639553958740612e-01,-3.838497970611433330e-02
2.709566756624668948e-01,7.799126934266964462e-02,-1.030825804950455671e-01,-2.180046222816983958e-01,-1.893294550287751565e-01,2.411036793967624992e-01,4.219538154087484338e-01,2.059197503215910996e-01,4.811716492061939854e-01,-4.061922583891330873e-02,-2.111700546042072357e-01,1.500550123801836777e-01,7.197509417281767671e-03,-1.636095247738293124e-01,1.191917576803843276e-01,1.127587392616874323e-01,4.323010719521647519e-03,-4.403158657865219872e-01
2.230877273681894923e-01,-3.620523365068722271e-02,4.443352338039618377e-01,4.008243651296111154e-01,-1.765111208696986678e-01,-3.428994156353736278e-01,-1.046071889970558721e-01,7.621834363453043604e-02,3.584230319542969778e-01,-4.170925152412290893e-01,-1.561657697845646176e-01,-8.993966911799120001e-02,1.561641532984296699e-01,-8.304407394763020644e-02,-1.393458238881325750e-01,-7.479532080964956808e-02,-1.544737521056321061e-01,1.013487186444468752e-01
1.994832088603737397e-01,4.821584269152638935e-01,-3.044175559906783790e-03,5.410444599249351894e-02,5.047349464979521139e-02,-1.978208110780952655e-01,3.486195483588788897e-03,-4.409244851986889036e-02,-8.233058932870572152e-03,1.345169999053050930e-02,-2.474447841589780539e-01,-1.374305186784592070e-01,-3.352197650076101376e-01,3.673364258635369306e-01,5.676058708647685469e-01,9.549664185180666010e-02,-6.933830737111565390e-02,1.318302819054675834e-01
-2.203866504737487797e-01,-2.129995321361641616e-02,-1.522674151715036894e-01,-7.474424820938641023e-02,3.492835374750957733e-01,-5.508458949639896685e-02,-1.153337363277586874e-01,4.349463892732911563e-01,-9.254275037928311187e-02,-2.388392531865468349e-01,-2.047251150584947499e-01,-1.358928966544811212e-01,4.188713769294257760e-01,-8.853067118102117550e-02,3.671966385719114823e-01,-3.634526553169720731e-01,1.397776601520626244e-02,-1.352232981341688622e-01
-4.836798537662530956e-02,2.127459207942437591e-01,-2.140033708580383609e-01,-2.189886763139828330e-01,3.811027427643739474e-01,-1.542879724333516278e-01,-2.290229466342114661e-01,8.990345351679324137e-02,2.769168402509147864e-01,-8.486079619523077822e-02,-1.581064121887800766e-01,4.324309174617523843e-01,-3.260981841307697415e-01,-7.083768227591630273e-02,-3.628035490643341521e-01,-1.565447445505736557e-01,-2.041538048791821103e-01,1.549842886762369809e-01
-3.532436760464584546e-01,8.494919748239217194e-02,2.767613916879589908e-01,1.089265930862533607e-02,-9.483298539746987110e-02,-1.141845054893410455e-01,-1.850234383851072362e-01,2.911469655397074807e-01,3.592084420359905050e-01,6.414619037927843381e-01,-9.276463044634337008e-04,-2.265702398744018908e-01,-8.270892440506205645e-02,8.272418475535617266e-02,-6.094465516032120112e-02,-1.201920260749589214e-01,4.095840226484284696e-02,-1.577794719986381766e-01
-5.056518773480651596e-01,-1.717529442776129511e-01,5.808669684847677511e-02,-1.306773667660402274e-02,-1.274796057431251683e-01,3.063467124906111838e-01,6.588823472024858685e-02,5.407719102157600155e-02,2.168770645775646155e-01,-3.465273987206874962e-01,-4.840525842733042067e-02,1.483419895042263070e-01,-1.791769371803801983e-02,6.108376551276559763e-01,1.547720989856157803e-02,1.169620839898871251e-01,-5.169267405152723482e-02,1.113845157131195529e-01
-1.553047716178913296e-01,-2.749711211974140493e-02,-1.402312300841584147e-01,9.144132340603697284e-02,3.643672665729769666e-01,-3.357402515663687192e-01,4.461136787883385746e-01,-2.584967652742000549e-02,3.385469451815784070e-01,8.229783335693442725e-02,2.227597490789865187e-01,-3.239725147996763699e-02,2.087721493667795691e-01,-6.961167340693757977e-02,7.083095403942432644e-02,3.224701798798453312e-01,2.385517422131200049e-01,3.398916831720589782e-01
