-1.815557719025854277e-01,-3.300446340797409950e-01,2.272521488484824381e-01,3.075717123989450963e-01,2.989757475530753772e-01,-2.871509605913414309e-01,2.452645128754052939e-01,2.335199279081976997e-01,1.022798314965894101e-01,-2.533961780554509421e-02,-5.380047080084877642e-01,1.702906678448074529e-01,-1.709178585209261136e-01,-1.244343116868686788e-01,-1.753980682598497154e-01,-1.036426376219372614e-01,9.785237212522707173e-02,-2.513707380057667636e-03
-5.131737551577270073e-02,1.555942937716198182e-01,-1.935650603736246700e-01,5.628850072520955733e-02,4.496731549491744806e-01,2.113154034156210226e-01,5.477577073750108938e-02,-4.017549894476207806e-01,3.089476442837578163e-01,-7.780592761972834892e-02,2.270093976014977977e-02,-1.207441241665266063e-01,-2.977516729616333513e-01,1.071085728808621323e-01,1.558950610173479023e-01,-4.475753997735797962e-01,1.886384360389066484e-01,2.105156847093604677e-01
-4.162756855292535363e-01,5.634616410758613164e-02,-1.151532482111819466e-01,-2.417189008377363876e-02,1.183369749553828537e-01,-4.165140880829661107e-02,-5.677701378636693663e-01,-1.455914351832503506e-01,-3.332575919734576675e-01,1.088565631960681929e-01,-1.408422657677557699e-01,3.430188640057189597e-01,-2.737977612192862287e-01,-5.366215680031144464e-02,1.996816123916897445e-01,2.370686634243851509e-01,1.168661575041849560e-01,4.910337455465885875e-02
3.178587140283051227e-01,6.794335902953221873e-02,-4.014640900829872239e-01,1.339496403622934262e-01,1.935060319407512219e-01,-4.844366563458223779e-02,1.391194365428901625e-01,3.282328191683467900e-01,-3.644121870451366707e-01,-1.584491168560564489e-01,-4.591807043993490108e-03,-3.007320703088504632e-01,-3.720630571456387536e-01,-1.105456569235316322e-01,2.355012257483420079e-01,1.439761404448802462e-01,8.036165747423075489e-02,-2.582417494532354141e-01
1.036565444221124038e-01,2.355187330945977126e-02,-3.699274745608070458e-01,4.693253751094788456e-02,2.688512671463240133e-01,-4.123926555128114013e-01,-8.773340256916505042e-02,9.281676124982872478e-02,2.149030143334096088e-01,-2.949120167449939545e-01,4.026515736905864062e-01,4.176229273111285445e-01,8.493669383982270504e-02,-2.081554455887373034e-02,-2.741714244424457991e-01,8.537475695436143319e-02,-1.401803057873575453e-01,1.074260433684091076e-01
1.409301929644199702e-01,-3.703943357582529378e-02,-1.203855929028376237e-01,-6.131883659059336189e-01,2.404305816616996716e-01,1.989902397227638342e-01,2.920336649719508237e-01,-1.214471044335769245e-01,6.428399057384817650e-02,1.590121461566859629e-01,-2.562832073619961126e-01,3.152094879948449946e-01,-1.222044133550946043e-01,8.500949715529440565e-02,-6.389349321240216095e-02,1.948228400546902217e-01,-2.531629609832941052e-01,-2.609431431215524788e-01
-1.385524439053135437e-01,-2.762930208238804641e-01,-2.277552218810365847e-01,5.619715372707058398e-02,1.630205252693463502e-01,-7.085208489857330871e-02,-2.150146158782715033e-01,-4.168032235601139973e-02,2.182633380209502913e-02,-5.515422519623826292e-02,-1.052408271533741280e-01,-1.429353892973236340e-01,4.236968365268066750e-01,5.080361180247237041e-01,6.754025669208389704e-02,-1.125904417709356758e-01,1.033308333223415393e-01,-5.189516217902513384e-01
4.569554177753300250e-02,3.119695310650533182e-01,-2.578524447410452392e-01,-2.732032188464455502e-01,-2.797177598023005141e-01,-3.122633702435965164e-01,-9.938579327249219553e-02,3.185887854388599200e-02,1.080257023240616260e-01,1.791142219426656301e-01,-2.160804291293001167e-01,2.826295747514199694e-02,5.133019208900386349e-02,-3.417263399480047203e-01,-1.546274328132697107e-01,-3.947786297123227484e-01,3.559479281766054215e-01,-2.360183572617185199e-01
-2.913193100921561765e-02,-4.199247031111637551e-01,1.129003557375551740e-02,-1.548392742029436331e-01,-1.051824475678970749e-01,4.197837705289225174e-01,-1.559376745017149735e-01,1.816581654468971962e-01,7.996894495418728488e-02,-1.533741908897623407e-01,2.583247598761285180e-01,3.497806180963929090e-02,-2.914654150703052116e-01,-4.343351242452818395e-02,-4.083917390098841804e-01,-3.203256540028597606e-03,4.339376958101436310e-01,-1.196057003721615331e-01
-3.159127059393875281e-01,1.253642979792274348e-01,5.194681674483250799e-02,-4.470761608490587680e-01,-2.025710476174895705e-02,-1.562003504270192966e-01,-1.000357228189899389e-01,5.425943865086337858e-01,1.607348620323021116e-01,-1.652435905205345834e-01,-4.217825849648384334e-02,-2.417692196091924262e-01,-1.742464177210407694e-01,3.284299952075195317e-01,1.059294144254227105e-01,-1.007697675314054714e-01,-1.385043922760874624e-01,2.460143191791634154e-01
-1.958525151267722642e-01,-3.194980002237561845e-01,-3.871499663254879819e-01,3.046505834602927093e-02,-1.736890581810077994e-01,6.669787368204843636e-02,3.013745013394573680e-01,1.944802678907150140e-01,2.300536287158221338e-01,3.269009438345173990e-01,1.295092611187376175e-01,1.801569089869155260e-01,1.413617895931085777e-01,-9.187324312394797021e-02,4.757835701217017488e-01,8.400083331726894420e-02,1.889297864851746667e-01,1.972851391035418678e-01
8.720157072440941348e-02,-2.509715230376823869e-01,-3.886141755440530310e-01,3.949112482662373719e-02,-3.312878871384493107e-01,1.167578727284625945e-01,-2.134754917182903056e-01,-1.809206373743068863e-01,2.006326084346382321e-01,-3.702355120326522031e-01,-4.539662174781118331e-01,-1.618056983639349633e-01,-2.094899575861030802e-02,-1.486847530663037709e-01,-4.086753404085115976e-02,9.099232852743524558e-02,-3.018954475577144692e-01,2.047185909425064121e-01
1.877494767816557386e-01,2.153460786879194122e-01,3.743507440727977115e-02,6.410429845494691747e-02,-3.101815488975805390e-01,6.285420526943510944e-02,2.073763605191976944e-01,2.748926358767897395e-03,-1.441227396055157761e-01,-4.122044377832931317e-01,-1.961371782511017459e-01,4.519539382360818203e-01,-1.520689204014337090e-03,4.335993796416622859e-01,1.393381548108533485e-01,-2.758163478775530614e-02,3.429721354454249860e-01,1.022604167545082821e-01
3.219443000988658765e-01,1.906824273405736958e-01,-1.667757737816811803e-01,1.847375656860883453e-01,1.904747129777727144e-01,3.178782931907182530e-01,-2.643395523826919669e-01,3.567719012057866124e-01,1.969010947640757736e-02,4.144955153240389434e-01,-2.398180047048295294e-01,4.628574913375478606e-02,1.888949233901182356e-01,1.888868023812192432e-01,-2.544490876708148663e-01,2.320002149744875702e-02,4.324595932061747056e-02,3.052860161148105433e-01
3.523090415834627120e-01,-3.552394030288692078e-02,1.950913443297416505e-01,1.450194266865053039e-01,-1.835282131904437397e-01,-2.394417540850488912e-01,-2.499391695298222305e-01,-4.628116583003964030e-02,5.100939645939495115e-01,2.411376443997598484e-01,3.033028339298739912e-02,2.792772961253474351e-02,-4.081440958726275103e-01,2.273105296693871402e-01,1.985032570361256743e-01,1.974607210394500600e-01,3.166985190296717819e-03,-2.078449883742907733e-01
1.355851660969043526e-01,4.339957655635771211e-02,1.703005502890084510e-01,-2.465354902564112494e-01,2.805717084427748476e-01,-1.075807427498759322e-01,-5.576353672160420244e-02,-8.816231241455370349e-02,1.906963430731414277e-01,-1.947834762189915581e-01,-1.224275377647573715e-01,-2.310795588661211930e-01,3.042022059581699356e-01,-1.770043161879940874e-01,1.172039073292699546e-01,4.980341666993746697e-01,4.819845112784579277e-01,1.677185746855577309e-01
3.663369601741149340e-01,-2.523431079194298210e-01,2.517188615337493940e-01,-1.646242896216086604e-01,1.566038918715007555e-01,9.547872546705010732e-02,-3.103426933817438615e-01,1.851493472088108772e-01,-6.124065395142908041e-02,-1.583002369348426863e-01,1.661676556024044640e-02,2.375754831899961061e-01,1.566744394565059428e-01,-2.625507319465599787e-01,4.308391614973244299e-01,-4.097463912226742555e-01,-1.219721775778800366e-01,-4.871805530291871932e-03
2.756373810649879186e-01,-4.204824045775564234e-01,-5.816477385771839231e-02,-2.328408785904445000e-01,-3.520538326028459924e-02,-3.935706562477731540e-01,2.332322374819922189e-02,-2.440478619409972016e-01,-3.753563272734063427e-01,2.265674383023424665e-01,3.265795165195517491e-02,-1.341156024269072322e-01,-9.667444298050105467e-02,2.438968594234973419e-01,-1.136126768401047038e-01,-1.284982949431894839e-01,1.122026809899103333e-01,3.889222556201898384e-01
