7.142271479132025758e-02,6.834919554091480887e-01,-3.201048014631653893e-01,-3.522650258630305453e-02,-3.080926860943702383e-01,8.115182803166406944e-02,1.705066081987326732e-01,2.302208468035850733e-02,2.772185226436255090e-01,4.042040235128051551e-01,-2.915577293450544866e-02,-5.130543341484326836e-02,-1.658880011574117019e-01,-5.726643799419552788e-02,-3.793078612523894527e-02,-9.488875251504658159e-02,2.607480034573255584e-02,-8.535931462288463833e-02
-1.340035293695746033e-01,-1.489143755178369832e-01,2.448032339000299207e-01,5.267891226361336443e-01,-2.589203315115995441e-01,4.957894053883285523e-02,3.595651939703957689e-01,-3.083057780126850431e-02,1.028390435044633788e-01,1.489092478144619924e-01,-7.964533894152696358e-02,4.232109100818777225e-01,1.516467781211928816e-02,1.869324305505468964e-01,-1.060702601596059946e-02,-2.270634676800085128e-01,-3.371992049573352412e-01,6.283850381791973583e-02
-4.026065700549553705e-01,1.055989862073698632e-01,3.028244086594435863e-02,-6.008635670679268043e-02,-2.928207989794420762e-02,1.760392407176109564e-01,1.862926522147373698e-01,-1.326669907437112716e-01,-3.112295016782651857e-01,2.324266820520714538e-01,2.550049669077869008e-01,-1.221259091244221717e-01,4.622598402391969730e-01,-3.820135602522217178e-01,-9.417914421285615567e-02,2.454345869805656666e-01,-2.281358975169759107e-01,1.627147153226775611e-01
-2.240932816307334707e-01,-7.562772657468833093e-02,-3.661574753024024464e-01,-4.429832232174232276e-01,2.098481858909992392e-01,3.533847869878588982e-02,-8.952758732529308983e-02,-2.875749948945972023e-01,1.127212754112075221e-01,4.163605750284767731e-02,3.695874523782299165e-02,1.590621498979373771e-01,1.669283317321695048e-01,3.644481672115403303e-01,3.656404647047827722e-02,-3.860459579685360243e-01,-3.534156409599612525e-01,-2.631833967689208714e-02
3.218506397365213378e-01,2.668238071401010658e-01,3.718672253902338687e-01,-2.035605025790123146e-01,2.223482677349826186e-01,1.290854899284429591e-01,1.326603604123349073e-02,-1.106772566796484086e-01,9.643229559943121421e-02,-5.628513537686956336e-02,-3.813558713420137081e-01,3.237943856146273669e-01,3.619741307140763587e-01,-3.103896013932143094e-01,2.367920759248805518e-01,-1.241874704219946141e-01,-1.328817726747157091e-02,-7.203454640028192357e-02
1.807693959835927622e-01,-3.800686376089249530e-01,3.401175445470622782e-01,-2.403708352497319067e-01,-2.733362435053429684e-01,1.109167016616917079e-01,-2.111706236071400900e-01,-2.286769070160820372e-01,1.023869000577832256e-01,4.878379340665109365e-01,-1.487342084155772112e-02,-1.875914464653825053e-01,-6.262602959581282935e-02,-9.886913579156562937e-02,-3.204321838229189368e-01,-1.349564419280208094e-01,6.995045263995518237e-03,-2.167810376469277989e-01
-2.597638176350860473e-01,-1.778411372265663261e-04,5.575241685193177421e-02,-1.982862891988829701e-01,2.607825274904111978e-01,-4.702181148842235481e-01,2.520708490007787517e-01,-3.825218851890301378e-03,-2.626730500100150217e-02,1.111611184586180079e-01,9.865030438103795929e-02,4.395930389944867067e-01,-2.529757849148711601e-01,-2.521396673756652884e-01,-3.136260423487907123e-01,-1.418339387524950729e-02,2.340277674945092090e-01,-2.012627357290892594e-01
-6.495721080954514060e-02,-4.319016859398413372e-02,-1.857762607203656269e-01,1.775115152762983817e-01,-2.614139185915121399e-01,-2.009117318179415579e-01,-4.572067041182112379e-01,-3.462351755986232960e-02,-1.607471117924585968e-01,1.268076140736863755e-01,1.127216330986040849e-01,2.303793076002938756e-01,1.644639046772402857e-01,-2.583109209911864101e-01,2.041891758680834668e-01,-4.166914194626764600e-01,3.347536627306648693e-01,2.830088618680380308e-01
-4.835124358232870678e-01,-7.072312102879976803e-02,8.081244665136927408e-02,7.847249394480616813e-02,2.776289129166788910e-02,1.104447605220780226e-01,-6.142260915832298968e-02,3.894567979120797108e-01,3.917444489824692955e-01,1.516801307723924380e-02,-5.058712824247642986e-02,-1.407916707628162900e-01,3.453897551721355486e-01,4.763812916311340601e-02,1.014588605180196945e-01,-9.751977332573842638e-02,2.849041152164401014e-01,-4.260214235333411592e-01
-9.167689774797088686e-02,2.754053078656471532e-01,2.980183481426025849e-01,-1.334151014979615413e-01,-3.057371069413127307e-01,2.264958980490812956e-01,-1.125306486106578130e-01,-1.972537206661903464e-01,1.381431599806462462e-01,-5.054478542260898433e-01,4.092115256089410291e-01,1.783129804999697143e-01,1.309855140927445281e-02,1.338222929619176660e-01,-3.020386651622719576e-01,-5.013942716589935705e-02,1.601648993137048949e-01,3.873295589804252870e-02
-1.172274677315657682e-01,-1.323403926823615018e-01,5.225202767374627355e-02,-3.834302009194462957e-01,-4.031611671016274157e-01,-8.095003357466776239e-02,-1.238602507651137968e-01,1.850601613316268101e-01,1.453527971100651572e-01,6.420519776341285234e-02,3.762391928028788884e-02,3.249959989664861770e-01,-1.347106446008421998e-01,5.154300759851647429e-03,4.476498452134811123e-01,4.706236793040455280e-01,-1.624716392924389907e-01,3.973659497255462025e-02
2.117295476619929506e-01,-3.911777366782104859e-01,-5.167687407626975205e-01,-2.761358858821063439e-02,-2.136007935000017455e-01,2.809752895397640282e-01,3.381236318196541024e-01,-1.030113194305899982e-01,1.432103218055938432e-01,-2.352599126049526312e-01,-5.830474880484334821e-02,1.740474542398440516e-01,1.462587426113772515e-01,-2.892627678277238656e-01,-1.131964649023985553e-01,7.477431147482478668e-02,1.952128002681261520e-01,-1.170520160623291644e-01
-8.083492148099118146e-02,5.711330665549251007e-02,-2.446375223090437728e-02,5.060095437930772766e-02,-3.257779491441324393e-01,-5.251893411142235513e-01,-3.404561682513088799e-02,-1.892737650721807441e-01,5.653187840995201052e-02,-3.746347938064603644e-01,-1.877941514233842368e-01,-2.858465728657066385e-01,6.558769421439045177e-02,-2.679508696965497982e-01,-2.192299721744131458e-03,-9.875388403790121006e-02,-3.730497967284072680e-01,-2.873349721291619252e-01
-1.136761227987428784e-02,-1.324992199095396672e-01,1.005547111782633951e-01,-8.484663969040524834e-02,1.856053977591661519e-01,7.892113489603147514e-02,1.262348517970363071e-01,1.966254183962768132e-01,4.497133264744737624e-01,-8.920963167569183339e-02,2.856927463191463179e-01,-1.993940181405238210e-01,-2.666875307737370249e-01,-4.203897824733906496e-01,1.299735214446692821e-01,-3.020872001902022985e-01,-2.069307949744397801e-01,3.732708407907959769e-01
1.294362491557005390e-01,-1.755035394172977520e-02,1.111642924910766911e-01,-1.293019214785768312e-01,-1.050491950878787439e-01,5.925245978959665233e-02,3.559372743389027094e-01,1.834023198394787654e-02,-4.117451110181676865e-01,-1.558207195731443895e-02,3.759142784413282423e-01,-1.109553188835732535e-01,-9.688383331705670287e-02,4.822142019833009635e-02,4.662905598427751208e-01,-3.158307074137848836e-01,8.948558642301308874e-02,-3.898628237227848570e-01
2.496091315559073043e-01,5.272575765748858251e-02,-1.427173771878893493e-01,1.340618158838712548e-01,9.881656103461963769e-02,1.245493569122717720e-01,-3.528026989827273696e-01,4.399346637834987139e-01,-1.216544750300111721e-01,-6.887181228584015463e-03,2.930592268023399782e-01,2.564958327384828096e-01,3.011791644082854880e-02,-1.640673337789868014e-01,-2.253343310032903390e-01,-9.909390932981515521e-03,-4.212695341159757301e-01,-3.613819649928334821e-01
2.866926842406460341e-01,-1.618326011996897018e-02,-1.594122903082295650e-02,2.498967154165472049e-01,1.873686160541009615e-01,-3.015701797246853610e-01,-5.955610459270967681e-03,-3.417466231623115802e-01,3.907056275898643238e-01,1.575459786759420000e-01,4.857031478028665528e-01,1.027758383183340670e-03,2.720454499646021151e-01,9.825335102652488217e-02,1.788670732997631185e-01,2.639880721853787859e-01,4.783548647951644389e-02,-1.046474067879591685e-01
-2.966389026821137365e-01,2.698675631489856272e-02,-4.705582414267967667e-02,2.696792813994705051e-01,1.837154788161090568e-01,3.567389686727489018e-01,-2.591867835771880513e-01,-4.602864157215054708e-01,9.258546009928095982e-03,-2.238068923270224164e-02,-5.919109477572939704e-02,6.777561814489369008e-02,-4.312528852286195424e-01,-2.351692433054097531e-01,2.400446658919538345e-01,1.142460402460581392e-01,-2.313073928730116635e-02,-2.740519627767148414e-01
