-4.843361174268313585e-01,3.036398679037486947e-01,1.015222594314673515e-01,8.288447739155546667e-02,-5.278396963240148537e-02,2.622884514607998763e-01,1.084923242319499846e-02,1.749783175345228925e-01,-2.525691694948942190e-01,-5.870266609203526192e-02,-2.656141694067290504e-02,3.837543021082871486e-01,-2.883136705433891889e-01,4.357000861030475569e-01,-1.814800249536950016e-01,2.777018328598434768e-02,1.783122078787863496e-01,-7.578142345133396206e-03
-8.205458646229074615e-02,-1.857647958573329164e-02,-1.245934746086986983e-01,-5.139232501464879865e-02,-3.627260247109439506e-01,6.562635937378975826e-02,4.861867985960353217e-02,-6.629988593660132712e-02,4.490963755043662076e-01,4.981071419471548301e-01,-5.388655363619298394e-02,3.362252846259504713e-01,-9.952961092337077320e-02,-1.371782286112887828e-01,1.663994076127339183e-01,-1.572064517453980112e-02,1.939398909639290236e-01,4.148478523167262733e-01
1.969997410165074125e-01,-3.412975674506338319e-01,1.909856326500328216e-01,3.548581606458369730e-01,1.195723594380306287e-01,7.112586330738733531e-02,3.898692465633732396e-02,2.040888081376508734e-01,1.118513141508585412e-01,2.119425275619553350e-01,-3.167024634726932075e-01,-5.543641523391227427e-02,3.689359153233333355e-02,1.135508996918885016e-01,-5.999917031653708710e-01,-2.545005434836042357e-01,8.696680329724697234e-02,1.113366502921258883e-01
1.410532812074238862e-01,-7.566938668748131314e-02,1.103998549280232888e-02,3.252594112869290344e-01,-1.620245564578785824e-01,-2.456597551135048796e-01,3.319485664922101620e-01,-3.316322789230698453e-01,-2.480141542089691620e-01,-2.458988028813452742e-01,1.024308015681369560e-01,2.348665887478540715e-01,2.191095255145760756e-01,2.450152628628187723e-01,2.080706651101927318e-01,-3.877322772686447316e-01,8.920822958152062332e-02,2.538328996742666988e-01
1.066474652850718519e-01,5.214540913730355554e-01,3.427221069792743546e-02,2.385865350272456387e-01,-1.642597491811306765e-01,-2.019820123886069130e-01,-5.187731277099418697e-02,3.046082446739203364e-01,9.511606606861371105e-02,2.377460906621254311e-01,1.545161839365750411e-01,-1.650009392182725798e-01,5.348903057380128834e-01,1.979783793670022718e-01,-2.140697533161710006e-02,1.647704780451482165e-01,1.459693157562758636e-01,-6.685711669257397849e-02
4.273805059429128250e-01,1.027806985702751641e-01,7.196085951363562216e-02,2.737337387336407635e-01,-1.891210454540705535e-02,4.720901571637022703e-02,-6.482230282173367941e-02,-3.635345973448460555e-01,-1.420546354441813430e-01,3.125952831935445153e-01,-2.627276928324846494e-01,2.905021432004665713e-02,-3.372568845179036989e-01,1.626944081347107829e-01,2.120247403720643964e-01,2.541536916999567741e-01,1.210259578659731022e-01,-3.681781880845169663e-01
7.491364775147364707e-02,-1.354636903070931819e-01,3.658951950145530874e-01,1.512125019418556482e-01,1.128599009295460642e-01,2.384476146471868896e-01,-1.121583782936865989e-02,-8.202099012059126115e-02,3.260402573839843443e-01,-2.280510044688387750e-01,3.076048282972920211e-01,4.758036874057117172e-01,2.374231402818030301e-01,-2.174037257880724883e-01,-2.981235987442969887e-02,1.728779132555988141e-01,1.723862770825701496e-01,-3.152761715406598997e-01
-4.871682053597352069e-01,-3.175591340342982100e-02,3.982321946302683213e-01,4.147388921983750087e-01,1.652100569085204751e-01,-3.878592413715269416e-01,-2.226215602719628373e-01,-7.713898703789490163e-02,1.206156921961186318e-01,1.600490410286638243e-01,4.342983117589113012e-02,-1.197426833142652275e-01,-1.573954180759818411e-01,-1.215968290430459037e-01,2.206618076174005350e-01,-9.451762705864963365e-02,-2.103518970722417503e-01,9.961197860830809606e-04
-8.254303260274434284e-02,3.280282041583457708e-01,-1.063598801119465705e-02,1.458719594567529365e-01,-3.006666243232373747e-01,2.002686026794393559e-01,1.452975496027588895e-02,-3.130272187212162355e-02,6.137149675534653986e-02,-2.158519354988865102e-01,-5.785157212754189482e-01,1.004710215724750055e-01,1.794661957767340887e-01,-3.367009526384667217e-01,1.626165104599096647e-02,-2.255128797859255740e-01,-3.279923578690549513e-01,-1.818927355935400503e-01
-1.263357319695528891e-01,-1.030512581787863952e-01,9.675485143081898054e-02,-1.367924524630721173e-01,-2.757389929789285099e-01,-4.431721017110901717e-01,4.227675939870346733e-01,-1.057030166379931552e-01,-1.729688969849220714e-01,1.346382387810454995e-01,-2.551632832473994111e-02,1.789091765360647790e-01,1.344029995897868743e-02,-1.356596708037716981e-01,-3.911865384096783194e-01,4.038997531833020127e-01,-2.144956167846687745e-01,-1.467897384257189075e-01
1.219581592548613647e-01,-2.661940743939992388e-02,-4.187810586131620050e-01,3.441663531242086238e-01,-8.133171073556957897e-02,-6.695967519618623021e-03,-1.494390872269265591e-01,6.405069165699654732e-03,3.177456956017408740e-01,-1.900099535209679447e-01,2.169883737006915447e-01,1.278520371731445560e-01,-1.779027399605145887e-01,2.736578177673201773e-01,-1.422440245494619726e-01,1.954647025354970258e-01,-5.405909097050085599e-01,6.200221402197661491e-02
-2.409194841876756699e-01,-2.363598879675968822e-01,-7.305730515896505239e-02,6.509389134512441090e-03,2.832205487446904368e-01,8.133226466654377984e-02,-2.011719068957792088e-03,-1.540007992283379257e-01,5.162751146488211290e-02,-5.861180891154411238e-02,-4.490458385011983911e-01,1.564720949454869933e-02,4.246205865255731071e-01,2.775784827241150610e-01,1.907719672700290692e-01,4.723976003709464133e-01,-6.676820439338743314e-03,2.126610840532301427e-01
1.993408494429063094e-01,7.508881345997064916e-02,-1.051930921493921325e-02,-9.321061107595535189e-02,4.490410886234968424e-01,-1.998509155538912008e-02,7.953603410800459683e-02,3.166301463123963877e-01,-2.402362786865019639e-01,3.517278088653227330e-01,-3.765051069712277345e-04,4.712645614712199782e-01,1.014797632329567517e-01,-5.651752168514547620e-02,1.970856108622207892e-01,-1.271735796632368631e-01,-4.051582328117688814e-01,3.209852252290961577e-02
1.934483976381612680e-01,-7.120318742572566417e-02,6.022546608106810889e-02,7.232626876137278338e-02,-1.925126817616304442e-01,-2.146154308814244571e-01,-6.040031423144610612e-01,1.642525683665194691e-01,-3.540812782499414557e-01,-2.030784623322048899e-01,-9.971905936790954883e-02,2.336969698681372609e-01,-1.839915351383874381e-02,-2.510467125879560779e-01,-5.145677276458020255e-02,2.251054995514903956e-01,1.370167015432573465e-01,3.272622633913090384e-01
1.419482625013895882e-01,6.378110559052913020e-02,7.379698787787856984e-02,-2.943597771974186816e-01,8.683451861458475751e-02,-5.162252177718342772e-01,-8.812207132247111552e-03,2.190330316585838988e-01,4.153438682910418622e-01,-2.828428573621342701e-01,-3.128479271227146419e-01,1.874884811959180997e-01,-1.791364482874715225e-01,2.674723921653411884e-01,9.623254953731394390e-02,-1.161946236573750540e-01,1.534615638032561236e-01,-1.616387765370145280e-01
-2.573203096054465511e-01,-2.667020245127047495e-01,-6.192061696534342241e-01,2.047599870352327933e-01,3.410861413245708934e-02,-1.728222209762814709e-01,-9.488016106868202293e-02,1.195012026953770068e-01,-1.036218843866908157e-01,1.074974795585385834e-01,-2.420429108007685071e-02,1.397169080088487836e-01,1.064897656407282761e-01,-1.415099368844466299e-01,2.880711768499095299e-02,-1.369981544349423153e-01,2.993216097999548686e-01,-4.472615426533364524e-01
-5.446267605908804155e-02,-2.216607218046703076e-01,1.460320875632279414e-01,-3.476656097661376954e-01,-2.961954468118286887e-01,2.975060568216377280e-02,-4.591866662509338504e-01,-2.309147340649619073e-01,-3.901564989218849616e-02,2.197731814562881303e-01,6.067762156343659702e-02,8.766067499226229409e-02,2.719712567790359969e-01,3.685478859749438674e-01,-6.607572819223160587e-02,-2.591011867188700024e-01,-2.293532015070360031e-01,-2.404701183971672818e-01
-2.880277289950141165e-02,4.166226299965943847e-01,-1.861080327958438418e-01,-1.009705956391323406e-01,4.114948128854468146e-01,-1.558967145169609936e-01,-1.920198823454312143e-01,-5.449879038822548205e-01,7.247654728590322004e-02,4.612429164799755621e-02,6.864181123001807973e-03,1.220549104644335497e-01,6.504071557594343078e-02,-1.156889901571079154e-01,-4.186094657139635689e-01,-1.081912248205106480e-01,1.029925362422419999e-01,1.255538222103533552e-01
