6.364446061074371386e-01,3.443446991534952484e-01,1.723034771480711491e-01,-7.037032874261564541e-02,1.211729866576844172e-01,1.639814425795597941e-01,-3.982009393091669458e-01,-1.249292972458190126e-01,2.726235106727996071e-01,7.036983730761778300e-02,-2.183212821422265137e-01,-1.381927846045442054e-01,-1.774750678335362472e-02,-1.327751659863395661e-01,-1.640063281456596578e-01,-1.451628732594574533e-01,1.184084845029396149e-01,-2.890096868391346229e-03
-3.564916471372554102e-02,-1.682810844290806573e-01,2.425023962521190291e-01,-4.200962146594585528e-02,7.254244211468013903e-02,-3.415417779659774555e-01,1.257786914512842025e-01,-5.624233153828732679e-01,-1.653178685108313006e-01,-1.349992741568469823e-01,-1.169899825603651494e-01,-4.055931292020706347e-01,6.604536881563800865e-02,2.766546696778717784e-01,-3.323477499070841001e-01,-7.792238085922842394e-02,7.173520569960066540e-02,1.716538117655018458e-01
9.280104614237205674e-02,1.496248984634406809e-01,-2.183081860549963282e-01,2.317377212107922524e-01,1.211868094424288639e-01,-1.178427488566302916e-01,4.938649932792421038e-01,-2.938746782588132489e-01,6.102337324467626417e-02,5.989960859952001004e-02,5.016801898269431653e-02,-7.179657153215575349e-02,3.253419485614768986e-02,-4.463801670781901154e-01,2.324482534890857099e-01,-4.618723412814375040e-01,1.558211067552986093e-04,-1.616972814952598037e-01
1.614318454439671868e-01,-1.313847338309706847e-01,-2.322188311921188630e-01,-1.321544900538023648e-01,-3.055163211348836394e-01,-5.813345032829302095e-02,-3.106520015638957188e-01,-4.724827016094618713e-03,-3.559737799798167734e-01,-2.814040089025713898e-01,4.531166531464383973e-01,-9.822749628022676982e-02,-1.419706995511944569e-01,-8.957385281627290585e-02,1.049431679737362899e-02,-2.541502085382191245e-01,4.030429048132420644e-01,-1.258833508046937055e-01
-1.797157758314988085e-01,2.099828203401663262e-01,1.393064900796028571e-01,-1.488473522098517909e-01,1.750662736541315490e-01,-3.532863637231553056e-01,-1.821898328240852405e-01,1.804851864788669172e-02,-3.077930525055280198e-01,-1.348691196248695545e-01,-1.128605814459752443e-01,4.236114120909680869e-01,-8.248482947685752131e-02,-3.875506889033851765e-01,-3.831592878522621648e-01,-8.483501973611441704e-02,-2.297329094892328061e-01,-1.554811495439181179e-01
5.943018373391174836e-02,1.653681212966758851e-01,-2.021598660849018847e-01,-1.076144519459689697e-01,3.223296305710343646e-01,3.493785669683959760e-01,3.426232345553631986e-01,1.407625097149070581e-01,2.243125924833464652e-02,-2.731161595750444260e-01,1.798242529381579857e-01,1.268444853047057674e-01,1.674197327214019260e-01,3.441353156168893146e-01,-4.661047187649529633e-01,-1.410152092660682532e-01,9.496426049180368978e-02,-1.933078957490455274e-01
1.164138600222843212e-01,2.321631332029445716e-01,1.415162291992386467e-01,-1.603077344763859102e-02,-3.147517341566419269e-01,2.025877130479859234e-01,8.996130886704215013e-02,-2.956313735402431031e-01,-5.104946302280227721e-02,-3.123017264506428026e-01,3.005994465821046902e-01,-6.116926548115765583e-02,3.449739338878334838e-01,-2.250020947862829690e-01,1.917368490105523030e-02,4.474629435995639004e-01,-3.255740086707262226e-01,-7.874421205023635073e-02
3.542177125469385679e-01,-2.110836697117007277e-01,4.842158235142244305e-01,4.228081086814472478e-01,-1.417121509968691795e-01,5.117121887323443537e-03,1.435486875686357577e-01,2.592166582037551681e-01,-3.091305920586666089e-01,2.178573937289344509e-01,1.543204173739410323e-01,1.791993233508877570e-01,2.086529142516295454e-01,7.390044811688452342e-02,-1.120342906529230298e-01,-2.078543277277894730e-01,-6.863763466585194595e-02,2.048210138102155020e-02
2.546639878857682171e-01,-3.405744700686590964e-01,-9.958309684960291175e-02,1.176986134907798479e-02,-2.107502844566817579e-01,-2.108737741514068176e-01,1.862322818001860836e-01,-9.384015377192896079e-02,5.024331279288876129e-01,-1.767089230214093643e-01,1.036012678510727647e-01,4.102262238059710686e-01,-2.154554508906538490e-01,-1.148138886339886700e-01,-2.607316079126968389e-01,1.133109938499908820e-01,4.975563482041647778e-02,2.667301396261123614e-01
-2.864638582713642245e-01,2.971341182535336967e-01,1.540887655374987286e-01,-2.193927485775327979e-01,-1.060065086712883853e-01,-1.517977761953515081e-01,-6.688138618571179417e-02,1.558745165739890137e-01,3.119725394657709150e-01,2.131258611929722768e-01,4.678647260275586861e-01,-1.174655458641524625e-01,2.234938865979226308e-01,-1.747613168884035867e-02,-1.056576609447528181e-01,-3.224234094521034044e-01,-5.836303709964810182e-02,3.879390301154621579e-01
-1.551103005963570293e-02,-5.090654291040762683e-03,-2.603049680362056195e-01,9.707678257390167653e-02,-3.048546780649913912e-01,2.248182806947319201e-01,1.046401300448376870e-01,1.696397546220845542e-01,-1.289437800651589416e-01,1.892827592292068983e-01,-9.851795556430979761e-02,-4.058313558322371728e-01,-3.657296944819075080e-01,-1.848859711948514228e-01,-4.660450867215042425e-01,-2.485250881771622691e-02,-3.403025964816553950e-01,1.045092366774319076e-01
6.506481517702328299e-02,3.387030930124094730e-01,1.080655378874049825e-02,-9.582004472079817814e-02,-1.663111836079959049e-01,-6.683840948155928257e-04,1.010142417731654807e-01,-3.735633065898287253e-01,-1.244863818912347597e-01,4.491984692463794060e-01,2.181866857117799041e-01,3.007701903621335382e-01,-4.200698379736864663e-01,3.678224983254196889e-01,3.950380931141470736e-02,7.427463425393975027e-02,-2.585899196437916464e-02,-1.396172066483732932e-01
2.681558973363908915e-01,2.398653753409695222e-01,-2.119149286597255821e-01,6.629923170668430843e-02,-1.616677637008702428e-01,-5.942037554008628986e-01,2.593392193746495850e-02,3.110048006733773795e-01,1.042395480836845190e-01,-1.755191406475906934e-01,-6.190949713564340012e-02,-1.673170529676823448e-01,4.961942302000789395e-02,3.443163375268499804e-01,9.745667707139915592e-02,1.789735423179957680e-02,-2.879318240702054554e-01,-2.395893405764422945e-01
-1.390215852243144312e-01,-6.431040817102945395e-02,3.179048951686013202e-01,3.453444579281758076e-01,3.101816110901863266e-01,6.410845269210539710e-02,-1.646462073419870387e-01,-9.381561992468673283e-03,2.461710729556193522e-01,-2.752565749967343378e-01,3.607225155177285481e-01,-1.722879133866137280e-01,-4.800363804132052881e-01,4.602900060237691965e-02,6.063762434483673663e-02,-4.311354124371197249e-02,-2.263529994950243263e-01,-2.078382258505548918e-01
9.144190078748699879e-02,-1.157987267206057359e-02,1.316995346225735275e-01,-1.373734386852288880e-01,2.356215276695404204e-01,-2.489359191472351462e-01,2.337812915300828132e-01,2.246896985141457470e-01,1.712241297801418705e-02,2.985600115529003507e-01,2.302550663981386136e-01,-2.651718113162203627e-01,-5.705683395961642923e-02,-2.633833222962879139e-01,-1.468664256917101285e-01,4.819734755926813330e-01,3.718082342286642139e-01,-2.348654223232981564e-01
-1.383738143191628744e-01,-1.381585182344202412e-01,4.001069784705547638e-01,-4.019961528578924748e-01,-4.076111112660240066e-01,1.085158485122397765e-01,1.960440616852533180e-01,7.206437288032832567e-02,2.330563735990166252e-01,-6.286431269594798532e-02,-2.284217549334404407e-01,-4.799466568166455005e-02,-6.692023049360301679e-02,-1.179423175634229139e-02,1.730176211796501107e-02,-2.418211428121856965e-01,4.244562882500170498e-02,-4.904959786396980714e-01
2.175636893012236062e-01,1.664895038675697214e-01,2.282337825300090328e-01,-3.483436947356843283e-01,1.182653954145839459e-01,4.471779609343507628e-02,3.424527681762208897e-01,2.146788720760110514e-01,-2.557329274558211019e-01,-2.996375982811616545e-01,-5.106796014375821618e-02,-3.884446409235476488e-02,-3.451949770460056022e-01,-2.638008684179965133e-02,2.986026278634629216e-01,-1.376149973100218062e-02,-4.377307776123390975e-02,4.491577387637130103e-01
-2.582174547156780853e-01,4.646783883298591933e-01,1.346300638488909518e-01,4.658377071950358661e-01,-2.899718723488142191e-01,-1.618041788983011139e-02,8.645538172183064862e-02,8.336206773638618617e-02,3.368400710069962417e-02,-2.292793643504228707e-01,-2.070539728988253225e-01,3.393012789098832915e-02,-1.017589404084342647e-01,5.442476790590370641e-04,-9.700606069875376825e-02,9.139860345569786326e-02,4.974223545070441399e-01,1.011145882109965588e-01
