2.366897387435751010e-01,9.729593134418158817e-02,-6.118706411213154471e-03,-5.259761363874460027e-01,3.754111306730865127e-01,7.406481223240797551e-02,8.252214207786830180e-03,-6.310607725765903300e-03,-1.783860938542477237e-01,-2.446378525143412530e-01,4.497818867546055782e-02,2.267224692505718509e-01,6.344656650017378718e-02,1.521323486538566083e-01,-3.700614618580574944e-01,7.202389504121868569e-02,-4.436241473484096032e-01,-9.781417895540687329e-03
-5.647257797081998293e-02,-4.368351620550866010e-01,-3.950115594617112369e-02,-1.790032438306576185e-02,3.832343951609381572e-01,5.813457993080306530e-02,-4.507766828093784928e-01,-1.515482369479278189e-02,1.764563305477299393e-01,-4.921191742057993979e-02,1.459763857462696435e-01,-3.578070405863893050e-02,-4.799013082054779389e-01,-3.531681281980279113e-02,-1.983517732769240205e-01,6.452259285046019199e-02,2.646719025062610475e-01,2.217413933728246411e-01
3.526201922704008673e-01,-8.285763267042098312e-03,-4.062428225010149552e-01,9.726754609230904569e-02,3.938099183188181057e-02,-1.770446502749714601e-02,1.326995202738002200e-01,-4.535115614277865359e-01,3.862711448035283796e-02,-1.841546543490702251e-02,-7.660899136970648893e-02,2.543545979088293052e-01,-1.143681742642547183e-01,-1.152680579450998666e-02,-6.517230007578682371e-02,2.047106361587191226e-01,3.109953477813602873e-01,-4.974621811120121251e-01
2.373101541236817200e-02,7.378191241268215739e-02,-3.460669740401595140e-01,2.609176935541142051e-01,4.014820255782547420e-02,4.316994277926306522e-01,5.094350021249925003e-02,-8.369148289685145181e-02,-3.771457858083573922e-01,-8.385487327993089435e-02,4.497589965327013495e-01,-3.951870065051404923e-01,1.870751377328540854e-01,1.221684077374575184e-01,-1.384443949509155114e-01,4.735015296741029028e-02,6.227382567658778373e-02,1.601288352540038706e-01
-1.018996290153820932e-04,-5.223333334117108429e-02,1.478807674149919815e-01,4.227494621977818667e-01,1.044396437522449317e-01,4.016134206844711452e-01,1.607214040505454966e-01,-1.447804209224504979e-01,4.460057506617665646e-01,6.335135672124556951e-03,2.056511152226679351e-01,2.660589399654067488e-01,-6.173695173355663729e-02,-1.829165145882653554e-01,2.469771935904398197e-02,-2.517507062432001314e-02,-4.760587101092632611e-01,-2.248458748345105035e-02
2.065946566506761672e-01,-1.905371656591682006e-01,3.891756657872306735e-01,-2.274717920693592466e-01,1.546298205708797335e-01,9.533362247961779667e-02,5.505509972810658514e-02,-6.055330889779182019e-02,3.345170932465726388e-01,-6.873362696197604649e-02,3.006496103012479271e-01,-1.114340294513024993e-01,5.037108235223730635e-01,1.382654362171153728e-01,1.104136112242093681e-01,-1.084229305463424720e-01,3.715007707329631703e-01,-1.545357570658887625e-01
3.246602810952117779e-01,-7.704319212480558593e-03,-4.462597331261962397e-02,3.211615808960960883e-01,4.507649619179064648e-02,-3.082939688295333047e-01,-2.035062658818074730e-02,3.291410807967345420e-01,1.294798981828936546e-01,-4.784258372870960341e-01,5.828783396304936491e-03,-1.201662299259729887e-02,1.034588872060286935e-01,1.014270692901940718e-01,1.882409209164477848e-01,4.961133235317050638e-01,-5.168627164513640848e-02,1.803180793845649277e-01
-2.429022279761201275e-01,-3.704705472299456570e-01,-7.283326791903931008e-02,7.478154056172757469e-02,-2.255705487145762966e-01,2.757870055149840849e-01,-4.689057895049817959e-01,-5.788697242284635003e-02,-1.351109254784972069e-01,-1.286585945486846405e-01,-2.712758709782249755e-01,2.925836598127585786e-01,3.866095195800198780e-01,2.427357961618989701e-01,6.094971982302703484e-02,1.118974684274241377e-01,-9.538950238245164082e-02,-1.223216377818051592e-01
-2.602243728067283324e-01,-1.979621014165561799e-01,-4.084285415162908217e-01,-3.605452976270867027e-01,-2.305546622349931019e-01,-2.099592882994744947e-01,1.151382560437474861e-01,-3.044322541077091326e-01,3.139977210985430145e-01,-1.338305856242713032e-01,1.581180431845571055e-01,-1.151471481366441590e-01,1.959275447989698715e-01,-3.030751664373020904e-01,3.186970118580217254e-02,1.480228320622996585e-01,-1.520686659582878297e-01,2.491073577891979307e-01
3.195195417194032217e-01,-2.363575704538603828e-01,2.880638987698941889e-01,-9.829712003793622532e-02,-4.648577847600239288e-01,3.177621107445287307e-02,1.418039365044909406e-01,-2.907627896209930007e-01,-2.653971626654944016e-01,-5.262538015897093302e-02,1.976732958059780054e-01,2.354213249439043865e-01,-2.784427238938501081e-01,1.721131854363650848e-01,1.433963299982875250e-01,-2.375897304605821547e-03,1.719372707051078017e-02,3.632152137518008805e-01
-3.583609135466944151e-01,1.461673249551175280e-01,2.129270553658565990e-01,-8.048902768823239240e-02,3.313059373153632303e-01,1.525139507426733210e-01,1.172649649578510062e-01,-2.397067103405134958e-01,-2.920333773190436077e-01,-4.085337968120665852e-01,-6.916180547593746286e-02,6.792437926200625697e-02,-9.047526035366362795e-02,-2.661597653197153579e-01,4.578535350840408635e-01,1.427256062022547456e-01,1.525799390147934143e-01,-1.653249272181272697e-02
1.526146007650348684e-02,-4.046281953424836209e-01,1.624955501352628173e-01,2.255981958268492293e-01,6.460919713651730456e-02,-4.513575390034637591e-01,-5.135114356963274562e-02,-7.292030602095596337e-02,-3.750471530027173483e-01,-6.812476138230862122e-02,2.482638164477835307e-01,-1.092522414329962915e-01,8.919124541959612407e-02,-3.075799614802819382e-01,-9.845049065888934747e-02,-1.795035227955262269e-01,-2.453273258011106073e-01,-3.454839038081705116e-01
-3.866853604875210570e-01,4.994071866979130775e-02,2.507878167333895680e-01,6.650529970354687737e-02,1.063420033775686405e-02,-2.058508783738514647e-01,1.079935317721289201e-01,-3.040057902444663895e-01,9.701592745523446304e-02,8.090311752912988930e-02,8.030163387383405793e-02,-2.453020932487971206e-01,-1.473836716781262435e-01,5.613422443135471784e-01,-1.481914625780319794e-01,3.781588212017823469e-01,-1.372416652705169826e-01,-1.757471613787638387e-01
1.371055244316021771e-01,-4.700511281958922871e-01,-1.548456361937206316e-01,-2.239513659000007956e-02,3.646064278235137679e-01,5.580685113752037463e-02,3.639558402403001991e-01,6.882464391216073021e-03,-1.007375467481954473e-01,3.518168994424363261e-01,-3.374185942908914382e-01,-1.859071489327689397e-01,4.868595785072132170e-02,1.598074089792528574e-01,3.287291303217070859e-01,4.570046128367231952e-02,-1.674974493446835799e-01,1.369684851452463437e-01
2.609757607088270537e-01,2.399901718546547102e-01,-4.978389665311151735e-02,7.547374702426151716e-02,8.943864833556958160e-02,-1.223409178548074683e-01,-4.153737577428736061e-01,-4.532487539009049660e-01,1.231685428537267202e-01,-1.425181984744358088e-01,-1.768583347247243143e-01,-3.077069462765765762e-01,-8.616200643172429452e-03,1.540316064330350954e-01,2.660076181123511851e-01,-3.859977902877119726e-01,-2.242371452841625534e-01,9.952036040195656741e-02
-3.692138318667075036e-02,1.491704465002019753e-01,-2.023001233940205368e-01,-1.351575795494145138e-01,1.101766029433176169e-01,-1.374278604857186725e-01,-2.691975868315081288e-01,1.282431639241162769e-01,-5.770441123675901923e-02,3.755295718968342245e-01,5.181220542545375007e-01,2.745762151703868281e-01,-3.218776001360471040e-02,1.323147761605153183e-01,5.047182649395711707e-01,9.986571342176049637e-02,-1.130336545833664497e-01,-1.141260771023657888e-01
-2.686896841989772633e-01,-6.607377443909159820e-02,-2.555153758513890594e-01,1.574575406116227871e-01,1.397518027104270588e-01,-2.270026772860424813e-01,2.888080012442763578e-01,6.729489215578124406e-02,5.130355753094679311e-02,-2.931671886260087678e-01,9.287067340225836631e-02,3.364007775435730596e-01,-2.162464480015133337e-03,3.954643110890237456e-01,-1.569969040617312170e-02,-5.279214338020682407e-01,1.263586020490323203e-01,1.126031284083360146e-01
-1.853126239406028067e-02,1.733720220579734739e-01,1.260279907632775309e-01,2.357596302666068178e-01,2.557289910578903758e-01,-2.449933927578122617e-01,-7.131798697547366006e-02,-3.030936690682232704e-01,-1.086332126631222306e-01,3.321576938120527345e-01,-5.532035249025809426e-02,3.070595407116668563e-01,3.776497500317052003e-01,-1.165081371278387373e-01,-2.273213560268115552e-01,1.348795179758046636e-01,1.527488439223000094e-01,4.548549065358903909e-01
