-2.791571668559754138e-01,-9.494166034871196272e-03,-1.209086747451470177e-02,-1.915250958252828206e-01,-3.285327364382428228e-01,-1.671623239116482862e-01,-7.270284046391596589e-02,1.167566096887289774e-02,1.168601008701309757e-01,-5.521951318528766500e-02,-1.825328637611554894e-01,-2.997010421192822238e-01,3.354122370512610529e-01,-5.664647293172354187e-02,3.665442294849354243e-01,-4.467899554051881217e-01,3.874797637918721560e-01,6.467554282808490873e-02
-1.344306949192960177e-01,3.432559136007579115e-02,-3.066452566157295001e-01,-1.438524440810280136e-01,4.038486542857877559e-02,-1.567787927914522095e-01,-3.695347970117568992e-01,3.454643184184381655e-01,-1.584850782317215045e-01,3.093244398803310369e-01,-4.351507668703236131e-01,3.268760360299796663e-02,-2.969913741906304305e-01,-2.740966866768399512e-01,-3.089207024316677902e-02,-7.555117425506485684e-02,-2.516470303580233270e-01,1.984137544626973781e-01
-5.093807526837385025e-02,3.966196363879842535e-01,3.701429877885494824e-01,-1.639402729607076226e-01,-2.839871368189194611e-01,3.400677341306325152e-01,-2.479627155003108763e-01,-3.970264137959754469e-02,2.044637211077579009e-01,-8.305072369606202043e-02,1.364163753750960266e-02,-2.018386281843645991e-01,-4.845348746294425579e-01,1.400821474662955757e-01,-6.335443102961242634e-02,-1.740954389509046796e-01,-1.364166215338346866e-01,-1.410746294407048129e-01
4.671069709155558636e-01,-2.800653296465398234e-02,-3.499751777604919734e-01,-1.722251511791232648e-01,-9.937639642234739890e-02,2.214945585851682830e-01,5.441936001802991085e-02,-6.654450810446436992e-02,-3.060425310789656739e-01,-4.218687565622571412e-01,-1.495764185127072265e-01,-3.109593500895615481e-01,-1.429143308828341730e-01,1.198811196933354806e-01,2.294002140820737001e-01,1.294524401156655347e-01,1.464797011932316914e-02,2.597313859086469723e-01
3.683841323410623481e-02,1.357027894691812675e-01,-1.961837705608415749e-01,-5.010680974820860140e-02,5.644591426181287952e-01,8.870043077748740457e-02,2.940127974865607841e-01,4.037980013418667746e-01,1.738313785114811716e-01,-6.361347299164772651e-02,-3.031777106940671419e-03,-2.937589751657674886e-01,-6.149512700661727282e-02,1.380954658724038997e-01,-1.974823131009155464e-01,-3.692991174844433844e-01,1.307148588614122087e-01,-1.654196023854367370e-01
5.270513885026974210e-02,-4.037411249084499332e-02,5.723881956758706396e-02,-8.856264622525300556e-02,4.365364220677449003e-01,8.375223467458170479e-02,-2.001331594855724205e-01,-3.523283039094557423e-01,4.170398549959014045e-01,-7.901157867865520046e-02,1.030170050829350009e-01,-1.382573479632473457e-01,1.486000004464147206e-01,-3.047258228285078530e-01,2.220939064035480359e-01,-9.766182727858675749e-02,-3.702919171391100273e-01,3.192074247573927215e-01
-1.467014079439482310e-01,-1.156812274403245938e-01,6.447387452914862815e-02,2.628059167077992364e-03,3.429720495544271164e-01,4.301144530987758841e-01,-1.701290016023659368e-01,-3.403191847225810474e-01,-3.818979698700020187e-01,2.726667661184403735e-01,-2.985599492656330067e-01,6.540438574928156279e-02,8.752481509212169108e-02,2.717158836833640789e-01,1.958128637884799239e-01,-1.305790550494548841e-01,8.126404889625800376e-02,-2.375856473178195039e-01
4.436625126298707755e-01,-1.649689898267023835e-01,1.821043777901142080e-01,2.371770007075524045e-01,-1.415587733515187852e-01,5.597651023693123867e-02,-4.671210118286605456e-02,-1.053540404562827437e-01,-1.967342664662495022e-01,3.328760634782716443e-01,1.063264664666955100e-01,-1.778308296728835225e-01,3.677663642934925203e-02,-1.462408651671054383e-01,-3.794661747448889177e-01,-4.577180135177344455e-01,8.908493076523764376e-02,2.710438379143955134e-01
5.285829615684724953e-02,-2.519043974355844595e-01,-1.008725500549335352e-01,-4.683242689909411505e-01,1.071672018294047984e-01,9.777017054681493013e-02,-5.018480022266297302e-01,3.236976789514324493e-02,7.283198648211783310e-02,-3.180138243938423342e-02,3.004388976632705877e-01,3.358269598682558921e-02,5.674388914793619156e-03,-7.275365121531908452e-02,-2.836806720343120203e-01,1.839129531305681020e-01,4.544562791141616431e-01,-8.026576614896775708e-02
1.636668700631319917e-01,4.356352534998507164e-01,-2.538969920135855651e-01,-7.167585646198536276e-02,2.285437304136005154e-02,-1.969030775785893250e-01,-2.452190135697745934e-03,-3.480625646826463471e-01,-2.290642637920162761e-01,-1.131281335082000711e-01,9.847096175025091269e-02,1.337651468299558832e-01,-6.662350142676078460e-03,-4.491568621545586892e-01,-1.885956598194295231e-02,-2.103664364708052459e-01,2.501047647692164477e-02,-4.620689226335219502e-01
2.384179416344280322e-01,4.625307927623561466e-01,3.823641611082223002e-01,1.126845136766765898e-01,2.065073780840682993e-01,-5.531606475328486316e-02,-1.675285546763961575e-01,2.722027132147620265e-01,-1.422984339290304934e-01,1.674064803412540492e-01,-4.971650208282342442e-02,-2.240831693584895978e-01,2.264784751430078402e-01,-1.477054861505389949e-01,2.168848597962709235e-01,3.778373663404137606e-01,2.370520240206518969e-01,4.893608096522493456e-02
-1.321396545447013626e-01,2.598731707272508573e-01,-1.480895427958479503e-03,-1.121379604877527497e-01,-7.800010977364758152e-04,3.251712694003892068e-01,-8.525092095316460410e-04,2.934737038654216534e-01,-2.722794959670066794e-01,-1.341026935368613560e-01,3.710758222740662138e-01,4.784948774506582181e-01,1.744575591134165937e-01,-6.832142041139098454e-03,1.243094360612969074e-01,-2.699958247539296363e-01,-4.706191060419703115e-02,3.615821267099951219e-01
3.938329523408932165e-01,-3.080360815850061162e-01,3.206197089795669308e-01,-4.418395588597098106e-02,3.874090909994350879e-02,-2.013975926468578870e-01,-2.460110750151864867e-01,3.059461077574264776e-01,-1.019784538777878530e-02,-3.089013618497852276e-01,-1.388190552705886593e-01,2.423641177308549499e-01,9.921042232477064737e-02,8.719792566544078138e-02,1.795949818215599458e-01,-2.437848704139421174e-01,-2.320703775885984421e-01,-3.354853651070493492e-01
-2.163875741162655242e-01,-1.812676413038351309e-01,2.582886823949784305e-01,-3.291196701680049186e-01,1.288469673883795574e-01,-3.328586127724571520e-01,1.613850026474038246e-01,-1.107110849735457384e-02,-4.546341303892107444e-01,7.850103888097295646e-02,4.020248246866447994e-01,-3.331749866108181801e-01,-2.120156105243664046e-01,1.541500680001366141e-02,1.410506179097402446e-01,-1.497919590563691165e-02,-2.021040478534007756e-01,-9.137603890083745642e-03
-1.569580041818101068e-01,-8.268647609201497384e-02,-1.644771613273232347e-01,1.104835121203167625e-01,-2.142700678710719453e-01,3.340732832042146994e-01,-1.285517349751431893e-01,2.143038517622424532e-01,-1.202522628393463966e-01,-3.888270138160568323e-02,1.299589609634632104e-01,-3.810327020687694355e-01,4.518705118209518368e-01,-1.599250710474435233e-01,-1.721047121148042425e-01,1.122695082514830328e-01,-4.079320469561673601e-01,-3.047223960383262376e-01
-3.216800302262644573e-01,8.361443653212996541e-02,1.778868222703172408e-01,2.259716643941175329e-01,1.759342285566476982e-01,-1.943697546007793209e-01,-2.209654518235812937e-01,-1.327594616334027422e-01,-2.484411234774977772e-01,-5.647706470806688195e-01,-2.149279488334065180e-01,-7.422625085852305182e-02,6.557449513035429334e-02,4.333204590947185852e-02,-4.329991929476634804e-01,-2.177971272328567062e-02,5.082478686906501814e-02,2.062146405501809610e-01
-1.577038556321234131e-01,-2.745593906977724652e-01,-1.419982570339748534e-02,5.270581082668754913e-01,5.635655212121199603e-02,1.904865260956388751e-01,-9.008336207772747739e-02,1.373075355770189687e-01,-2.878547471572370786e-02,-1.701035193269593015e-01,1.835041558903211523e-01,-5.214769341028756278e-02,-4.051012973535593753e-01,-3.870421779584637956e-01,3.175005857624245698e-01,-2.952359076761563311e-02,2.545433930398249833e-01,-9.374924730996103683e-02
4.388894506385689065e-02,1.683440298084773190e-01,-3.435100708459306595e-01,3.440974073221325646e-01,1.637208690661006924e-02,-2.925844764316720692e-01,-4.428677205344717094e-01,-4.315418277854489448e-02,3.317286276669438594e-02,1.007084836870294903e-01,3.548526891361864499e-01,-9.493675370900551969e-02,-5.252803663878856735e-03,5.162640637698946433e-01,1.549311734765805026e-01,-8.823007797667932472e-02,-7.011005717571151818e-02,5.307041406235459523e-03
