-3.693303677372851146e-01,3.218502720818450791e-01,-1.316733743754865127e-01,1.371205964720298709e-01,2.275440696502078475e-01,8.363666545566467506e-03,2.413610655317428577e-01,-8.120996696420303140e-02,9.901729426902984924e-03,3.990565939825330699e-01,2.485540055952338012e-01,-3.102879579401450760e-01,2.415191718878314797e-01,1.450419166124766734e-01,-3.720071181836621110e-01,2.410346543559691301e-01,9.825916768058633177e-02,-6.525807634165148308e-02
5.299908271291839390e-02,2.629349979051201491e-01,-4.536509587699544821e-01,-1.110318856951502259e-01,-1.827138537531572127e-01,1.728755411021401234e-01,4.273045435761689825e-01,-8.965502238177919248e-02,2.877549490161593893e-01,-2.849744305650323550e-01,-3.339851191119878604e-01,-2.124142221113735907e-01,-1.739622751404818618e-02,-2.985263272221406194e-01,-5.282154096648573188e-02,-7.308666385210686386e-03,-1.093562948207489338e-01,1.764352145126504290e-01
2.753269260121994910e-01,4.925571892118388861e-01,-8.981599565459312540e-02,3.107945029199657080e-02,-2.696886313230089649e-01,-2.119009920015100523e-01,4.180909997723847998e-02,1.531354880463368096e-01,-2.477702648624813264e-02,1.644335275001754804e-01,-2.135247076564777136e-01,2.992488763803933249e-01,1.369123737544614416e-01,2.120173767869540093e-01,4.667028983018448735e-02,-1.401924073394088810e-01,5.027846780611695543e-01,-1.691194387873181659e-01
-2.880398537608496179e-01,4.862877819921710559e-02,-2.199305431018458989e-01,-1.827015835585319159e-01,-2.436518842689594788e-01,-1.810576672859856573e-01,-2.579708822188367945e-01,-6.526742865434466412e-02,7.483934617267948286e-02,-4.723064279646128905e-02,2.855677131152685178e-01,-3.411810275276760951e-01,-1.303302901436274031e-01,-2.299132706233824319e-01,2.077951223337394515e-01,-3.025634070803110420e-01,1.223211767234809177e-01,-4.946159829503823935e-01
4.021759405994542180e-01,1.788964573480507081e-01,2.442542742280263968e-01,-4.591484130593522783e-01,2.521938805652696944e-03,-2.573909673080059801e-01,3.145342668998808711e-02,-1.737304192085839805e-01,4.900568458569812443e-03,-7.730236200582470130e-02,2.773156908851129310e-01,-2.042918625128306298e-01,-3.878468790193854709e-01,2.416825900616749456e-02,-3.414241616751322872e-01,1.168402588712709050e-01,9.564868240189279558e-02,1.527291673399455985e-01
-5.231789552044056879e-03,9.227608022618680184e-02,1.007416548377130100e-01,6.615383234219550379e-02,-3.086485249197972736e-01,3.413343082899773506e-01,-3.728736874303328896e-01,-1.905757215564053697e-01,1.746965184950604044e-01,-1.341353234712879539e-01,3.400493645247933405e-01,7.102109541195669729e-02,3.903635652742211692e-01,-1.762324489071932232e-01,-1.355674637764412438e-01,-5.721282016268666726e-02,2.455224952254925208e-01,3.940078359047923806e-01
3.851052324592929565e-01,-4.595561810597915131e-01,-2.360079359241311070e-01,-4.817570881290585832e-02,2.222105467998306549e-01,1.501785243849639018e-01,3.177413048679179619e-01,1.851284945972659080e-01,2.660080976684766063e-01,9.143435902511141966e-02,3.406970453152236566e-01,-7.174118885939892443e-02,1.343563599900027827e-01,3.510238929087837467e-02,1.124955947643744014e-01,-1.188501183160096952e-01,3.525123046210267286e-01,-6.816927854847699975e-02
8.053852683493287201e-02,1.032701683667367962e-02,-2.533116767281462511e-01,2.758694276318602312e-01,-2.485295566829902880e-01,-5.387177162352257964e-02,9.100844327357524022e-02,-1.407297972335500302e-01,2.096061725576496559e-01,2.736087965545203060e-01,3.515742809256657275e-01,4.538980540704579680e-01,-3.179931556987106167e-01,5.981913126867644155e-03,-1.897644989775728042e-01,-1.545969868693568561e-01,-3.875454555271998780e-01,-2.640998579696031759e-02
-3.467128449035806748e-01,-3.398526993413299863e-02,3.071850492015213985e-01,-4.036950366335368412e-01,6.461032951726657092e-02,-5.455843414930216378e-02,1.860199760338144825e-01,1.811183623928302178e-01,3.204126666756407227e-01,5.844726440914858878e-02,-9.771813996233950916e-02,1.684707502390636324e-01,1.461740860530647002e-01,1.028731013844020881e-01,-2.204271345015402506e-01,-5.538734263312562467e-01,-8.917740365847390271e-02,8.640964900793986214e-02
-1.946503059609744901e-01,-1.849181234054549372e-01,1.209567890322877370e-01,1.908477109150402973e-01,-1.406246793553309060e-01,-3.987671188407816009e-02,3.750839332587439512e-01,-3.059499263521155976e-01,-1.687559521454961020e-01,-5.770633282872930092e-01,9.456437050447233372e-02,1.793074475994063111e-01,9.807099926278256899e-03,1.885662799216595020e-01,-2.339757924967037495e-01,4.858134776004811688e-03,2.296460466647933796e-01,-2.747201256398088542e-01
4.513217781348079216e-02,1.284069171795608200e-01,-2.824156199337100048e-01,8.595634191086566622e-02,2.929325339298918252e-01,-1.451494970040080384e-03,-1.842641677619386575e-01,5.136716065356100591e-01,-3.309235267623854004e-01,-3.130152266374460202e-01,1.301468826925057110e-01,9.597154130070272016e-02,-1.818732545353376334e-02,-2.226666376721863350e-01,-4.298713637382316488e-01,-2.043194007116704292e-01,-2.489213016621250052e-02,7.483688055656378111e-06
-8.539093595369905143e-02,-6.483494332111151837e-02,-1.823578008643434445e-01,-3.226899603845344022e-01,2.953811774977262994e-01,-1.389852075304132961e-01,-2.186389269691309256e-01,-1.832188350672062649e-01,3.066601419175159493e-01,-4.046300606722738613e-02,-1.073525830755153870e-01,4.648209540842306864e-01,1.340630816050102370e-01,-2.484796361324817515e-01,-1.142314301846572844e-01,4.211566534544322060e-01,9.041545946121958000e-02,-2.482137288678715470e-01
-2.479045705619837836e-01,-4.178697489765392792e-01,-9.901660870216009991e-02,-2.989455440983108253e-02,-3.327552451675255818e-01,1.815736885661236276e-03,-1.047685465388251656e-02,1.293854554509983046e-01,-1.446450685128976288e-01,3.104205234999191099e-01,-2.569444472940638491e-01,-7.254989954326043419e-03,-3.160317810879011979e-01,-2.024578805164451989e-01,-3.097715230329310954e-01,1.085613925211254827e-01,3.951812276471951546e-01,1.936927377743331569e-01
-1.370356148773501925e-01,1.132231123839078368e-01,-4.532556096731668767e-03,3.121305126855380627e-02,-1.548343027781462489e-02,4.124349797854134358e-01,-2.217961335207380424e-01,3.063295021743363544e-01,4.101730830050178689e-01,-1.939782244710157866e-01,-1.897537931890213789e-02,-4.376314793489726601e-02,-4.037115006572315479e-01,4.656077111740208885e-01,-3.967662392422273421e-02,2.066692552837839369e-01,8.889164506532311327e-02,-1.180122290624075199e-01
3.226517984735750577e-01,-2.313635934462204558e-01,-1.327804506186054147e-02,-7.878929705320478205e-02,-3.273413280353794086e-01,7.508344737909450339e-02,-1.745450816354787993e-01,3.618049051347370371e-02,1.680735352114734113e-02,6.594017745233532457e-02,-2.086563712172098128e-01,-2.250017800783306876e-01,3.606241282568511397e-01,1.737493245051946189e-01,-4.298438016374444004e-01,4.370178042816766362e-02,-3.122767158998919212e-01,-3.849584515887890523e-01
1.577136816508586392e-01,1.292754213617692549e-01,4.951508535960851831e-01,3.369037730360578409e-01,1.422371797969192997e-01,2.375589159475789414e-01,8.570084283013439108e-02,-2.828694539673525573e-03,1.951379773654375038e-01,1.188194356929009321e-01,-1.298387226190752253e-01,-4.840870810909049526e-02,-1.561676479608755941e-01,-5.162990091546735272e-01,-1.275406705720458500e-01,-7.986940773899545154e-02,1.023679919310111208e-01,-3.467580032999706963e-01
2.614821587682157264e-02,-1.283173920903556142e-01,-2.395077583902735160e-02,4.565093358211727570e-01,1.193628878987069430e-01,-5.961256328577364538e-01,-2.035277104522994762e-01,-2.347801753464048152e-02,4.329349391676852732e-01,-1.518090838078301752e-01,-1.582150263122466538e-01,-2.293970153656611222e-01,2.780890342048212421e-02,7.340434413045814066e-02,-1.139953192589509418e-01,-7.885244529391265134e-02,7.591004739859100181e-02,2.074086188630378247e-01
9.013840820895226147e-02,-1.732283842406034599e-02,-2.302079371567851973e-01,-3.895365746858786647e-03,3.559776003261793664e-01,2.696590406224549930e-01,-2.366588624189497336e-01,-5.484471875441614408e-01,-1.264692343253714102e-01,1.074698267292102244e-01,-2.618291153010532946e-01,-3.653959265751433039e-02,-1.606781257160665999e-01,2.043020999415225136e-01,-1.308356157462808589e-01,-4.251783971151367192e-01,1.393999918632103652e-01,2.946473246205800339e-03
