-3.178935484125872679e-01,-3.804305124238144958e-02,-2.369037899684137138e-02,1.634830276202244304e-01,4.856211826116274000e-01,2.636494430007603751e-01,8.788986068773591009e-02,2.574995712925928215e-01,-1.790444244803437723e-01,5.951603501397062512e-02,3.185454965041188413e-01,5.171390481247515464e-02,3.253899782175596611e-01,9.382090425568988257e-02,-3.277701088919081629e-01,1.978711261583185332e-01,-2.800180046966327940e-01,-1.068500335521814226e-01
-1.840355512078014066e-01,-1.335375705615403641e-01,4.678189716958501831e-01,9.001797859125405810e-02,-3.364866949059900914e-01,4.149476982211724313e-03,-1.607354166889874703e-01,2.598057665196866206e-01,-3.433872207592099102e-01,5.378241559631651014e-02,3.058631361906129498e-01,-1.991824990954302876e-01,-6.769239981501821470e-03,-2.748016374747971891e-01,2.284916213360821680e-01,-2.234248341960148876e-01,-2.096856526124120379e-01,1.976745082654167429e-01
2.503640475395991771e-01,-2.195251405474090145e-01,-1.147010584138090233e-01,-1.345577855383974994e-02,-2.137496329435638331e-01,1.519318828520317168e-02,-1.056769094613556059e-01,6.156763007221018880e-01,3.967056943353132192e-01,1.852174498543590064e-01,1.140767624620628133e-02,2.774860027326053746e-01,-3.281175704246541008e-02,-1.805288882401639983e-01,-3.457659391066130739e-01,-1.320671591525979238e-01,-9.978651917199505422e-03,-8.502856968631939891e-03
-1.188173609881300608e-01,-2.196382378597318275e-02,1.359554533603720382e-02,4.273107021128470101e-02,3.528547786717973200e-01,-4.241561037163153469e-01,1.512325410840169027e-01,2.255074490772563389e-01,2.707668382293606513e-01,-3.802965695131650392e-01,1.945491429253723703e-01,-3.654377963579580890e-01,-6.228640055140705761e-02,7.881787608431824188e-02,-3.861311554005772417e-02,-3.803891581111297215e-01,2.156836273438297036e-01,1.145293742150161609e-01
3.460407643773047437e-01,-2.207974584041168253e-01,-4.754943152828977615e-01,2.400703348353757927e-01,6.975259021490795575e-02,9.320244159751270296e-02,-1.827579278798902376e-02,7.787618220158362692e-02,-2.947727250830626811e-01,-1.351027080142484793e-01,3.180757702546270771e-01,-5.828589004757218223e-02,-4.143829753106269553e-01,8.074604202136896614e-03,2.540002105394303933e-01,-3.164570483056046435e-02,-9.301440793228453463e-02,-2.686335980483317565e-01
1.818361307754905731e-01,2.317504437255725469e-01,2.373063674003919599e-01,4.786945720367138946e-01,1.626592898542318921e-01,-1.688382164770866334e-01,4.529225624867175837e-01,-3.722801777605541651e-02,1.410948594164458392e-01,4.582555147974556320e-01,-5.030218290033232342e-02,3.096367710182957103e-02,-2.646713980468660687e-01,-5.433356047655552717e-02,6.223111295864328096e-02,1.597098746872807227e-03,-2.212786948796315323e-01,8.389186161252422391e-02
-2.204269719505656533e-01,2.025371271687566588e-01,-1.208056739730479501e-01,-2.632648523260133211e-01,-5.636625461265470233e-02,-1.452975097485008915e-01,2.387508268063830152e-01,4.473217361961476790e-01,-1.777872875646490103e-01,8.076960063316121485e-02,-3.512213903393702208e-01,-3.265335038759540898e-01,-1.272395427117246347e-01,-2.067721156060626508e-01,1.021024497209191001e-01,2.789865581079353785e-01,-7.213932591655980767e-05,-3.602573921337343665e-01
1.478317160307914269e-01,1.958556043365022523e-02,2.784969872384286393e-01,-7.415354556512873674e-02,-1.881506673442327471e-01,-9.105070717488498999e-03,4.566062647297616794e-01,-1.745174949436333056e-01,-1.241023851499619829e-01,-2.200676048826190612e-01,2.309212863278816696e-01,2.045081246420280274e-01,1.313480775364872788e-01,-2.181003075010930770e-01,-2.420554556048616912e-01,-1.747558652063811446e-01,1.827733097535199636e-01,-5.233905709437569609e-01
-1.711334637517859802e-01,-1.212223612097806796e-01,7.142064071799741898e-02,-7.159485901370279959e-02,-2.860627981499208050e-01,-3.577350721377177134e-01,-6.018314566438719149e-02,-8.069907256962390030e-02,3.841426675285246062e-01,9.919937063195972959e-03,3.296551182110861733e-01,3.829589401060134318e-03,-1.644563946482845845e-02,3.598296143624644117e-01,1.388078338708741977e-01,3.158748420396884082e-01,-3.485246631093176228e-01,-3.150208701391713495e-01
5.789097157705817842e-02,3.450864384594628520e-01,-3.362412232703833048e-01,-3.187251907577527410e-01,-1.610669722510425783e-01,2.931356002226743751e-01,3.172881450068515963e-01,-7.012965093195470956e-02,2.365854945498283568e-01,-6.773308877880741818e-02,2.363643048631930976e-01,-1.583738784067606209e-01,1.386934011236282960e-01,-1.583946067468791907e-01,9.915315301866703401e-02,-1.856426864659123932e-01,-3.959724220357173086e-01,2.419397261575345348e-01
2.342217596362417276e-01,4.133578395094185676e-01,7.875797743319475769e-03,-9.196069170195320108e-02,-3.584962617019382680e-02,-2.397313938825721899e-02,-3.093691061996401426e-01,3.176338577596955065e-02,-1.470788024341286304e-01,4.098703596606196320e-01,1.388562437667006655e-01,-2.940399453854284362e-01,1.156036656657761508e-01,3.746341456583683893e-01,-1.763426498928728492e-01,-3.313038957294638931e-01,8.845579449476344280e-02,-2.634649724558798534e-01
-9.540448476330589539e-03,-1.237913402139193680e-01,-8.922861843372532908e-02,-3.220656547052753171e-01,8.846702364582935407e-02,-2.559477421055543211e-01,2.813338849406809561e-01,1.915877577300415802e-01,-2.898934966389710155e-01,1.836883666829220718e-01,-1.237775617248913773e-02,4.757286262930426335e-01,1.711446277194270948e-01,3.337014813304853278e-01,3.480727319004571774e-01,-2.404621507720514917e-01,1.866807894167464305e-03,1.408135537675908322e-01
-1.355141661785685681e-01,7.339136756981282095e-02,-8.666606699835589789e-02,-3.787316731269032566e-01,2.757053292318321636e-01,-3.078368671399653866e-01,-2.163970471958716058e-01,-2.346742545275138092e-01,-5.382860775605884107e-02,2.805671213798163754e-01,3.313854593296593487e-01,1.739221700614553279e-01,-3.067445435867304226e-01,-4.515174123218091418e-01,-1.583520249453535533e-01,6.000840928018662951e-02,3.722481334605454856e-02,5.404957491554854970e-02
2.517227720909330155e-02,-4.015358521801885572e-01,-8.658306095881641851e-02,-1.143376376944738176e-01,-8.653393307916826260e-02,-1.993612966883174797e-01,1.246863384168338806e-01,-2.209664394084012717e-01,-2.376408611182703468e-01,1.862019274015887585e-02,-2.977329308771399785e-01,-2.289614725878053869e-01,-1.061250340289738442e-01,1.015811984234268883e-01,-4.920524352618420028e-01,-2.008412271981578623e-01,-4.450633619748449177e-01,7.717573789583304089e-02
-3.414330555091896202e-01,-4.513144144886607756e-01,-1.238695580359112230e-01,1.061731418003835975e-03,9.843259636844394964e-03,2.859476563223128931e-01,1.538605611096836023e-01,-1.819150783475463051e-01,2.395162173024464325e-01,4.609252693456183936e-01,1.403889116199356392e-02,-2.186833362531407643e-01,4.136075145665561725e-02,-5.868714050197806203e-02,1.812844962651140313e-01,-2.481189659038642858e-01,2.637541476775910332e-01,-1.969187815553867515e-01
2.211553120987106158e-01,-1.493125344799053900e-01,-8.279505325919737924e-02,-3.981889811756213204e-02,-2.188729629969884127e-01,-9.101748719921350095e-02,2.765376863647600603e-01,2.343315410014335659e-02,-1.473687373468100248e-01,1.681536384053747835e-01,3.097259545290587668e-01,-2.733726847936659432e-01,1.210753285298542120e-01,1.055211586831651394e-01,-1.784066962147027868e-01,4.593648205086424685e-01,3.927518984465065977e-01,3.789390372008288321e-01
5.410138707906907429e-01,-2.725682585749690245e-01,2.804563126476043999e-01,-2.747554447436538205e-01,3.855846447695345791e-01,-5.039541245641730727e-03,-8.235060103173001689e-02,-7.519045073250316645e-03,1.183616655346027280e-01,3.900332454951904726e-02,-6.803834621587369347e-02,-2.262820483953671968e-01,3.113497025967080223e-01,-1.826024094872367165e-01,2.497177804616073638e-01,1.364883834136018104e-01,-1.712386905785718283e-01,-1.066237555714633356e-01
-1.597518155794824812e-02,3.638469192931762658e-02,-3.881164226304134601e-01,3.861230935039254297e-01,-1.174165146698719353e-01,-4.328675167864978746e-01,-1.139411672866614822e-01,-1.074155176216514407e-01,-6.209136843644470077e-02,6.078681099926397380e-02,-5.848805157208843142e-02,8.656313407332831751e-05,5.771382699999625387e-01,-3.393465787909253351e-01,7.946971262814093995e-02,-4.942484322178582190e-02,-3.576627071334865376e-02,-6.132328330644933045e-02
