4.090786483271706131e-01,7.639143519460417364e-02,-1.596252062456573195e-01,5.403790793674634330e-01,-9.753269347291432245e-02,-1.943857582263805450e-01,-9.080371972026983485e-02,1.744912361072944729e-01,-7.230962483084531212e-02,-5.401770439417512282e-02,1.232698205467866737e-01,-3.952591228772813770e-01,-1.312197008326222991e-01,-9.314374797586325028e-02,1.720709840331160201e-01,1.224158101944476801e-01,4.019289496335618495e-01,1.083105556662764118e-01
5.898874864875307544e-01,-2.225392060159351038e-01,1.304623871952274583e-01,-2.018971434880101612e-01,-1.423284941403126780e-01,-1.320313907803170594e-01,2.952817581471423383e-02,-9.012919914646837227e-02,-4.809540336703529984e-01,-6.447772916140039057e-02,-3.791299643936416053e-01,5.762373673044798861e-02,1.394212265664813641e-02,-8.105234242740780304e-02,1.644051086852874599e-01,-1.088865639532332480e-01,-2.228056573974379617e-01,-1.421814172606704063e-01
7.119725642481419814e-02,1.452981158252141802e-01,1.909268502623798769e-01,-3.038194625384854075e-01,2.813909510500470779e-01,1.306242605886647756e-01,-3.305510697397076036e-01,2.870397349076748705e-01,-1.799445074374576847e-01,-2.759256838118923777e-02,2.680907695017725190e-01,-6.894929514132727699e-02,-4.776307211596457214e-01,2.821982359067540247e-01,8.664935694888101225e-02,-4.898437892324242204e-02,1.099833213963831990e-01,-3.429603376348280830e-01
5.387735501188934545e-02,3.037659698481049927e-02,-1.823848201554488513e-02,-1.633945591594920255e-01,4.215979772008928567e-02,-7.106061299389242192e-02,-3.410921078479117047e-02,6.705302337410280755e-02,9.884543422662706025e-02,-3.953893034940604290e-01,-3.508371251133035051e-01,3.477566811582673972e-02,2.586693804402278030e-01,6.433280792794727754e-01,-3.476431649938508490e-04,2.483752649171387661e-02,3.601492420693594432e-01,2.348466320240435723e-01
2.200512371542935885e-01,5.951505890815026942e-03,3.780321296230396699e-01,4.129441879514109681e-01,1.949819274385563850e-01,-9.298996308442621095e-02,1.279378363747392111e-01,-5.651139024223075097e-02,2.540655523166178154e-01,8.010792093267674052e-02,1.709273972843820266e-01,-4.972174654636798974e-02,1.056803059427977309e-01,4.455720913440563979e-01,1.054083891546754997e-01,-7.595521191101817227e-02,-4.900899029700795384e-01,-4.957886943026999782e-02
-2.778456413722729668e-01,-3.484040017056571625e-01,-2.887796276376317084e-01,5.949483249143035918e-02,-1.262449492632482795e-01,7.297933124810217220e-02,-3.588457556306208496e-02,-2.186285892866727254e-01,-2.596765293647435580e-01,4.477668836901920746e-01,-3.867444084633613749e-02,-3.041499385575681114e-01,9.151079775832966778e-02,4.107850817032180912e-01,2.011375462026486483e-01,5.929523351940249598e-02,5.769661215788598335e-02,-2.403819557709366839e-01
-4.308624827239376093e-02,3.781535237609845446e-01,1.308641316241706820e-01,-1.929668848647350665e-01,-3.986094415187459439e-01,1.532348569938355443e-01,-2.633835273491612616e-01,1.011613387081082283e-01,-4.952627975956957335e-02,1.749620231021831521e-02,2.279249981167504047e-01,-1.669995359628556608e-01,4.499945845221782204e-01,-4.967204670971549912e-02,4.303883031031189299e-01,-1.892933864785514841e-01,-1.106352498920641497e-01,1.339427010615713287e-01
-1.572621984196469480e-01,2.864482533642269124e-01,-6.304739762333727571e-02,-7.133884597884553556e-03,-8.339961068613795103e-02,-1.022375320674793892e-01,7.572234866348585836e-02,-3.448673311143937714e-01,-3.608662538866176939e-01,-1.820472625892120833e-01,5.842062244009643690e-02,-3.182432815649414715e-01,-3.432360814316846032e-01,1.547525663622919267e-01,-2.625659216263721563e-01,-2.288715481252074080e-01,-2.350686487273651315e-01,4.008960926573237327e-01
3.131220652112085001e-01,2.114216192164134756e-01,-2.046773103113948833e-01,-1.329386827516070846e-01,-3.280730114753795390e-01,2.161796395727133002e-01,-8.185494909169917233e-02,-2.212684157275336683e-01,1.637179587074822917e-01,9.384507995577641426e-02,8.697975247805520005e-02,1.820467836072340029e-01,-1.918386825148217512e-01,1.844488221841458220e-01,-5.335618247338008019e-02,6.357216133218580589e-01,-1.720642224369093587e-01,6.268269423278337305e-02
-9.451534435906037979e-02,-5.898542271788636410e-03,-1.203504611207315694e-02,6.365008010275600980e-02,1.773265756471715734e-02,3.940624984864274372e-01,3.547662250696115294e-01,-6.887614360054503115e-02,1.578355784697332564e-01,-1.148919251179173345e-01,-2.267434062664742678e-01,5.748572516999604642e-02,-4.072610801708044792e-01,-3.344298231615366185e-02,6.356934284327445672e-01,-1.190834461757369900e-01,3.499499182947014148e-02,1.459866677608821495e-01
-1.753043493551221799e-01,-1.340926912249686964e-01,2.807519259844334925e-01,2.248701705027197906e-01,-4.863738972571775010e-01,-2.206517432878169760e-01,-1.835321194160986491e-01,1.591995179950851935e-01,-9.123164796092625428e-02,2.089202202606296466e-01,-5.400414478024289505e-03,5.018943664257072834e-01,-2.776013441433421991e-01,1.568301138796315830e-01,-8.116401179257022938e-03,-1.409984256970238936e-01,1.253663443987589610e-01,1.908000991363875687e-01
3.259159455190906995e-01,7.272525933906719142e-02,-3.985376411888551518e-01,-1.820399854789332139e-01,1.539002791748905752e-01,-1.818738046117418794e-01,6.020263292623902890e-02,-2.659334405120124534e-01,1.597622330999609874e-01,2.696629191735558373e-01,3.066453470187772146e-01,3.002210479533474752e-01,9.733768983413139397e-03,7.977397505054641125e-02,8.749478280655006990e-02,-4.740017713003402133e-01,1.896494618157710532e-01,9.080760598683720874e-02
-8.479130313303374217e-03,-2.587251799598232482e-01,-7.565516515213866790e-03,-8.712870562382728223e-02,1.571768553785693467e-01,-1.453676221573446947e-01,-6.701168520276706841e-01,-1.834877608814299288e-01,3.675638881370653088e-01,5.326289166577956313e-02,-2.497143176926728825e-01,-1.938546135699507622e-01,-1.576874262643532532e-01,-1.370485530940774577e-01,1.263820637477036657e-01,-3.228146265361888506e-02,-1.710202247088765393e-01,2.626652021644890755e-01
1.231926144656193267e-01,1.662781589281534661e-02,2.974396090980788165e-01,-3.468304362950311304e-01,-2.873841213612719492e-01,-1.162907568848989409e-01,3.257251379818693060e-01,9.308793246702967705e-02,3.799022459072178282e-01,3.457518598557511869e-01,-1.371134088564899545e-01,-4.275400633623201441e-01,-1.503242734883392384e-01,3.417716057697205417e-03,-1.927526733114491297e-01,-9.870801598185019454e-02,1.709788699766939812e-01,-2.663936355653044596e-02
1.344408460055347976e-01,-2.599910289737897284e-01,3.616157613357880440e-01,1.048462925639173371e-01,-1.216607828717061190e-01,4.519633663301193538e-01,-1.311906855415636286e-01,-5.123054051713659129e-01,3.121279021169986664e-02,-2.018951484304346011e-01,2.197502903269206997e-01,-2.848260396503557099e-02,6.673446007737376950e-02,-4.676502560974469397e-02,-1.941109037568195805e-01,-1.367351998478405495e-01,3.371928492326949356e-01,-7.924137734238280439e-02
1.914085288660381801e-01,1.412861608064595598e-01,-5.459975735754055842e-02,1.756881803388440633e-01,1.740754660586268932e-01,5.589359996194477320e-01,-1.208628235244679078e-01,2.649167669802898195e-01,-1.275394366820511161e-01,4.160986789119608398e-01,-3.029876217241727065e-01,1.919293705114141768e-02,7.478444741676526508e-02,3.672114519420095757e-02,-2.925866461128620033e-01,-1.840198605131808662e-01,-2.337070771148359871e-02,2.711479368871167472e-01
9.983269257197380231e-02,-5.943194766194230816e-01,-1.497476505047630746e-01,-1.880970060071224526e-01,-8.386256203633085660e-02,1.554628511531405410e-01,1.291939838768733917e-01,3.817041043955695656e-01,-9.911165864105276474e-03,-1.601127532944228993e-01,4.089058171402271680e-01,-9.298024111182423557e-02,-6.717390615236190285e-03,5.767349277138976438e-02,-4.946403849922749452e-02,3.766812270074883489e-04,-1.867853108053097178e-01,3.783274462498644741e-01
-2.547897009172950256e-02,-1.188475308272657002e-02,3.859025092695476666e-01,-1.622430076803081100e-01,3.766284431415869993e-01,-1.243967379701955422e-01,1.190113717192757131e-01,-1.547415460813935661e-01,-2.726078675007572172e-01,3.085140733053789996e-01,1.361596282795858037e-01,4.084075650692799847e-02,1.015992596168330125e-01,-7.614693519465606797e-02,1.912568438880108412e-01,3.826434629543882249e-01,2.141552587601694146e-01,4.402862868655130768e-01
