-1.469386964357048408e-01,2.471283440660715092e-01,2.981341845759445941e-01,1.981725038302368375e-02,-2.853216198501223877e-01,-1.002324519689468812e-02,-1.080236538527669897e-02,-1.473794611765402440e-01,-3.887812980665018570e-01,8.106460962789931168e-02,3.324470415855598215e-01,2.284793397534640169e-01,-4.803127921964249203e-01,9.824359442806822329e-02,-2.748665829309869801e-01,-9.327419640762116271e-02,-2.058944220971721806e-01,-1.930569205313075187e-01
2.500140050237773526e-01,2.805472281258256095e-01,-2.890037086594229865e-01,-1.478873451168409847e-01,-2.494178550307762365e-01,1.970898897069892630e-01,6.280010694763794171e-03,-8.599673400015804547e-02,-3.650955856593990911e-01,1.284545711044735722e-02,2.644038082822646185e-01,-1.528486129066334576e-01,2.335586493236755934e-01,-4.513858928750347221e-01,-1.563829510399508405e-01,6.255324342623293232e-02,2.871077851418302740e-01,2.215258995371481299e-01
1.139191709855213730e-01,-2.519300644393560606e-01,4.307236357763236656e-01,-1.249184844140395767e-01,-4.162055703578629307e-01,9.419202155595608750e-02,8.144116521799486808e-02,-2.252429699186791756e-01,2.925829231880059389e-01,-2.385069858465702075e-02,1.778906058663718148e-01,-2.522010606511837505e-01,2.658904320794455711e-02,-7.774977359699866003e-03,9.298821467854581635e-02,1.009720379145325336e-01,-2.646246309421001475e-01,4.603260427364477825e-01
-1.492872422753500627e-01,3.349629789116430334e-02,3.691019176927891055e-01,4.392971708092489047e-01,8.466275130986876396e-02,3.873247115587343803e-01,-2.147153589408366259e-01,4.808384858095727798e-01,1.139554699743863635e-03,-1.314608543779323957e-01,1.791141021164898706e-01,-1.173565489144709623e-01,-1.117719835170938592e-01,-1.661344735078335855e-01,1.242511437860525370e-01,1.623998429513478226e-01,2.558640325816977090e-01,4.864940394443507954e-02
-2.880337560201434166e-01,1.562456798237748523e-01,1.190243163825755041e-01,-3.659581567315707273e-01,-3.270255127128667838e-01,-9.467477679274469149e-02,-3.241721626407342294e-01,2.313523435024026353e-01,1.673373332002446590e-01,4.360272765902462044e-01,-3.239383112204404780e-01,-7.476456367639186529e-02,5.489700149592221384e-02,-1.125461796169854450e-01,-1.337247592924809825e-01,2.794182769962997304e-01,9.449332704129601024e-02,-1.442139034414419985e-01
-5.012757396111986452e-01,-4.073828976746006469e-02,-1.840906331099720350e-01,-3.165875013144088257e-01,4.863327318423061457e-02,-7.696737930570411723e-02,4.052693342327343823e-02,1.843071722233058929e-01,1.014857494571931584e-01,7.480829814746317585e-02,5.026739940639142201e-01,1.407852292904266112e-01,4.209579320473687963e-02,2.300754020323840798e-01,1.544430976105446163e-01,-2.244529072270839698e-01,2.372107319550217086e-01,3.089345545279595928e-01
2.843194362861368174e-01,1.037122420402593059e-01,-1.878418848494256277e-01,-1.752045481206317840e-02,-4.315379570889206484e-02,1.093582635372077894e-01,-1.203012577074302888e-03,3.434054630706796507e-01,1.750140250288979848e-01,3.352518141844815919e-02,-1.292115624756974002e-01,6.216943899356399683e-01,-2.301243982537281296e-01,-7.944825688407164410e-02,-8.240523277049932593e-02,1.181079606059624032e-01,-2.194759782555562033e-01,4.218198415132230483e-01
-6.666895386552795788e-02,7.482873825393772382e-02,1.655790291297247474e-01,5.146604288259952475e-02,-2.604256239452502064e-01,-9.566378868206064368e-02,-9.438815478920682678e-02,-1.966129058092799808e-01,7.649849288507480638e-02,-5.141873126041389686e-01,-3.482480123620996376e-02,4.355026348459249408e-01,3.707885078623194830e-01,2.234817037727552247e-01,-1.212731323899160912e-01,2.515553910553136041e-01,3.235210020359745031e-01,-6.445679366920871456e-02
-1.130097395221140860e-01,-3.467643104912536689e-01,-5.955779131542741911e-02,3.068254985527554823e-01,-2.552785201133164761e-01,-2.564732503966167809e-01,2.412117912270935471e-01,4.203216929344139041e-01,-1.263743705822702734e-01,3.089727810039046701e-02,3.791538674672730036e-02,-4.959914838703789047e-02,3.275521064558770679e-01,-4.564253604768207101e-02,-4.711425147917284173e-01,-1.363758521562721260e-01,-1.808697445520278668e-01,3.359190114865749904e-03
-8.449652793583334320e-02,-1.155976085870480674e-01,1.972593061810430995e-02,-6.355389265671711196e-02,2.609868326223320212e-01,-4.369727722969848904e-01,-2.394241151899946518e-01,-1.101890835441060729e-01,2.722645552275867464e-01,-2.390924889525073149e-01,2.732994467537736005e-01,4.730119521723804427e-02,-1.560896584946905585e-01,-6.011130277024876456e-01,-1.801881628195393936e-01,9.447563828884987525e-02,-8.477383006616620587e-02,-6.356394731645745311e-02
2.275497357658856912e-01,-6.414182963984275954e-02,-1.336987202968776267e-01,2.134107178334718538e-02,-2.613092669949022007e-01,-3.237250611446591542e-01,2.839940142890516953e-02,1.286270966857493980e-01,9.660487316657782875e-02,-2.009513750824847012e-01,-1.353228614183916989e-01,-2.838839481275045040e-01,-5.408049177782049410e-01,1.778385049446429278e-01,-1.011627799688700063e-01,-9.075761571791844673e-02,4.829439916604140737e-01,1.045259569907724673e-01
-2.925592328232041184e-01,-4.545155733284886868e-01,1.061446644367620429e-01,-9.388395290946574545e-02,-4.090620319221262291e-02,2.575475656966345062e-01,7.411997118392035788e-02,-2.133791374406303065e-01,-2.070683524119149577e-01,-2.238979638132390301e-02,-3.993323349484665385e-01,2.410709151547309192e-01,-1.524194539542871873e-01,-3.481287596501766446e-01,-2.430813257045413497e-02,-2.949699006724959549e-01,2.463505982560347529e-01,1.226504646411054888e-01
2.663313503388087602e-02,-1.937132891347157770e-01,-3.115676368919531591e-01,4.467894361551539850e-01,-2.032138970912455156e-01,4.737962060915871382e-02,-6.172638470775621000e-01,-2.912416969880590178e-01,1.172460301234376362e-01,2.919290090434744078e-01,1.118973538863264061e-01,7.378986113325053386e-02,2.498024418636009963e-02,1.045108807363646086e-01,1.062315300279376151e-02,-1.553334013657083346e-01,1.534777117631369765e-02,5.229721382506517802e-02
6.900081315513177660e-02,7.111047168614710590e-02,3.208310276955795293e-01,2.328772583249442973e-02,4.719555514229594184e-01,-1.940410180058838585e-01,-1.824696395174919827e-01,-1.195652250785206178e-01,-2.269804514662363271e-01,2.099014608856946684e-01,-1.121009892894224425e-01,-6.017971810818348311e-02,9.418930953664007844e-02,2.107867323401619031e-01,-3.923049033176038147e-01,4.145028138821742897e-02,1.467643654516524176e-01,4.863040788325294073e-01
2.755191556352219462e-01,7.829440255944307425e-02,2.988395273928681206e-01,1.721392622625550484e-01,-6.219343154609525276e-03,-1.523885036627374845e-01,3.427683816185139731e-01,-6.600229552091022023e-02,2.911930739460856232e-01,4.747469505535906187e-01,1.513411847116045428e-01,2.579267063443027586e-01,1.013026923357838865e-01,-1.653921766541600613e-01,9.030610376150455254e-02,-1.974509027272206285e-01,3.742472885287749240e-01,-1.717162910557564481e-01
1.894256248800044728e-01,-2.873485829550212478e-01,1.130767764165444278e-01,-5.947699234938506885e-02,-8.179444740496881472e-02,-4.155946545987813101e-01,-1.580955659993974471e-01,1.553684395066140811e-01,-5.119790637804827460e-01,8.077795937136304782e-02,4.503162890295715759e-02,1.505946852219117449e-01,3.999720378264152304e-02,-3.492082535263397319e-02,5.452349986297244655e-01,2.066487604800587297e-01,-5.360325343878855932e-03,2.224660242386677575e-02
4.316037283045923711e-01,-3.273415678683965768e-01,1.484129977590673277e-01,-4.373139711582115230e-01,8.900569103727538900e-02,2.598283427984679483e-01,-3.072207007070372753e-01,2.189921477402562433e-01,2.485781905968169336e-02,-7.199100921657329566e-02,1.890708392502596369e-01,4.880584540507496016e-02,8.115861992884743081e-02,1.448334585679384168e-01,-2.232256212633553782e-01,-2.562329516576387634e-01,4.855770031950402965e-02,-2.935714162881922218e-01
1.699756698697427876e-02,4.128704990694238575e-01,1.946113847975270150e-01,3.814644168925644587e-03,-1.227467155224714890e-01,-1.869849678160349638e-01,-2.418301869660589298e-01,1.356779016021809059e-01,7.501430566224239274e-03,-2.209250429848301223e-01,-2.015958944833735611e-01,-3.773088462544985783e-02,1.761321880678861640e-01,-1.262371173796864587e-01,1.952559947056327627e-01,-6.702044284152908205e-01,-1.536346696689499802e-01,1.251035790698984962e-01
