1.728319334343493552e-01,1.806110198423859226e-01,2.305776177906309898e-01,3.630461067755302168e-02,-5.045650743123069049e-01,9.276121269365411592e-02,-8.582139812665082190e-02,-1.106607161971299713e-01,1.824165861419494994e-01,-2.228138209138161296e-01,-7.272001285157840555e-02,8.591579336518603838e-02,4.008042894747227969e-01,-3.489876631736692908e-02,2.640926850157103711e-01,-2.362140623081907254e-01,4.273591916223737908e-01,-1.859882049944300009e-01
7.193925899270106616e-02,2.403722967021811041e-01,6.501119908168503936e-02,1.165697494680547341e-01,-1.089642709041409308e-01,-5.727049237058036424e-02,1.580005732809566243e-01,-3.556027510509702783e-01,-2.010873190668276411e-01,9.766086170380967879e-02,-1.089443323139966391e-01,-2.049538441598830196e-01,-2.692052289645866514e-01,-2.715005013470788708e-01,-5.681379132158125289e-01,-8.230616345078843599e-02,3.970876798305896793e-01,1.240726585309465946e-01
5.238427026425118704e-02,6.548179542272027087e-02,-3.125461897310750081e-01,9.336995967407921149e-02,2.061554087044218941e-01,-3.533520280340455844e-01,-4.183215906128094908e-01,2.445089293301624944e-02,-3.035304084867664412e-02,-4.707649797945692716e-01,-4.277180875761271706e-02,-3.907857919408594949e-01,9.700089269772267653e-02,-5.434496239470251386e-03,8.877611958571771100e-02,-1.560830950608059764e-01,1.070564495995888765e-01,3.367337028222560091e-01
5.546897944459678459e-02,-4.270015458390927915e-02,-3.803465001473954610e-01,-5.055127192425531435e-01,-1.801454820181309369e-01,-1.244149805354158311e-01,3.520408155640512016e-01,1.602902774222297877e-01,1.776421925373524724e-01,-5.981843206433441751e-02,-6.156511281795085111e-02,6.580712469573346546e-02,-1.601191071167425706e-01,3.728128585018887220e-01,-1.441450473462677351e-01,-3.860799010719976332e-01,1.241105122923484433e-01,6.491405593722512912e-02
2.134071937175142930e-01,-9.335909415567915370e-02,6.634970504852095996e-02,3.113562492609980858e-01,-5.147305340090513326e-02,-7.915938540047646327e-03,-9.200935113945275801e-02,1.434298734757176175e-01,-2.389629691765255692e-01,2.337207895514597789e-01,-1.837137702369791292e-01,-1.048838578904156688e-01,4.392966103285844692e-01,4.734870973277222062e-01,-3.948959344990558562e-01,-2.100182317021932199e-01,-1.948376005979510772e-01,-3.134794467791797434e-02
-4.198875162448406639e-01,5.430464424640070176e-01,1.168911531847958152e-01,8.442587189985606422e-02,1.602371526260394086e-01,-5.696555451894987077e-02,-2.037661295437286080e-01,1.166993267691987107e-01,-2.232669413468885058e-03,2.652117845743576230e-01,1.477740108983333911e-01,2.953223424320021717e-01,-6.105228480636944871e-02,7.004808194966660739e-02,5.966106404785584405e-02,-4.591058923049214369e-01,2.187087581973957192e-03,1.468744236866451891e-01
-3.577270939057896060e-01,-1.517032329707021787e-01,-8.798472036300668264e-02,2.879675844357741377e-01,-1.545517492853747954e-01,-1.823786689166452535e-01,2.421890964540449401e-02,-4.000575901819470315e-01,4.307595835257397310e-01,-1.956499143942114563e-02,1.317606712514639844e-01,-2.669308741802922658e-01,-9.107630770930034980e-02,7.870934710562549341e-02,-6.969460182671186055e-02,-2.102778659406553952e-01,-2.668009005296583247e-01,-3.623168415781043428e-01
-2.492056180362257067e-01,-1.787295163244404517e-01,-4.599113158517904171e-02,-1.242777166598435096e-01,9.218350690225576849e-02,1.379147294322809469e-01,-1.473017477079219539e-01,-2.248988124306077196e-01,3.599038486922973012e-02,2.871231531994066777e-01,3.497194195813858597e-01,-1.704031365689150090e-01,1.605565186516653420e-01,4.132117983262093008e-01,3.703363693600239537e-02,2.718438185355186998e-01,5.081473529018966095e-01,1.533429104679562838e-01
1.781369761309024025e-01,-3.460030603812699335e-01,1.457607163989977361e-01,1.105714557283019733e-01,2.976550758513202277e-01,3.045920903059842408e-02,3.394307015481733414e-01,-3.175536686332219860e-01,6.044344414232091789e-02,-6.535280855877594053e-02,2.593829867306940984e-01,2.248353120285599693e-01,2.310401951813465526e-01,-1.536651439542944808e-01,6.104194423621144006e-02,-3.738285069520879689e-01,-4.274666651070403722e-02,4.018065172163001741e-01
4.483423281398243310e-01,2.081377995227998712e-01,3.317657666003616113e-01,1.739745561409841990e-01,2.461094339141462750e-01,-4.062527960941418881e-01,1.984134672862567783e-01,1.569875713005554341e-01,2.915860004572348729e-01,1.103823739987218333e-01,1.710136469287595051e-01,-1.416712829889444913e-01,-2.228603783603544941e-01,2.477187549248495158e-01,1.464129354208994482e-01,1.173072453163686579e-01,1.403431214742281996e-01,-1.151503833803707022e-01
-1.412759379363827394e-01,2.143100780067790367e-01,-7.340134431966983952e-02,-9.486803050357740796e-03,7.076878865565280896e-02,-1.855366211424256534e-02,1.743401857632687346e-01,9.985212137150337175e-02,5.920313051361271173e-01,1.416255971283509052e-01,-3.220744294804709362e-01,-3.387586733880721540e-02,3.998090419744525503e-01,-1.711788193060920782e-01,-1.893985821957239468e-01,2.867088844764333899e-01,-4.871393980123135681e-02,3.128616861148277861e-01
4.689396156392128256e-02,-1.810781927321423179e-01,-2.014106974806572636e-01,5.584877301026364149e-01,-1.906219561512985106e-01,2.121614596484031612e-01,-5.524840343695128220e-02,5.637780612714445028e-02,1.636178371394919895e-01,3.606097474962335209e-02,-2.801498420823249069e-01,2.486517399214625279e-01,-4.081663717088039878e-01,1.915872761173348093e-01,1.702568020807460614e-01,3.733993092768912725e-02,1.535138610907938461e-01,3.151512877896417431e-01
-2.143830753559116363e-03,5.523111171749932324e-02,4.408899553703338747e-01,-2.087701382756773083e-01,2.354234999307064924e-01,3.988453777726382321e-01,-2.107626811517760990e-01,-1.651284767017112409e-01,2.262083055144603339e-01,-4.188993507714354747e-01,-1.854745528295939083e-01,3.116999775384891348e-03,-2.007327646678576383e-01,3.128028653715297924e-01,-2.436220741833730885e-01,-1.738020733398614598e-02,-1.072927540845794031e-01,4.923045322810182950e-02
2.008958853708250059e-01,1.902287091195639102e-01,-4.170571790107562293e-01,2.210152777733688512e-01,2.584656326004605709e-01,4.799411636492900146e-01,2.538416495592524594e-02,2.035973179703443048e-01,1.612840671262249503e-01,-1.404758580479837093e-01,3.717686588833993278e-01,1.178156044053255656e-02,6.722492254612513762e-02,-1.072236103693732789e-01,-2.236348514495928030e-01,-5.890505489310076531e-02,1.236603657573460968e-01,-3.042007911146537569e-01
4.436391668989962678e-02,-4.425920168710194558e-01,2.189541843036577062e-01,-1.264230747950556843e-01,-1.919638365475897016e-02,4.060407515231500425e-02,-3.575972380469157330e-01,4.009209420431393833e-01,2.693878277449718306e-01,2.806991750703549116e-01,2.013767022568353424e-02,-1.821169204974300848e-01,-1.313239332727559883e-01,-3.436507772386618864e-01,-1.431151327708696519e-01,-2.873644504356454576e-01,1.556095047445168189e-01,-6.284624841783774570e-03
3.167286715327583546e-01,1.522049083832711924e-01,-3.882546677033028165e-02,-1.060483842549224676e-01,-4.591135513497783815e-01,-2.562783798285684159e-02,-2.929753500226439100e-01,-1.050800588435036320e-01,1.377354943741592730e-01,5.809753890629439088e-02,4.801571425419742800e-01,1.024270551197295487e-01,-6.974763503928876895e-02,1.390538170775372550e-03,-1.753043898169075743e-01,1.523894756827433306e-01,-3.490328256254365269e-01,3.337831476961746202e-01
-2.755934698935417759e-01,5.613628717123934214e-02,2.441610119816717828e-01,1.461158947759909899e-01,-2.639097387586301635e-01,2.334263254977467228e-01,3.868665687940688880e-01,3.836738321860891920e-01,-1.231747303588222320e-01,-2.094044724545508496e-01,2.426931447191144897e-01,-4.634626051520940315e-01,-2.659676368755412718e-02,3.292505912708253157e-02,7.390861870991638494e-02,-2.437521456882984355e-02,-7.831699171022755979e-02,2.687443417657904843e-01
2.714965825114755704e-01,2.042445817510976369e-01,-1.329822300384052580e-01,-1.512888581973272084e-01,6.583921748658538853e-02,3.669444285096764569e-01,-2.182458883993539794e-03,-2.526954935338034947e-01,3.051699031240399321e-03,3.857357588316641661e-01,-2.018925412290356602e-01,-4.504021997607071115e-01,-6.269510171619668837e-02,-2.246909814851016582e-02,3.962599115642517766e-01,-2.091300167910155050e-01,-1.975338960183264936e-01,6.724423181307036257e-02
