-3.104530106008433488e-01,3.801907345970587659e-01,2.343208542834711028e-01,-8.946242530773383661e-02,7.155392321503444009e-02,2.634730724847216821e-01,4.164359413306038538e-01,1.294138750588498532e-01,2.844127418165910415e-01,-8.384612506243076246e-02,-2.301496731822540165e-03,3.235914062080847420e-01,-2.146232943083194733e-01,-1.539814232418654782e-01,-2.623288487386135279e-02,2.181885837291893115e-01,-3.323978880288510074e-01,-1.013192291581288818e-01
3.387873027239375889e-01,1.272350142638616899e-01,2.738721831368625681e-01,-1.987107170770114895e-01,1.205054005143880586e-01,1.866713236315234448e-01,-1.501097413040095550e-02,2.935577082382238023e-01,-2.975649860599942076e-01,5.450223725452061491e-02,-4.294892302160188691e-01,3.083682467886179612e-01,3.400212042983408178e-01,-4.902308533372987109e-02,-3.449401068462695091e-02,-9.846112454830482918e-03,7.230604079490333957e-02,3.509605149446139993e-01
-1.902464157733498376e-02,-7.821346287913540085e-02,2.703759074645084581e-01,6.062436344259840293e-02,1.658589141160193015e-01,-1.596992031536137724e-01,-4.662420002739377511e-01,1.044207206473608956e-01,-1.898295160659635786e-02,2.505735658350022668e-02,5.299755762459640307e-02,1.370058832290908801e-01,-5.800288556930577322e-01,-3.754312413910824708e-01,2.060717832747613332e-01,-1.536672225222718846e-01,-6.762624311607810801e-02,2.546405246354778718e-01
2.631696035626600039e-01,-4.164951972467827446e-01,3.013790825731952477e-02,-5.021271889453153836e-01,-1.117668155730582730e-01,-7.216208709485545658e-02,2.989932235043125594e-02,1.758816844647321520e-01,1.367155672614538964e-01,-3.596267204203433820e-01,1.470931127744994626e-01,7.594224843996980057e-02,7.708291263937465387e-02,-3.648086200402735346e-01,5.407668441936463316e-02,1.687972068802883752e-01,6.390728114104092528e-02,-3.236538511292450515e-01
-3.200360306430187207e-01,1.502906916923927305e-01,6.029669948535510554e-02,3.035782696857091123e-01,7.052041222986429880e-02,-1.689052003109456912e-01,-1.239164899791672936e-01,9.950756920103416558e-02,-3.417509912199515609e-01,-4.164476520516223745e-01,-2.741329624444590052e-01,5.761207301194765269e-03,2.249084171345018535e-01,-1.282852146612006861e-01,3.370280144764081776e-01,-1.460401148170360416e-02,2.160988803653904680e-02,-4.167991631186069301e-01
2.446940953236956956e-02,-2.109493116293693210e-02,3.517214472487783516e-01,3.866460243527430202e-02,3.139846939721241958e-01,1.506196978904644490e-01,-2.794985230915342234e-02,-6.294556804250597271e-01,7.374999738119578097e-02,-2.067403549297052723e-01,1.766305398314546304e-01,2.774950838442276635e-01,8.041886593500367775e-02,7.651777590292951903e-02,6.185330209701612146e-03,4.583025686569491136e-02,4.293233860314064065e-01,-1.797454953942725572e-02
2.434354979686750020e-01,1.464169109104000166e-01,3.035181655408000223e-01,-5.499956469928234115e-02,-2.207149868511234792e-01,-3.950688293912118509e-01,-1.939921877761075497e-01,1.166978781860324860e-02,2.679689681803794632e-01,-5.834813254052344939e-02,6.652656462985692687e-02,2.277942557395418455e-01,9.616684199301217539e-02,5.349223384047873120e-01,2.073468504261694323e-01,-7.466723148799832288e-02,-3.074861545496320181e-01,-1.074982949813319821e-01
-1.487750139195697652e-01,-3.825668171590514421e-01,6.165484562053975548e-01,1.039034934852357539e-01,5.601151436213715890e-02,3.360628032850660613e-02,1.145114764337320096e-01,1.362178246794936154e-01,-3.170623323918899672e-01,5.327285879032515187e-02,2.040235991614459676e-01,-3.241502559657274962e-01,3.801760705031560772e-02,1.677069245827979838e-01,-2.061609554893443219e-01,1.854586168635655730e-01,-2.190113348528991422e-01,-1.208939730421053523e-02
-1.306444408857249974e-02,3.911379101996311225e-01,-1.030304088829564063e-01,-1.557391359254686192e-01,-2.060404055944257684e-01,1.703655556246820024e-01,-4.844871700368512668e-01,4.478397884623865760e-02,-3.014543484599678247e-01,-2.410823567594050088e-01,2.795764274701635910e-01,1.982150883357345836e-02,-1.010488893120735643e-01,1.053090340939735609e-01,-3.823397767103655642e-01,3.278420229619984916e-01,2.076758210659938528e-02,-2.850368273853886095e-02
-3.415284467030631904e-02,2.094390465717324845e-01,-9.180551961561560226e-02,-1.415338635646262999e-01,5.495873870228724645e-01,-6.610655768180420111e-01,1.008732600004534630e-01,4.159833980932729075e-02,3.492327834884785542e-02,-2.042751388781945815e-02,7.409012605215359315e-02,-1.006673048327585002e-01,1.264003722649515438e-01,-8.183509768602802159e-02,-2.634412227146104568e-01,2.155841235260051725e-01,-5.949769423049216036e-03,1.403622127326206448e-01
-2.135966050661636251e-01,-2.408060067734695830e-01,-1.478280530226588341e-01,1.037899611328052807e-01,8.776030876789468749e-02,-9.915353805350811400e-02,2.563076073773673524e-02,3.477416686445720662e-01,-1.451643544418236564e-01,2.563658054787029683e-01,2.223820450790165437e-01,6.119322952981035568e-01,-3.513541985442684285e-02,1.892017349178378438e-01,-2.071640296234338041e-01,-1.420152574887397767e-01,2.365229503803581990e-01,-2.405780026736432653e-01
3.696442050076807484e-01,6.109314780090651514e-02,1.051540829844694325e-01,3.356446739936824741e-01,-2.352419770283692702e-01,-1.992856546781318905e-01,1.138342920095003624e-01,-2.802956098830455267e-01,-1.206814945374393572e-01,9.003925385801436754e-02,-1.495159966136883622e-01,1.500521181036394147e-01,-6.855626490027078024e-02,-3.591222840282761730e-01,-4.787576856031880435e-01,-1.058784969037567941e-01,-1.837502045104846826e-01,-2.719278808667304204e-01
-8.660139392431438765e-02,2.138589337087817843e-01,9.938978679364879332e-02,-4.259190951853348284e-01,1.643969395838426883e-01,9.645877440053815532e-02,-1.841193361362066516e-01,-1.757611892478829207e-01,-1.501096310495462771e-01,5.258999374858167597e-01,1.363298195077512209e-01,-1.109570608451067170e-01,1.882453707698704959e-01,-1.639803152362989402e-01,1.183807311423233505e-01,-2.613516114102050758e-01,-1.531047582835262100e-01,-3.953100654800159597e-01
3.440436829112640538e-02,1.876169792777128975e-01,1.828966530399869506e-01,-3.071917302052611931e-01,-8.710287305725494811e-02,-1.428762613350967048e-01,2.657448540387319369e-01,7.076654338748078477e-02,-1.487617889420022876e-01,-6.056051543537355197e-02,-2.668983173174845902e-01,-2.182736117016423616e-01,-4.987123159743435674e-01,2.440391499246274964e-01,-7.774901810148020231e-02,-2.162296714349147830e-01,4.331236956006696004e-01,-1.970491606768522974e-01
-2.488721181685288678e-02,1.274505480494691478e-01,-5.018381730624066339e-02,-1.079314320763113261e-01,-2.603295457175855976e-01,-1.653785359536125710e-01,3.879112835114183477e-01,-1.277327899543708456e-01,-4.375425581399455810e-01,-1.624522660966599141e-01,4.614041344623542318e-01,1.260474955615125958e-01,4.964466180291809277e-02,-1.171127387835821654e-01,2.319963736397259446e-01,-2.726683363737641419e-01,-7.824231762873327944e-02,3.316155186148470047e-01
5.411892621373445289e-01,2.172749862665755427e-01,-3.260869605845499730e-02,3.143968023520951616e-01,2.178828985800622120e-01,1.196255659908213309e-01,1.540996211307282260e-01,2.289303236435033528e-01,-9.410699581933890112e-02,1.647303265465524524e-01,3.150087608067768108e-01,-1.031003621899534567e-01,-1.312473549076994261e-01,8.110387562364571729e-03,3.460570415174863967e-01,2.787771913441127736e-01,1.348110398810217492e-01,-2.080091200183052380e-01
-2.166149418483470646e-01,1.581664605154837477e-01,2.673514266835443354e-01,8.195197483011636141e-02,-4.703575366367160338e-01,-2.210656871462468309e-01,-3.257002794817506069e-02,8.886358471863969877e-02,1.969800673456787998e-01,3.329720296864813744e-01,5.836796134860946367e-02,-4.020659823785318471e-02,2.057208533607665923e-01,-2.605969225845794490e-01,8.484532562263523425e-02,2.896054516738784113e-01,4.519771510728929909e-01,1.025890148876642261e-01
-4.579437597515344238e-02,-2.021760165957553479e-01,-1.616642176211453841e-01,-1.688998880373366041e-01,-7.944848438928782397e-02,-1.441316116759323307e-01,5.363330661579603781e-02,-3.386485774532982385e-01,-3.247298453737628710e-01,2.462181337416913807e-01,-2.790647952057206949e-01,2.146318445034376965e-01,-2.234246362866512681e-01,1.121751280604832840e-01,2.550777629959163906e-01,5.670761914742091792e-01,-1.361484983352972133e-01,-4.972387229867421092e-03
