-6.790839801384003505e-02,3.095581941188338959e-01,2.541854841597211423e-01,-1.516152821798259255e-02,-5.621835274737962962e-01,4.123589119694025251e-02,-3.327163116097761608e-01,-2.366536660552667412e-02,-6.266207634130180337e-02,-5.820436628528799505e-02,-3.220733591657646278e-01,3.150431519482049247e-01,-2.469023946219822685e-01,1.331329834144582835e-01,6.002277958912604489e-02,-2.755076173162813169e-01,1.735249744435527208e-01,-8.432157883306205803e-02
3.953244933649933124e-01,-1.781634775832884598e-01,2.826284448711502972e-01,1.320708177014444651e-01,9.649081698251552042e-02,-2.442473779684241064e-01,-1.591971887304132749e-01,3.015830868315667601e-01,-2.792087204375907072e-01,-2.389039913379652769e-01,3.138873045494092184e-01,-4.919406555637310767e-03,-1.012701765598446046e-01,4.045434629058458076e-01,3.366005860579138753e-01,-9.598519761678034681e-03,-3.946658251808091156e-02,-8.335821757767243601e-02
1.294553517760135830e-01,2.375312824184028504e-01,-1.351030670237643450e-01,2.595792345458055039e-01,-1.556642696563044770e-01,-5.321507206615924135e-01,-2.349242581587901169e-01,-2.092334938917889686e-01,-1.920268003119562569e-02,6.122911918035296719e-02,9.406373090858614894e-02,-1.507106477465098016e-01,5.294300526210201641e-01,-2.411873291803214303e-01,7.716515489593106514e-02,-2.168896697713396937e-01,-2.144927161848141778e-02,-8.485025204482048167e-02
2.217644404128844837e-01,-3.173480653407376728e-01,8.741511344649523230e-02,-2.359410794554124557e-01,-1.639767165536599181e-01,-3.000735007889824280e-01,6.400749022550870915e-02,-1.794242527549907706e-01,-1.957011023717632747e-01,-9.206675953268467216e-02,-2.400694521623756572e-01,-2.653350733656395510e-01,-3.540950561464978330e-01,-3.965097113234715698e-01,6.309613349262617465e-02,-7.459078479213555879e-02,-6.704748680802345706e-02,4.026460818687950249e-01
1.016682628727519355e-01,-1.994682330619254318e-01,-4.265026718631410863e-02,4.469700297446798087e-01,-4.886167093859705712e-02,-3.043142081979897592e-02,1.676786590337242810e-01,3.485408216483456001e-01,-1.362708983066835133e-01,-7.795169245385932290e-03,-6.809232294929838947e-01,-8.118203645965890725e-02,2.207750901200411231e-01,1.197087184363971740e-01,-1.688384819762312472e-01,1.199591232199519047e-01,7.573530815252362339e-03,-2.147263468182118717e-02
2.986736088264225174e-03,1.131790617764716483e-01,8.753005177007813775e-02,2.498831863999547917e-02,5.279234112729388334e-02,-1.074433080279258296e-01,4.398108446859223530e-01,2.392171899457265771e-01,-2.017779181846018899e-01,6.612523314327406476e-01,9.672386880861180702e-02,3.104696946085599984e-02,-1.264621165974948724e-01,-4.683470374454433427e-02,1.136063654865928640e-01,-3.854915198512275376e-01,2.134983969648604762e-01,-1.843581533021707020e-02
-1.634963916873335699e-01,5.128874315961446939e-01,2.582007624883319030e-01,-1.108177315441305349e-01,1.998028491548803631e-01,-5.391970058979505404e-02,-5.288673264345380293e-02,4.533788525671657021e-01,-1.346817780134952069e-01,-1.651589891865299919e-01,-2.445559201435338476e-02,-1.340991881703416100e-01,-1.958986919877859362e-02,-2.245316879170918545e-01,-2.043331193876946061e-01,-4.884001611463626574e-02,-4.525106786070917098e-01,1.280251448263265146e-01
2.627913578881356238e-01,-3.003907045584441327e-01,1.144470190484557504e-01,-1.041718793116215847e-01,-2.430843923920360805e-01,8.221254709261700822e-02,2.203059378742644181e-01,8.804297367199132029e-02,1.973635798380331263e-01,-6.645485878980098016e-02,1.491707585117262314e-01,4.605924133690546540e-01,2.799022119503769557e-01,-6.440561074096530503e-02,-2.600468112063996085e-01,-3.371356983735108170e-01,-3.850829377951504595e-01,6.919602306298017202e-02
-1.686348396632020574e-01,-1.124285258283621580e-01,-1.029391768884307945e-02,-8.060974847413045208e-02,-1.217711650608009621e-01,4.677662765730551675e-02,2.690337313255892759e-01,1.744188341881880155e-01,2.465301412713864215e-01,-4.242978565706904126e-01,6.235486138966678596e-03,-4.065457912048947020e-01,-3.232210364725691953e-02,-1.221810840174338136e-01,1.343940052005330177e-01,-3.790806360030520294e-01,1.397990757234646442e-01,-4.786398808506267533e-01
6.132122213805241140e-01,1.680409537216034643e-01,-4.590530930256204178e-01,-1.897580539121054566e-01,7.846852181756923394e-03,8.979176980471099967e-02,-2.011561151924918522e-01,1.732569476177894807e-01,7.348761915609083872e-02,1.504407169122485566e-01,-6.215597956751755387e-02,-7.291417749292107564e-02,-2.607203487230293493e-01,-7.794122686750634688e-02,-2.086471296563671141e-01,6.200797970027654635e-03,-5.968306881847949136e-02,-3.346528046251314725e-01
1.761733129068707993e-01,1.519585730841555016e-02,4.039158482015870466e-01,-4.360979283815856200e-01,4.166458756526995599e-01,-1.176418931610448554e-01,-7.987975749186176921e-02,-1.830391743548732686e-01,2.826946638619443619e-01,1.363275684764886364e-01,-3.906047138226952375e-01,-5.509719746365027843e-02,2.398754198784260050e-01,2.117798182510228500e-01,4.298656703635674037e-02,-1.132870184074717401e-01,6.357622810915498912e-02,-1.134074828434168541e-01
2.231210289610218445e-01,3.657239241895408610e-01,-1.719931156307044628e-01,-1.791817704719112780e-01,-5.952104488259429838e-02,2.095295058342840910e-01,4.155299949056456277e-01,-2.975110287128438502e-01,-4.159602730530489456e-01,-2.861192203289932845e-01,-3.296174700112537714e-02,-1.064527479896607426e-01,2.079052999786331346e-01,3.141054270610845744e-01,-1.514651060497872528e-02,-1.043671813737489656e-01,4.056523262535547542e-02,1.555371458144223784e-01
1.500833773845150765e-01,2.095773315592129316e-01,-9.351378017068261161e-02,-7.061308005138873523e-02,1.555012310952365584e-01,-2.167779727469119344e-01,2.245500392364448983e-01,2.187044178441465703e-01,1.800402701433360675e-01,-3.187963215787345539e-01,-5.899322213934864861e-02,4.756211715984888233e-01,3.485545874526419646e-02,-3.122391037735536279e-01,2.063305436404262727e-01,2.130920271910031472e-01,4.308013966722167853e-01,1.198908698565334247e-01
-2.725556511899917544e-01,-2.848790039128760651e-02,-3.633408334674014251e-01,-1.131775102587976173e-01,7.537995647832913815e-02,-5.609336077329938330e-01,4.311102370486235430e-02,4.728539941991365125e-02,1.365376814452154142e-01,-1.004563430093587534e-01,-1.170695104746001525e-02,8.631252588352107680e-02,-2.178994874198061926e-01,4.573056701536775126e-01,-3.303773979751270518e-01,-1.882062359861157996e-01,-9.839094449645015283e-03,1.343719617884054918e-01
1.755505523965444903e-01,9.449509997056086685e-02,4.045480661815781254e-01,4.906916064122301274e-02,-2.518263404097933478e-01,-1.163562398506411133e-01,1.323736725175174989e-01,-4.120289126054246104e-03,1.493799480772078081e-01,1.071063385973091212e-02,2.585911102527276295e-01,-2.437971505753275814e-01,-1.347491673493211861e-02,4.247246014743350645e-02,-5.757133120147378547e-01,2.881503908319271168e-01,3.666033827895714969e-01,9.758311071994724833e-03
-1.081943792670216203e-01,-1.152430730323432823e-01,-1.723631687159775105e-01,-4.895553401219310818e-01,-3.385399051399739512e-01,5.982167794434900543e-02,-1.917527175570097331e-01,4.478355550230079252e-01,-1.421854082078501114e-02,1.419473115872001145e-01,5.485376043198850887e-02,-1.875356459800044395e-01,3.772071085487455067e-01,1.129005090015730156e-01,1.524625534034185492e-01,1.284243151655053983e-01,1.685000874558870709e-01,2.615997440864528678e-01
-2.048070836134660566e-01,-1.710853715158994759e-01,4.150993019104654014e-02,-3.310333669344783236e-01,-4.036832604991352769e-02,-2.235614400918613798e-01,5.844623971625485803e-02,-6.424433798035625309e-02,-5.271964699216538097e-01,5.167087290048627372e-03,-1.828599725501832071e-02,2.337482422388315051e-01,9.315537606178583840e-02,-1.416554469853652520e-01,-1.667096023662985038e-01,2.645728300009920209e-01,-3.222056131039173488e-02,-5.457255806098157969e-01
2.155418729015795912e-02,1.958006007033085971e-01,3.085997729867098749e-02,-3.866085220366365094e-02,-3.432044652465791601e-01,-2.157516646933415327e-01,3.604307142557065524e-01,-5.728680988184559758e-02,3.040496452680274131e-01,1.522470661934814118e-01,-6.332098614876549569e-02,-4.528469092992356421e-02,-1.000815248006584335e-01,1.624447317971087490e-01,3.528393805695022034e-01,4.177794969213943777e-01,-4.317103978738100478e-01,-1.331201142068535181e-01
