5.671186272254158389e-01,-1.553667967046263587e-01,4.822203508775866343e-01,3.408868884692740908e-02,9.284066224898109010e-02,7.851008977759220409e-02,2.126955224462730165e-01,-4.880031452509350082e-02,-1.392892666410868174e-01,6.410258207949751097e-02,-4.366240082952708712e-01,8.829344032703299872e-02,1.002326421911007570e-01,-2.984456270051250582e-01,1.292403469312645159e-01,1.401199991397875655e-01,2.711017072118766108e-02,-3.495897487343520554e-04
-2.522432007815392785e-01,-2.619925179200163212e-01,2.378119849687815590e-01,1.038641231185388897e-01,-3.739532123786243334e-01,1.198680887730638883e-02,2.665222871175843000e-01,3.948398069302985758e-01,-2.429892575238778440e-01,-2.712300106085782647e-01,-1.123584573508134149e-01,8.047733544219398336e-03,-5.947448582773511710e-02,3.376162202464506185e-02,-1.015924811569593189e-01,-4.030874582387533600e-01,7.949413567839685437e-04,3.327112697667096164e-01
2.110026628273246607e-01,2.977873823631931871e-01,-1.918908295269156628e-01,3.108511036506318992e-01,-1.183472815095810149e-01,2.470296420378073898e-01,1.950784233355766784e-01,9.438826960735545446e-02,-1.306886205851285898e-01,-2.348396429319175305e-01,-8.750768478027530495e-02,7.561372332455812417e-02,2.307758871459214267e-01,3.690879063383942782e-01,-3.838728567736928721e-01,3.116116379264582958e-01,3.014589081010491389e-01,-3.050147196679295347e-02
7.211233863551032297e-02,5.136499117705137230e-02,1.959413300722459561e-01,-6.669113156278853871e-02,-8.586090726648935856e-02,3.867908569263939222e-01,-2.964365732833605382e-01,1.647909231383746023e-02,-5.585652824844320463e-01,7.714231352945988274e-02,3.902849988959539718e-01,-1.952953049609461589e-01,-1.704338946915075204e-01,-2.149649234352364602e-01,-1.573823192824920225e-01,-6.801000718764170505e-02,1.452892565804256575e-01,-2.646230704122886634e-01
-3.829554187720844438e-01,2.029167885866319521e-01,2.719136133701773317e-01,-4.772040314790036430e-01,-2.915284661340573624e-01,-1.205945831332053964e-01,-3.947422043104248379e-02,-2.548003218313252272e-01,2.291887926751256382e-02,-2.016746807804239705e-01,-3.627740386717232535e-01,-3.951056072224338328e-02,-4.941740437740240605e-02,-3.549454245796158924e-02,-1.304192363690570844e-01,2.304691214370282459e-01,2.365426362897187496e-01,-2.008788476774867882e-01
-1.422825879293336260e-01,3.633536796598773044e-01,2.989593377692948972e-01,1.863169232737058312e-01,2.568414099493021019e-01,-4.478758805702687806e-01,-2.616839178937758192e-01,1.900176970001465904e-01,-1.942967266321862785e-01,3.094687466979546553e-01,-2.740996106674549286e-03,1.152646592901712327e-02,1.249144148382900360e-01,8.415973560784018384e-03,-6.990496266481323329e-02,4.010736942702088081e-02,2.689572103415205917e-01,3.525951696017236570e-01
-2.608393923378418688e-02,-3.848353186845979157e-01,-1.887773855992103123e-01,-4.313860825117837305e-01,-5.957952277744024000e-02,1.674780345896385858e-01,-1.737404335472089167e-01,2.523673137134352373e-01,-8.800853538701343404e-02,3.525634233559375996e-01,-3.753468375932188933e-02,4.540724679016580057e-01,2.420084715555665122e-01,1.298252328064998795e-01,7.139138033668504350e-03,1.274347347440309974e-01,2.507260760439507519e-01,9.900998609142819262e-02
3.264585375002691525e-01,-1.452940376076282125e-01,-6.674338556463246808e-02,-5.865069803475284754e-02,-2.723857470212310838e-01,-1.366450317963108785e-01,-4.412102607355132267e-01,1.679312286567784807e-01,1.237874641891454353e-01,1.036842863998935910e-01,-2.871610938665645762e-01,-5.731644816328353986e-01,1.089138752412957128e-01,2.640674280222964354e-01,-1.071848338030958470e-01,-1.160865649440334518e-01,-6.105735197403290571e-02,-3.670596515250672959e-02
5.107264771219396926e-02,8.110022673520754510e-02,-1.709777895125907943e-02,-1.041223203866849106e-01,5.661253171242049825e-02,-1.418083558133039282e-02,1.210218372355418986e-01,2.237401227229947331e-01,3.152965710676118860e-01,2.309235620339025186e-01,-2.846620804585111089e-02,8.897268529038590557e-02,-9.614492275712843705e-02,-3.714243615659787445e-01,-7.462703014954690239e-01,-1.067062922291786425e-01,-1.676840375701794950e-01,-8.050482058286861919e-02
-1.694853468689650755e-01,-1.344161141991237485e-01,-3.474495259447572537e-01,1.591016786099914704e-01,3.884299560067516199e-01,7.944289255342043554e-02,-1.303037557906447097e-01,2.143598986590988797e-01,-1.500390417333468951e-01,-9.977125892759824977e-02,-4.900953420653960668e-01,-7.281223457425800571e-02,-4.810041790186847521e-01,-1.381999241361014930e-01,3.184068772782250312e-02,5.900943573029955591e-02,2.110836226521130843e-01,-9.786065353689554769e-02
2.095665046840821111e-01,1.539995357110287011e-01,1.877014054336446913e-01,-2.537236251481087557e-01,7.521248372005071015e-02,3.008713791233984525e-01,-1.990299295513338895e-01,1.689640328754002663e-01,3.405168855802721550e-01,-2.795012854328312590e-01,1.573755846102023181e-01,-4.923930608454570555e-03,-3.788145408884637799e-01,6.575081517165300149e-02,5.413354449675388674e-02,1.939116337543423108e-01,4.744588678642133739e-02,5.088667090302967377e-01
-3.703484438377897814e-02,-2.247672994447600936e-01,-1.013996112061606725e-01,1.512056935116272705e-01,-1.221740018107376341e-01,6.594401059938083398e-02,-8.801033684330585027e-02,-6.378798093587801921e-01,-1.856805901087997257e-01,2.073125640340763298e-01,-1.119038258151678622e-01,1.654055567355956075e-02,-1.985585703633030441e-01,5.229034647680970427e-02,-3.074733463143002887e-01,9.181604747858834736e-02,-1.233509892362141813e-01,4.800565942580131140e-01
-1.413898590456032223e-01,4.980879463896145665e-01,-7.445363476442923290e-02,1.223048604960405156e-01,-2.719098163642648114e-01,4.699188975127188139e-01,-8.448802061283820775e-02,3.838024741687352803e-02,7.968494140565836326e-02,3.454156286223828420e-01,-3.259210754403544241e-01,9.607150443895251524e-02,5.227013293068594885e-02,-1.017586315762865068e-01,2.682792141809471342e-01,-2.124469720299081987e-01,-1.777595290683371965e-01,7.167062699393965397e-02
-2.333417552706140430e-01,-2.379867492839618792e-01,3.078106815898666304e-01,2.615889436413625924e-01,2.902053909080993255e-01,3.305751017608040687e-01,-3.373133076621337434e-01,-1.803953351367375557e-01,3.295910358369968929e-01,-1.921477079729031756e-01,-5.871992155889548676e-02,6.691204933622861561e-02,3.394831897123857800e-01,3.627178093128270026e-02,-1.417638864619601147e-01,-2.469348649804454787e-01,1.630490973441980906e-01,-9.064420828502016414e-02
1.767061733685938996e-01,2.930962992251792340e-02,5.905277869164377025e-02,2.385501824956766659e-01,-2.811895219258933598e-01,-2.616040644622784628e-01,-4.531486233780047668e-01,3.094873246480620704e-02,-2.261413794181068096e-02,-2.171347252600509536e-01,-2.902781097314077394e-02,5.979714607928465764e-01,-2.347787149079154367e-01,3.240286899512234697e-02,-1.861711762696812919e-02,-9.148293269893701188e-03,-2.072472222141415465e-01,-2.193003892484683137e-01
-1.876152811404644405e-01,2.463251091478424123e-02,9.058905079759160123e-03,-1.269894691153392319e-01,2.340733449268021515e-01,9.180488579422226014e-02,-1.583953016448534368e-01,1.678728068492253700e-01,-2.963867185619810662e-01,-2.331558327098746386e-01,-1.067513441594048207e-01,-4.928787464470515273e-02,3.172583260558852758e-01,-2.148589643886153824e-02,-8.602291122286069569e-02,3.262857520487995044e-01,-6.731315870902271348e-01,8.591687042008490371e-02
1.448764404170022890e-01,1.853245719602909236e-01,1.124569974246431014e-01,-3.205934092264899338e-01,3.649644847970448525e-01,2.423500209694751800e-02,1.120906535880766830e-01,-1.234285809083332242e-01,-1.908160766181271339e-01,3.529963138598307681e-02,-1.378550896555729155e-01,1.455413520783962189e-01,-1.679499688392731838e-01,5.499503077335188284e-01,-1.098357340891882861e-01,-4.664010516698980924e-01,-1.374804013396150326e-01,-1.032627561600483745e-01
2.289020923559804410e-01,1.845921194435173329e-01,-3.863350645494355029e-01,-2.289301307608011260e-01,3.980045915386841437e-02,-1.107463807659169325e-01,-1.414485498073754510e-01,-1.725709128907617074e-01,-1.379667504860158933e-01,-3.825731411559300521e-01,-4.542949325882941064e-02,5.902998268603799198e-02,3.002299835150042395e-01,-3.996217632418719856e-01,-1.132450006599990122e-02,-3.750100950270047750e-01,1.706262743315188901e-01,2.399445705830391684e-01
