-2.436303722505007152e-01,-5.152962850123735811e-02,2.095422381054732330e-01,1.247569699783494523e-01,-2.578320814159752450e-01,-3.213482978920993438e-01,2.594906798326025443e-01,9.648581558783525525e-02,-1.420243663405479362e-01,3.429620541103318154e-01,1.668687751343805870e-01,4.290868206105419302e-01,1.132436338516787794e-01,1.191334180198057452e-01,-5.116049123893005868e-02,4.926873791667407132e-01,-9.985468612492093277e-02,-5.382664530780781852e-03
3.357905840215639204e-01,6.209365968868663793e-02,6.686149227116465477e-02,-7.476418171745795316e-02,4.271841409265302036e-02,-7.674385074688759578e-02,-1.778309777490969523e-01,-5.797370004153481471e-01,-1.875604608218838232e-01,3.645685597342611106e-01,3.882586275662394670e-02,-2.566745006242401317e-01,-3.122404768226024196e-01,2.298536592662038247e-01,-2.216254164779886404e-02,2.534137848760554257e-01,-3.892323857677145588e-02,2.141626017802102377e-01
-1.391424270407718433e-01,2.116107475968612706e-01,2.659177604330776878e-01,-1.204203700586424924e-01,-9.517448480104642727e-02,2.657625522052656786e-01,-4.634122725871208104e-01,-4.658584791956313365e-02,4.427941678774077738e-01,7.453595698023073035e-02,-1.980215687179243678e-01,4.032065132201723828e-02,2.117617225885346233e-01,9.132549381638432884e-02,2.859069540722293801e-01,2.494863828646466108e-01,-3.116968544613661352e-01,-1.313496824140906460e-01
-1.713604636921447696e-02,-2.603729013794495173e-02,2.279141711943888926e-01,-2.659623653567463192e-02,2.417680769101467897e-01,-3.024024266784371417e-01,-6.026024174912046616e-02,-2.059517343521648780e-01,-3.298062703378057958e-01,-1.846829939956516342e-01,-1.572344277504892640e-01,6.902058748603705912e-03,5.059036029687151714e-01,1.844299356393288847e-01,4.318850637514548008e-01,-7.124035814174664583e-02,3.174336360992203732e-01,-2.150783815121414325e-02
-1.857511871003513226e-01,1.004897698450055998e-01,-3.863539754044768570e-01,-8.065246142274846985e-02,-3.474679541054733756e-01,1.387999011152079298e-01,1.483403819137983359e-01,-4.448816181089102484e-01,1.614302054121738161e-01,4.986098566957527373e-02,2.303203079278143550e-01,-5.447780044213119954e-02,4.934332923723135922e-01,1.911044797159758835e-01,-2.049097090796493104e-01,-1.650363258164016522e-01,6.441564006336979176e-02,4.204023550677875309e-02
1.603693084049303552e-01,1.372785429641355803e-01,-2.846690935666218447e-01,-9.267475125114758849e-02,3.713355353694950400e-01,-4.958508618076929580e-02,-2.378053831662584883e-01,1.510186902378894969e-01,1.077093742549872502e-01,-2.194953982398760994e-01,-7.530488816512191652e-02,3.742113954881792770e-01,1.322540872064531525e-01,2.734174175830239584e-01,-3.587185385843200680e-01,2.662340104633447724e-01,8.180301246387598757e-02,3.769885220829362615e-01
1.050625472844095298e-01,-1.768914600248793498e-03,1.786047183847937897e-02,3.349824929250172501e-02,-2.445582925667561802e-01,-2.534384586464384914e-01,-3.215879259452710803e-01,1.322176231329390272e-01,-7.655448410688259209e-02,-2.938050376635852889e-01,1.353684685162499513e-01,-4.002105695282721087e-01,1.014507381227560678e-01,6.164140850942880639e-03,-3.560892299120398397e-01,3.357568317272698888e-01,1.547577247384200050e-01,-4.450730218460909882e-01
-2.810704953986124521e-01,-1.578176449260893788e-01,-1.649789404196921536e-02,4.540034721662581929e-01,4.372237044449379106e-01,-8.718249121362663112e-02,-1.631793625503290546e-01,-2.263310522217361065e-01,-9.029238278730615519e-02,-3.411879564709058982e-02,1.538048918394573084e-01,-1.124499988829350400e-01,1.750262644831397096e-01,-2.213269551588220585e-01,-1.930441426903393709e-01,-2.558217357560784583e-02,-4.997808354836806854e-01,1.200375602980599532e-02
-3.171207413863192937e-01,-1.333916624766578185e-01,1.024859833359225564e-01,3.443833886417757006e-01,-1.022441294490654753e-02,-1.589148164014273223e-01,-1.047301343981832666e-01,7.375447986311377269e-02,4.535904508944297309e-01,-1.358887763668296944e-02,2.194765820282122970e-01,-2.557223588135297820e-01,-1.796578520433869952e-01,1.679242546156839155e-01,1.479399953754342856e-01,2.143697309318291430e-02,4.071050738430351257e-01,3.777863773216167398e-01
-2.604305168899490042e-01,8.008633389487793131e-02,-3.684206128445002837e-01,1.648575307799658995e-01,-1.331615219023370711e-01,8.625658538756036942e-02,-4.849711749547624406e-01,2.716980004110859381e-01,-4.169074022446213057e-01,4.226507614564455895e-01,-1.476376283179270388e-01,-3.487492743750593253e-04,-1.541484888341126437e-02,7.861952786905017365e-02,6.651811156127365732e-02,-1.627856954035011572e-01,1.305357485798626649e-01,6.068596441553883621e-03
-3.887234403815337941e-02,-9.912943239040722387e-02,-8.466096260528874207e-02,-4.209816874458351954e-01,-2.767904792068827113e-01,-2.787037095918650231e-01,-1.904638158652515179e-01,9.391027324463005477e-02,-1.119646840451683500e-01,-1.464199217538997289e-01,1.609696132870370722e-01,-1.124034041763152941e-01,9.144983186301970657e-02,-4.107515063178229231e-01,1.770619565915111937e-01,3.517585273495617976e-02,-2.391701820998205219e-01,5.152608607675037700e-01
3.084854654113180494e-01,4.326610304846653099e-01,2.505328097039581370e-01,4.132401331869687833e-01,-1.882235975091821056e-01,6.587618246797483090e-02,-9.805248402154263798e-02,-9.354586630775582612e-02,1.526193621998042389e-03,5.279443314351234262e-02,-9.428311021931527758e-03,1.754239624993082503e-01,1.708554584868787196e-01,-4.938492196619054253e-01,-1.283689077584265481e-01,-6.622127323133208954e-02,2.451847259207999841e-01,1.956120579618801369e-01
1.117528278199888953e-01,1.833653186934025014e-01,-3.117882323796429267e-01,5.272020977104040912e-02,1.879079677189607334e-01,-1.920875255728548836e-01,3.434376888390042737e-01,1.968979667187028826e-01,2.034208490236190103e-01,3.197712100023931137e-01,-3.527731228556738041e-01,-4.268031668417154312e-01,2.486485361303047703e-01,-1.745362716381117507e-01,1.029564326313387040e-01,2.654240137678587907e-01,-2.541391002670358862e-02,2.726852060323244065e-02
-3.343265111484561847e-01,-3.031021805565932703e-01,2.997607584634285893e-01,-2.708926493324959606e-01,2.821364854254687290e-02,1.007601208318036762e-01,-1.337394165616953914e-02,-1.319422394834228740e-01,-1.664472521708722187e-03,1.486479910485623002e-01,-4.796319886735562754e-01,-6.614638813153705943e-02,5.061540575476825010e-02,-2.077596482153035995e-01,-4.749936855293475091e-01,1.507599053818800550e-02,2.516000304876934157e-01,1.148183161967766541e-01
-4.772710406514428239e-01,6.435840229347405961e-01,-7.278305973145517138e-02,-1.721553776920970169e-01,1.090965872852564245e-01,-2.856273844815934160e-01,5.981247830793350040e-02,-2.027621851758239779e-01,-2.763870008716474633e-02,-1.750128949995375105e-01,-5.995233118930447941e-02,4.495558067227695825e-02,-3.426032574987364909e-01,-1.090133279824320178e-01,-1.599263061861229407e-02,-8.134878050632263907e-03,4.899539198831315279e-02,-1.261345426909891987e-01
-1.021396311308571253e-01,-2.275643376143685892e-01,-3.538112241159389604e-01,1.871149995303762470e-01,-9.085485503404039376e-02,3.225389202906360220e-01,4.254457757712320348e-02,-2.711170214993198768e-01,-1.121016604787761078e-01,-3.011685979037231897e-01,-1.581457689483810047e-01,1.253248627676623872e-01,-1.353051618800639733e-01,-2.563025961819053178e-01,2.762644258350511195e-01,5.022549539460968715e-01,1.811533182968610434e-01,-2.458264021259022256e-02
9.568358578925482971e-02,-1.010335634039590258e-01,-8.428946701012444975e-02,3.027046596627488428e-01,-3.943847725370622781e-01,-3.673437592763174053e-01,-3.418263642353668464e-03,-1.203212278918324302e-01,9.657519960202490261e-02,-2.256832637204528591e-01,-5.675329496950581865e-01,8.400543350921760299e-02,-1.197529642478021572e-01,2.180568482310747402e-01,-4.583373693569064294e-02,-2.051594050771876065e-01,-2.734142441841777016e-01,8.176849415920357800e-02
-1.458482622061549605e-01,2.669495310772968533e-01,2.392555660093574343e-01,1.228417966538993544e-01,-1.136280310914836861e-01,3.910207120509062717e-01,2.418101914793987506e-01,1.961489116896046880e-01,-3.633210941784836279e-01,-2.683176153770404082e-01,-6.966085742588015717e-02,-3.352478811007568171e-01,5.023735951749710299e-02,2.908333177082249588e-01,-6.966635056405030835e-02,1.286165160471740843e-01,-1.789137318478133953e-01,3.326017564187961351e-01
