-2.243808007621506395e-01,3.195722085516474187e-01,-9.071641296440022262e-02,3.212618879015968765e-02,1.210346089194307001e-01,-1.083869650930162215e-01,-3.194854057180254031e-02,2.250528610388179696e-01,4.098727200817277039e-01,-2.017714268254480747e-01,4.194338659407432779e-01,1.687957401699212989e-01,-5.889571692877420411e-02,4.181625581410743364e-01,-2.739492096811590449e-01,-2.847438779713173940e-01,1.082273806793419418e-01,3.009190607727669359e-02
2.192018962295005091e-01,-2.000964710814399361e-01,-4.264607553990407834e-02,-1.191362440160582264e-01,-1.949970032089869409e-01,9.209036529544478711e-02,1.283674209227797236e-01,1.565313425311427586e-01,8.447309504510951139e-02,-4.584538780952149839e-01,-3.186342005875837935e-01,-4.356240286005340634e-01,-1.414431984083318050e-01,1.735908214436827912e-01,-4.233599641303596450e-01,6.972468281462296247e-02,1.066855273041172752e-01,2.327797708871034987e-01
-2.505231245800016437e-01,1.058878378525662384e-01,-1.356471819581719085e-01,-3.073369026658889225e-01,-3.009009104623003861e-01,-3.882291008411211664e-01,1.449809811311760510e-01,-1.686726821318966785e-01,-1.156951692047687025e-01,2.062198632116719887e-01,-1.688604148293387508e-01,9.642187658829824703e-02,-4.102266478588176279e-01,1.833310342079892963e-01,-2.274717628773831601e-01,2.060328171896038119e-01,-5.169636044091264343e-02,-3.604885819004990943e-01
2.017847014109424020e-01,7.420940292566154117e-02,-2.168755272002620416e-01,-1.080992282579414515e-01,-4.238526827837305611e-01,1.960030565071366748e-01,-8.142771598306755565e-02,4.751803444764980955e-01,3.744580414028401139e-01,2.896452914467617101e-01,3.814895199586951224e-02,2.253590056683337298e-02,-3.562019894914492113e-02,-4.159802386677299846e-01,-5.073101805185630669e-02,-5.377822465691121934e-02,1.895663027684995824e-02,-1.958327342086582101e-01
-1.194584610142937903e-01,4.040330711386178608e-01,1.075621237103861760e-01,2.493575819506090377e-02,-3.445899069074256915e-01,-3.022210093423558508e-01,-1.476187044285196537e-01,-2.275398382408586745e-02,-2.064642739216049072e-01,-1.034543542546046552e-01,2.837808551528359091e-01,-4.409196620811012823e-01,3.095973401770139022e-01,-1.947530084428447938e-01,-9.010550488665983182e-02,5.680500886162868218e-02,-2.912493000952885436e-01,1.402980675029967539e-01
1.462938814653651741e-02,-2.594113420302963102e-01,3.516933750920516605e-02,-5.689690633209987941e-02,2.593257138102911252e-01,-3.538224683968975715e-01,-2.425054557365474012e-02,-1.904789477485323568e-01,3.555727239149619745e-01,-2.064173799548226773e-01,-5.706516684606951356e-02,1.453521189207485076e-01,-6.704937259938037464e-02,-4.679623334776885635e-01,-2.526753279709855193e-01,-1.604091898538629324e-01,-4.384064726864225769e-01,-4.776572634671617974e-03
-1.292000981171077256e-01,1.991261557698440765e-01,8.865092143991321061e-02,3.058072622400069274e-01,1.035452006801755587e-01,2.323434393771241779e-01,3.315687839030933559e-01,1.923729164958930815e-01,5.279104712755885997e-02,-3.861830687559892894e-01,8.730143640649654091e-02,-2.511903598902569951e-02,-2.684108794952017596e-01,-1.274592214806854196e-01,1.784576321280646471e-01,4.308132636698671636e-01,-2.579184246700577110e-01,-3.133570416718545193e-01
-4.658311695893625759e-02,7.022153574690276345e-02,-3.835140671702087500e-01,-1.215408400186877846e-01,3.432333991882527413e-02,-1.832469105613942773e-01,2.413508084429535072e-01,-3.218287538118108637e-01,4.920802783674623204e-01,-1.909291832441619222e-02,6.592590685653234445e-03,-2.540281554011140641e-01,1.674849215862760088e-01,-3.961475016757377843e-02,3.918351684719993400e-01,2.492709633858846141e-01,2.578595338660942815e-01,1.248922227419130698e-01
3.482887969537110107e-01,-6.220141985432417475e-02,2.553230389990172045e-01,-2.993396984660808280e-01,2.493107839051773023e-01,-1.052412018204588046e-01,3.145556566438676427e-01,2.065130881302513211e-01,4.307048858023789645e-02,3.909236538538148897e-01,3.396236411943434064e-01,-1.451449354472247877e-01,-1.444033300213530824e-01,1.643670763407152069e-01,5.686297550995625741e-03,2.123619682786111740e-01,-2.454462490459257962e-01,2.467326395809702200e-01
-1.710136585114968855e-01,-1.467011158472204813e-01,-2.965205712963403517e-02,-5.817401428738009500e-02,-3.995873688713618699e-01,-1.222504753073267933e-02,2.523436432539342134e-01,2.596224043117785832e-02,-1.410175489151739014e-01,-1.853208891667900704e-01,2.071187779531222239e-01,4.639988737230761329e-01,-1.663995273488100834e-01,-1.813419569819949007e-01,1.244483886757778990e-01,4.033156759235168032e-02,6.059714718600181516e-02,5.718532139051354379e-01
5.177313558427635298e-01,-1.319577906173302062e-01,-5.613241608801311511e-02,4.541507264731467486e-01,-2.025361090375519535e-01,-2.806060512554386932e-01,1.614490393224904119e-01,-1.277571642948734099e-01,-1.812013817181359204e-02,-2.952520604326553527e-02,2.003602852662032807e-01,2.509727100743104344e-01,2.637770196249800692e-01,1.119520657998085839e-01,-2.253463896830116553e-01,2.102268014041638877e-01,1.368614118585128048e-01,-2.069753234773140937e-01
-1.403961175382027193e-01,-4.626481309363532635e-01,5.832898671259178353e-02,-1.782249712000089359e-01,-8.732319679734365514e-02,-1.490294820515715435e-01,2.931332712443185939e-01,1.697810950409430475e-01,-1.547685392254207759e-01,-1.779030297243424374e-01,3.037018332380722607e-01,-2.318039657442481083e-01,1.120590486157275745e-01,-1.935885171719874120e-02,2.251576481875326996e-01,-3.738803711862919710e-01,1.323417640856955624e-01,-4.049590801654516237e-01
-1.695907918604403208e-01,1.769325218747819228e-01,-1.800856270504981593e-01,5.328353189133618571e-03,2.076573389630043398e-01,-1.407919521327890833e-01,4.900354536431827390e-01,3.743728148366155528e-01,-1.572815947372939172e-01,1.008436881754741221e-01,-3.939296004807951723e-01,1.450117856439481490e-01,4.633482337278247987e-01,-5.464089683400532443e-02,-1.491100701249917226e-01,-6.592615160181231060e-02,-5.777272843315195416e-02,7.436435666626382834e-02
1.464698861100094396e-01,-4.758063856540860337e-02,-4.960756640746769031e-01,-4.609323406669402767e-01,1.930886090096025909e-01,1.159306571815217068e-01,-2.761465063654869323e-01,8.073739310983850392e-02,-2.655880129683772517e-01,-2.875217978272354147e-01,2.162038327788252390e-01,1.829362474749728351e-01,1.924188650561646230e-01,2.871555208376635679e-02,-3.028913455964779913e-02,2.857162891880969946e-01,-1.396322822439771127e-01,-1.045029622391311086e-01
6.500994258437047110e-04,-1.218096121561419443e-01,-1.878134667622819165e-01,5.156045912791734631e-02,-3.065332755455850711e-01,3.112839926175087202e-01,1.472015512356455447e-01,-2.100515182915074497e-01,1.493399475120255615e-01,6.663392116597481596e-02,-5.734421250683089527e-02,2.626780082828462579e-02,1.752903037679025000e-01,4.013573272445678519e-01,1.190257874795886822e-01,-2.093641894617115085e-01,-6.403216746523537894e-01,-5.630923737574395141e-03
-1.511855847558757626e-01,-2.465156067868443934e-01,-5.673604671947327649e-01,4.622560971522309825e-01,1.525796187382972013e-01,-1.126335958798431597e-01,-7.854667303235787768e-02,1.412807456025000352e-01,-1.909143150370858077e-01,2.355043024153915532e-01,1.387735683537141551e-01,-2.719831600004222194e-01,-3.008743900799641935e-01,-2.985034554392922840e-02,-6.470282366598353874e-02,-3.053153079283910457e-02,-9.004351102307416033e-02,1.700331716756185441e-01
1.698630380493289516e-01,3.007604784439088519e-01,-1.688804229892816866e-01,-8.144390491777510344e-02,1.054622371956262100e-01,3.602829204403825702e-01,3.810155643269372283e-01,-4.244578663724390966e-01,-1.937232000784450958e-01,4.085793508364637949e-02,2.103415776615351895e-01,-8.345059814400106191e-02,-1.329042786928174291e-01,-2.669486066589137341e-01,-2.948881095798410734e-01,-3.109293977294129152e-01,1.178084791884548010e-01,-4.926365026133396746e-02
4.738616723415352561e-01,3.309330260129699219e-01,-1.411795439122979223e-01,4.352395578489634889e-03,-4.529180227243916122e-04,-3.189310053353431873e-01,-1.630454253100844728e-02,1.176101540627950831e-01,-1.403516170954400566e-01,-2.139582775527466563e-01,-2.044239810617547171e-01,4.506315177047519327e-02,-2.919242567137156352e-01,6.135002420477282670e-02,4.342750861593019929e-01,-3.659166707686218878e-01,-9.401423650505916219e-02,2.374776272656512269e-02
