1.058054968080702346e-01,-2.345139693457207464e-01,-2.269013582721400302e-01,-3.230270521932444155e-02,-7.202815751197388927e-02,-2.207129339961621736e-02,2.355546102678901521e-01,-3.317214083922654932e-01,1.436821145407158051e-01,-4.311384826578047030e-02,-5.196621679162972962e-02,-5.808099243045911769e-02,-6.980135127715065835e-01,1.314775566718779654e-01,-2.467852408809031450e-01,-4.340292729644395359e-02,3.374256595178306006e-01,-1.873870458286302013e-02
-2.188387679669694663e-01,9.817276187283441313e-02,1.132267139372137438e-01,-1.351530031840194879e-01,-8.767671940289946397e-02,3.473913038754836147e-01,-1.582708736010599582e-01,-2.215680350240807617e-01,2.240154748222789316e-01,-9.990136135823489416e-02,-2.519016318051665038e-01,5.478571451730082087e-01,-7.175775399931076659e-02,-2.259242124032384003e-01,-7.578526093559827259e-02,4.722843816382006343e-01,-1.089242387770624279e-02,2.116442321058478911e-03
-4.020777606112005964e-01,5.594991993004268943e-02,8.903455325057786640e-02,-1.574892291615433704e-01,8.492986763823764940e-02,9.597140031233571122e-02,4.207619222982054707e-01,-2.100227717214252221e-01,-4.700500231047143318e-01,-1.186815881547315377e-01,1.602214245407128368e-01,2.389109751668824499e-01,1.148818777876227937e-01,-1.293000722090375532e-01,-2.449501404028010254e-01,-3.536715966452819715e-01,5.756555704996830364e-02,1.697153497985720016e-01
-4.059811223176525430e-01,-6.776265894625461972e-02,2.298287962430765607e-01,-1.477819626753312243e-01,1.890248401958221358e-01,4.078290034463701030e-02,-1.983401205308355786e-01,-1.117146850933415508e-02,6.429456908010657001e-02,-1.498059361081673369e-01,3.485292593983101983e-01,-3.548982800887705569e-01,-2.342112894928815026e-01,-3.547529060590414729e-01,1.819586759938758846e-01,2.556515155730360728e-02,1.037177416617997422e-01,-4.240802080640988514e-01
-3.210658342110588315e-01,-2.610955652162299523e-01,-1.979310096383179729e-01,-2.085040040405728989e-01,8.635245654838695495e-02,4.217781208285892869e-01,2.937745016022663136e-01,3.155004606961468450e-01,3.645599287837561486e-02,3.577401554194193367e-01,-2.738248576284962321e-01,-8.164848197082322234e-02,4.143243256511754125e-02,2.836918930645176973e-01,1.178343353297708479e-01,1.325325477736048578e-02,-5.978665479282537637e-02,-2.532022069849024781e-01
2.793404462173276759e-01,-2.842997830465608389e-01,1.545751057087336455e-01,-1.017263037068377451e-01,1.403848262433855520e-01,8.740423447724969541e-02,-2.071325180801151244e-01,-2.125578752244108305e-01,-4.899146953637780189e-01,5.421578379393919844e-01,2.563432095969769287e-01,1.034670300322103192e-01,-6.913803454568177853e-02,6.865536155027930805e-03,1.780726522721197413e-02,2.748514481872980642e-01,1.763850888603612360e-02,-1.005878892047455848e-02
-2.492856309568105833e-01,1.159259648884593680e-01,1.243995086712083170e-01,-3.022515447791047083e-01,3.883797399244145465e-01,-3.025544489352038902e-01,2.585360348113003789e-02,-2.763811553289096667e-01,1.368407844545163343e-01,6.146845613176508960e-02,-1.207897306163981804e-01,-1.637752184098557884e-01,-6.276478755214266736e-02,3.091410640614373762e-01,2.935963291201190706e-01,1.725141715989568780e-01,-9.837737747512731445e-02,4.572654820773304762e-01
-1.624276880446815785e-01,2.073152432345488072e-01,8.282929958466869746e-02,4.373007031861170235e-01,9.346247484359486435e-02,-9.037977704379214494e-02,8.787561471111776656e-02,-1.364230984032828164e-01,-2.488515367691034597e-01,-4.390624078518744200e-02,-2.194609151659631663e-01,-1.433921109339258426e-01,2.177404107829538360e-01,2.341347142480646737e-01,-3.470292450111081561e-02,3.468284168770347509e-01,5.172526454702945919e-01,-2.558401541841754945e-01
3.027806230280098432e-01,1.422531095630306247e-02,-1.119443249739057455e-01,-1.061343221443380030e-01,2.056614430018844641e-01,-1.704575202786852775e-02,6.438103146838465574e-02,-3.031656221952622188e-01,-2.320955869290887152e-01,-3.081697811324016212e-01,-2.988780910812532943e-01,1.840563792992758185e-01,-2.622253268416800676e-02,1.152029013113363594e-02,4.610675240577593037e-01,-1.912171042763682327e-01,-1.956127235480080995e-01,-4.305929074316628968e-01
2.436189748549467265e-02,6.323999483703086552e-03,-1.017374297085920365e-01,-3.945135379725424607e-01,-5.091616935228576724e-02,-1.564645063382648360e-01,-1.241075581928303001e-01,-7.790294803349681607e-02,2.599906645055948817e-01,-4.963980444259012692e-02,4.040086233716495001e-01,3.002485932098659105e-01,3.174296790936086410e-01,4.325512490683529609e-01,-8.124052881750148947e-02,-6.779062817472684965e-02,2.802685306273824950e-01,-2.894654518016677724e-01
-2.921315836005566324e-01,-2.329396560875543198e-01,-4.602768850230393172e-01,9.631815274834727714e-02,3.333926926805633878e-02,-4.998877970366349260e-02,-4.680541255822408542e-01,-3.213485261255382697e-01,-1.105793872095252040e-01,-7.336839740238589036e-02,-1.234631691888689042e-01,-1.790823505075846700e-01,1.683881158510251164e-01,6.460572177708800989e-02,-3.453315564851245911e-01,-4.063100320958067113e-02,-3.050789831884163639e-01,-4.342306048673413854e-02
2.695583503172871431e-01,1.724800657791420166e-01,2.588707655450143141e-01,-5.435197234820995371e-01,-7.603676188613422982e-02,1.449837128663139518e-01,-1.277765854220441200e-01,-2.024684653570870893e-02,-9.288139294476155383e-02,-5.343399732109118533e-02,-3.793634697853125459e-01,-3.994224514328317266e-01,1.310540227135343350e-01,-5.970752134465136945e-02,-3.581879092846889656e-01,-7.046971207091203004e-02,1.470068275743249553e-01,-3.270641737365208301e-02
-1.446856802514245033e-01,-1.009482659941338401e-01,-2.630631064088359006e-01,-2.209210983892890556e-01,-2.432701382762526010e-01,-9.415164240765695747e-02,-3.308799037520232522e-01,3.570353844561525158e-01,-3.896421540859595356e-01,-2.180620307203488539e-01,-1.167839746476396628e-01,1.058436358280603062e-01,-1.499259076305780036e-01,4.442697334937672007e-04,3.078260506513759709e-01,2.235878295895039891e-02,3.713153608355797552e-01,2.569887332275266889e-01
1.454670225587682553e-01,9.877693952920226991e-03,-1.240939979578365854e-01,-1.124092307580773636e-01,4.078361527635564893e-02,1.614711468766838465e-01,2.377385787840413378e-01,1.722640667891477961e-01,-2.040809527035963578e-01,-4.925236262148057209e-01,3.078353079433868156e-01,-1.624342866168780875e-01,-5.222538325738249054e-02,2.164013916171184382e-01,-1.428532177564282302e-01,5.231920064734889575e-01,-2.949210906045000025e-01,2.697024114477595755e-02
1.932033310261342118e-01,-4.498596563140768723e-01,-1.394214363101960730e-01,4.198515571520632789e-02,2.355528583734544379e-01,2.917014814866136785e-01,9.920733388671683362e-02,-1.593384210497107989e-01,2.140796061760435465e-01,-1.954842468505947062e-01,5.309084679260697021e-02,-1.316007380442644481e-01,4.066879228216791486e-01,-2.600802781715323420e-01,1.682548152629809723e-01,2.501391678830422460e-02,3.349681730899813914e-01,2.914352535928906862e-01
7.959127008716755658e-02,5.032781517738175170e-01,-6.147949479240297777e-01,-1.644605048584832641e-01,2.180130665096702003e-01,-6.612610466481123883e-02,1.181714367530299903e-01,1.556973493212208959e-02,8.201503195878090402e-03,2.751085797269466338e-01,9.579355105561719597e-02,-4.310085938989528104e-02,1.827745022318635199e-02,-3.871239225912504467e-01,-1.622861705792225107e-02,1.415276105674830032e-01,1.025527602583473502e-01,-3.809724919598227871e-02
2.236151373208269608e-02,-3.567084315571889541e-01,7.278622141917051591e-02,-8.530560502668831091e-02,4.013863317319081858e-01,-5.255847968446070162e-01,1.042062049489156650e-01,3.455583838739471614e-01,1.851942990073736015e-02,-5.891911378842130953e-02,-2.232482889333817222e-01,2.313212152268614430e-01,2.089936610386651863e-02,-2.201242192011416410e-01,-3.148181235150835366e-01,1.401701867562262227e-01,3.638199785808174120e-03,-1.312925096233958366e-01
9.087380966367659962e-02,2.116203949531746675e-01,2.189843046359064849e-02,1.688562905317038121e-01,6.170015263437402808e-01,3.657653497032322676e-01,-3.314684063990239182e-01,2.303713456047478403e-01,8.071494628534143373e-03,-1.041288342188776556e-01,3.618829448226587586e-02,1.509434194050816302e-01,-2.082739707989897937e-01,2.245550711905117958e-01,-1.704576568049859520e-01,-2.474808566220643713e-01,1.084141972769655793e-01,9.843074356286803106e-02
