3.332946389405037069e-01,-2.822051678807230846e-01,7.379066543588765070e-02,-2.998161475238688214e-02,-4.218129450579577444e-02,1.071895282872272481e-01,7.199487846310992367e-02,2.572358068481152005e-01,5.412700361878761135e-02,3.170091210142078064e-01,-3.715463494460848337e-01,3.916684193861800778e-01,3.772941696944197010e-01,1.858027226851204361e-01,-2.142127835467491082e-01,-1.469244464241538650e-01,2.810861688405862369e-01,8.737614654684840512e-03
-2.815711866581636080e-01,-2.053231683652170514e-01,-8.680565409339138783e-02,-9.538447490475851498e-02,-3.147580681654066903e-01,1.218077436694939564e-01,-1.318613421845070410e-01,3.567651426445933027e-01,1.874001096893989082e-01,2.955928654277322210e-01,1.685544122435315983e-01,2.074907511321578968e-01,-3.827453604138603138e-01,2.684061822015235688e-01,1.190932220064307157e-01,3.451279202530979640e-01,-6.719189337932411632e-02,-2.303129032839790480e-01
-1.978797183095158396e-01,-4.105365257852737759e-01,-3.939425088589079693e-01,-2.703853138663988576e-01,-2.660416540346342840e-02,-1.178368305996648768e-01,4.253956664333925497e-01,-1.927710468826731860e-01,1.114544930470798834e-01,2.330173827601228209e-01,1.403111529229819632e-01,-2.944180801097342690e-02,-1.232281205853605205e-01,-2.150586466947932152e-01,-2.739983062450067688e-02,-2.155200231482965467e-01,1.107953988739103501e-01,3.508633963907771269e-01
-2.914190048005073086e-01,1.712673019557313381e-01,1.063319023896893423e-01,-3.320655917041608340e-01,4.694418257543946371e-01,3.958127612851004146e-02,1.901389850209274091e-01,-1.257546799607429655e-01,1.470974244457812774e-01,-1.311888287614037529e-01,-2.607282424187162273e-01,2.349414972024152226e-01,-7.051381102748480179e-02,4.974139024624776168e-02,2.998693443457900454e-01,1.734033664206550696e-01,4.100719608002437178e-01,-1.806610464289691576e-01
1.675856374035317731e-01,-2.005204826018607556e-01,-2.961412340698867385e-01,-6.157647147327845183e-02,1.565607330441017575e-01,2.987042185626092583e-01,1.824725126484027793e-01,-2.622017112401823780e-01,-2.073711084766326762e-01,6.953548410130070030e-03,-3.843106285462619676e-01,-2.814029513902878143e-01,-1.834099793639528131e-01,3.395093979766143910e-01,-9.580599523769661729e-02,6.924393185370313064e-02,-3.154646407793499918e-01,-3.034850215246201466e-01
-1.036003139598391520e-01,-3.502366713042278645e-01,5.425487018278637302e-02,-1.422104514217136517e-01,-2.065359441749901603e-01,-2.961705208592145255e-01,-1.492068530958306216e-01,-1.702666183107846565e-01,-9.328645722132153373e-02,-3.330971180340825399e-01,-1.442085616209433652e-01,-7.053596331357736560e-02,1.239853714118959865e-01,-9.378542396973348072e-02,-4.020339692980879343e-01,5.417676861882286810e-01,1.919247748417628185e-01,-1.523632361930436080e-02
-5.069094884088851810e-02,2.240918819395348593e-01,3.021134317531133928e-01,-9.517779813936672051e-02,-2.051108633644914137e-01,-2.450937912356557224e-02,1.269246785002859923e-01,-3.803052517023123857e-01,6.661639637343408360e-02,5.224103431627424854e-01,1.623730196832441283e-02,-4.898920664477993819e-02,3.607383227167228895e-02,-3.140344005281582307e-01,-2.319630605684598612e-01,-3.393816432381654806e-03,-2.773712203775920496e-02,-4.571085495711703639e-01
-1.163506516718548489e-01,-4.229046684145803536e-01,3.774039975751939530e-02,1.901107218438435609e-01,1.789214604989573243e-01,1.201639050561164740e-01,-4.610910052742406284e-01,-1.460115863670908842e-01,-3.400447110946044904e-01,4.876705997216446153e-02,-8.790560620364416822e-02,2.510808854922659261e-01,-2.007950414885776025e-01,-3.930072046689379039e-01,1.676487884597101796e-01,-2.257949181135188443e-01,4.488085398862651232e-02,-1.581660172954186538e-01
1.861343488333825485e-02,-5.545948388539836266e-02,2.799947640551389005e-01,1.372265788922186758e-01,1.624686327659715379e-01,-5.574337589252971181e-01,2.150066400030617719e-01,2.985246492722789524e-01,-1.868905484186607902e-01,2.578219084281338502e-01,-3.668918737569780153e-01,-1.328695462500829594e-01,-2.534699403944807305e-01,-8.207512091515775654e-02,1.491388062832795514e-01,1.302201304306846441e-01,-2.105841663735956160e-01,1.366873807227647619e-01
1.914213659929920319e-01,-7.953816810711152041e-02,-2.309128820826291950e-01,1.736799729088882027e-01,-1.958040925922428510e-01,-3.507177157931014588e-01,-2.073538416282928471e-03,-3.774759790249697655e-01,1.953879408198828105e-01,-4.271749894496223651e-03,-3.750942086585601354e-02,2.749834809673742386e-01,2.924056143392041451e-01,7.909073015105130833e-02,5.346607415479993630e-01,1.375126178498158325e-01,-2.043759827724551947e-01,-1.272640979753050239e-01
-4.467731223748654390e-01,2.622238709047512717e-02,-2.798795712329605889e-01,2.117869519857080440e-01,-9.445312297994794271e-02,1.844003578699728030e-01,1.258859704093397980e-01,3.231280223482310143e-01,-9.377552550256243458e-02,4.252544771649850036e-02,-2.145372555191686903e-01,-2.734851900447675122e-01,4.925790202023604958e-01,-2.805401830793057827e-01,1.625903366006999640e-01,8.622542889450487968e-02,5.615949045126394229e-03,-1.633232462275502339e-01
1.464243718057118837e-01,-2.044843994828414724e-01,-1.083510566379222301e-01,1.878657196227878079e-01,2.477411285527663376e-01,-2.707250267346210659e-01,-2.006684431668657453e-01,9.606041373899298907e-02,4.206934561237909986e-01,6.556923120276691996e-02,1.232699171651018694e-01,-4.755887015278706942e-01,-3.695171517543540535e-02,8.661532921509758343e-02,-7.871427790443466174e-03,-1.581896048459543735e-01,3.585830922189716663e-01,-3.469173345069642145e-01
2.150356879944995969e-01,1.270954783483071171e-01,-2.731179068950031485e-01,2.147520195901234941e-01,1.268787900501083810e-01,1.017862959840213771e-01,8.477448478025506606e-02,1.342813425984183406e-01,4.554162560975746343e-01,-1.612265467655261131e-01,-1.928100889217748970e-01,2.593903328032975408e-01,-2.492394187437166342e-01,-4.815344877293878945e-01,-2.651938766234442912e-01,1.763215124389196642e-01,-1.753146316846497521e-01,-3.482272293539962621e-02
2.403331514063911101e-01,2.359297408475086733e-01,-3.557271749932292004e-01,-5.352592061585287331e-01,-2.048178834210741539e-01,-2.762783878011874084e-01,-1.324750486468004307e-01,2.708634099409996665e-01,-2.709744725308758651e-01,-1.137137279591799027e-01,-7.297857654286921125e-02,2.859109396102517409e-02,-8.114455563392546089e-02,-1.730466487858587643e-01,6.212500330288295985e-02,-2.139829733940261658e-01,6.068274061778339279e-02,-2.863121533028222254e-01
-4.245164180385013197e-01,-2.559775585633374505e-03,-8.349275100469917554e-02,-3.788368890927018562e-02,3.005393878504800109e-01,-3.289150036086578299e-01,-7.250529909118579031e-02,4.795985178437073976e-02,6.707367558668883567e-02,-6.417760779389967973e-02,7.510614244360505620e-02,2.784422942346410079e-01,2.007424080395416588e-01,2.226606833387201889e-01,-3.802275836100475481e-01,-2.757421978285168884e-01,-4.100889483466398922e-01,-1.867168283341496815e-01
2.202002307091226740e-01,-1.545427670594549385e-01,6.726314372947832243e-02,-4.377749219944919723e-01,4.099707591929649952e-01,1.303874634563338131e-01,-2.200321366118582478e-01,1.078017851482891976e-01,8.054098295859189738e-02,2.168772774992308583e-01,2.327713841608227696e-01,-1.245184833751850767e-01,3.097552079473612774e-01,-2.005892638432275055e-01,1.109676817084535999e-01,3.105518045283886530e-01,-3.293750680940994435e-01,9.852105598170739220e-02
-1.642668124313639566e-01,-7.851767352002531064e-02,2.447447520426997980e-01,-2.816914124169777045e-01,-2.770480936233636338e-01,8.645753047339482800e-02,-2.759919432348786894e-01,-4.704947138988914423e-02,4.522701683248282478e-01,-1.324058405648066705e-01,-4.618331854771345890e-01,-2.030969497338001584e-01,-2.719165544483691938e-02,-2.415594056945078588e-02,1.232726329918236580e-01,-3.054198908167107818e-01,-2.228912317268030019e-01,1.699613634279220908e-01
-1.135988898786945006e-01,3.668998319691604837e-01,-3.779702724884342335e-01,5.669824601961708649e-02,9.260900812885086708e-02,-7.653695136701764434e-02,-4.680972171874447918e-01,-1.926230422118829777e-01,-2.952793054898981279e-02,4.172779315081284746e-01,-2.377839690691047059e-01,-3.523478460942714580e-02,-3.047421741182474927e-02,1.271291121759771103e-01,-1.251474070177886200e-01,1.500641445686220488e-01,1.463450725164096577e-01,3.553683243976821227e-01
