-8.583274113198972877e-02,-1.666710968469143905e-01,3.867852460141346094e-01,2.316194360553173459e-01,1.298742024358758018e-01,2.326880478314711231e-01,4.110770701460003673e-02,4.599063060146760251e-02,3.496869284418888807e-02,6.446376139996669308e-02,2.631646296821365527e-01,-1.126331676306076141e-01,-2.436133859080515940e-01,-3.257368292620638206e-01,-1.675247533091471785e-01,-3.081901796326825815e-01,5.543070456884303665e-01,-6.093312225692157358e-02
2.495419538921077041e-01,2.228776674492659871e-01,3.425685410568887201e-01,-2.520315582974198554e-01,1.175158282648371966e-01,-2.413765008617087537e-01,3.777475503055003903e-01,9.293335843873053170e-02,-1.007148535282341439e-01,-3.134807245143792498e-01,-1.976144385462869912e-01,-2.644513244564184254e-02,-9.700906737951860148e-02,-2.166314171934560218e-01,-9.122028251738435733e-02,-1.889324769841064233e-01,-2.093905987555980119e-01,-4.375081822473362858e-01
6.769696671358554907e-02,-1.936278381326558551e-01,3.155852915472253106e-01,-3.960783573744131036e-01,-1.631524013718456678e-01,2.799273705628598230e-01,-1.187964912471549533e-01,-1.222252205408160819e-01,-2.306548977643726184e-01,4.743796321454752385e-01,-1.680103918158543930e-01,-9.222864352264829868e-02,-4.794532216033019212e-02,2.629824967938212965e-01,1.815056022714199024e-01,-3.491894377037803587e-01,-1.536838611247682840e-01,-4.997433717091209759e-02
-2.738116110188479335e-01,2.862240958917533495e-01,-1.359035223946495063e-01,-2.487457843482406561e-01,-3.649322956277900598e-01,-2.623353830369860584e-01,-1.694731544265769274e-01,2.942269653705139043e-01,6.247630742128398862e-02,9.744309686093988176e-02,1.519668166817862431e-01,3.518925208016828732e-01,-3.718547043998023938e-01,1.237025282915800439e-01,-2.468444529464725867e-01,-2.350625745046311665e-01,1.074591090112999442e-01,-6.196486744970549493e-02
4.275166829102547972e-01,3.195205767940671043e-02,1.820114679856954520e-01,2.438476271858067146e-01,3.466980656760205171e-01,-3.490833791955035292e-01,-4.030268626179199232e-01,1.420972112600552562e-01,-1.911918606052406822e-01,2.950574524612283867e-01,9.692697493386967511e-02,8.080536834756760212e-02,1.357001486522644261e-02,2.596815335080285836e-01,-2.106382958730121102e-01,1.474295407628511689e-01,3.823451693308137916e-02,-1.556137231022674539e-01
-4.686114541499070835e-02,7.401455067090453865e-02,-4.768661119696044337e-01,1.691921848015850716e-01,3.834129103547519180e-02,1.182254090890812320e-01,-1.693108767114222812e-01,-4.644015434646490970e-02,-2.501684132371937985e-01,1.307151197599599468e-01,5.274127759893138673e-02,-4.802411185778689973e-01,-2.642891261196351205e-01,-2.535055008006472099e-01,-2.142595225257948321e-01,-1.622338870735530181e-01,-3.339892623649469150e-01,-2.430123348307385855e-01
-3.422651218510567306e-01,4.645721714681055325e-01,4.292428999584561866e-02,-9.519308271115091424e-02,3.592117248850085764e-01,1.400757231754664461e-02,7.152719393518788826e-02,2.660698593833107362e-01,-2.505124598025826321e-01,8.702486647202846426e-02,-2.023231738919031297e-01,-2.555253588383393226e-01,3.121126638248130636e-01,9.691552947889223169e-02,-1.109967141491418202e-01,-1.431069395783457210e-01,1.469108221283918492e-01,3.365073469162412900e-01
4.012533855248499037e-01,9.365542546582512895e-02,7.415262651041143460e-02,-1.088260996976156830e-01,-2.070945847600607070e-01,4.814863817290655490e-01,-2.305139498456912628e-01,4.104691082870249863e-01,1.584098070373801126e-01,-8.936132489901170428e-02,-6.238798566149440089e-02,5.497816205003160789e-02,1.665516886552407261e-01,-2.401403222810206128e-01,-3.441412922828347432e-01,7.727657069471413620e-02,-1.512868619788106939e-01,2.094047595050728128e-01
-1.056198201109296575e-01,-7.157795164283044242e-02,1.582889631783993833e-01,-3.164140604215686658e-01,-2.000679670215045614e-01,-1.808512362933199225e-01,-3.235633126450175312e-01,-1.787943986440081179e-01,1.909086818315553213e-01,-2.183689396878277789e-01,-1.283839299812094270e-01,-5.538149103854272948e-01,2.510922171432368108e-02,1.201807726632293655e-01,-2.515826639183244007e-01,2.867218523582394929e-01,2.593102867991970983e-01,-1.183608935839136900e-01
-1.141455132297922448e-01,-2.509850307394651536e-01,2.821088986878171889e-01,1.435665856269318919e-01,2.427741017928911407e-02,-1.756934962456146443e-01,-1.924582889908746930e-01,1.870754350080538683e-02,-1.902067728719787909e-01,-4.329144721873423585e-01,5.075751636338029366e-02,-4.747145789537537269e-02,-2.828219254938643124e-01,9.240408424371827911e-02,-5.563278067331343946e-02,-1.866824124337790602e-01,-3.752299090153452532e-01,5.091559355185308888e-01
-4.137438449868378193e-02,-8.778892072140825897e-02,-4.265728787400227540e-02,-8.265562637958873138e-02,6.573739829154960634e-02,9.217818560635573574e-03,-6.668915947553034906e-02,1.556683630341081093e-01,2.007505713029478500e-01,-2.036756949557138874e-01,5.958570394280289229e-01,-1.403604074882608965e-01,4.675453108696169813e-01,2.421448245814492861e-01,6.611250939029322815e-02,-3.636549594444916100e-01,-1.561270655920576067e-01,-2.325678140361970014e-01
1.485445558836736013e-01,2.668911423950138251e-01,-6.585399323417602535e-02,2.412874548207452063e-01,-2.535215533871336135e-01,3.952204859412371957e-02,-4.069295807692594469e-01,-1.968997244446446804e-01,-2.633377912406750232e-01,-3.472103817600626918e-01,-2.295681554010113590e-01,1.145740334386797510e-01,1.917014990659798856e-01,-4.327965978425354909e-02,2.854994035048485368e-01,-3.278608942851300445e-01,2.767824739366638864e-01,-1.182645239049052305e-01
-1.483867619824306150e-01,-6.322222356431933532e-02,-1.309516624623801306e-01,-2.610332129495893660e-01,4.675021991506010388e-01,4.198128864644450342e-01,-1.496430020418919038e-01,-2.429890730343484684e-01,-1.227825696317258880e-01,-3.051657102891954243e-01,-3.057197416568391279e-02,3.548176105256936608e-01,-1.284559452722935646e-01,2.143874555903771684e-01,-2.655403978020590139e-01,7.498566851293363145e-02,4.364654680276889437e-02,-1.921598859140250526e-01
-3.808600825716079163e-01,-3.033895259487727133e-02,2.502348950235324665e-01,-1.358241223613579907e-01,-3.895876736265223295e-02,-1.083931606864432795e-01,-2.747288969395805247e-01,-9.624990410183209555e-02,-2.720912329020562792e-01,1.254581342675767930e-01,1.901818764036842246e-01,2.242024021431631708e-01,3.045043861666631990e-01,-5.412055623850449138e-01,2.737975216265751618e-02,2.480535887003670892e-01,-1.954912677147694899e-01,-1.123382381480442505e-01
-1.698210141992415323e-01,-9.047569394328833225e-02,1.271791579333185762e-01,2.913374229864762466e-01,-3.783528697357345649e-01,2.110076385647954023e-01,2.748857306582804805e-01,2.583910845077509455e-01,-4.751861431793416579e-01,-1.181682865294142182e-01,5.451335203361213494e-02,-3.422970774156329499e-02,6.389866922773873581e-02,3.344426460070351603e-01,-1.438912827452839827e-01,2.946054265889854196e-01,2.224989483898527631e-02,-2.531475296301896605e-01
-2.070594814333396871e-01,4.893328541388132780e-01,3.695193637338617387e-01,3.613506481584156105e-01,-3.000727907705405539e-02,2.110862213309952218e-01,-6.828144973101220316e-02,-2.738394545307713535e-01,4.053981165883006610e-01,9.152434764234974873e-02,-1.779623643108952736e-03,1.600845978666525686e-03,-8.648211120565219012e-02,1.705556765059589863e-01,-3.034889371287058379e-02,5.157086975282963032e-02,-3.139106719438315984e-01,-1.184637576008508164e-01
-1.933258978444919174e-01,-3.723509546800415904e-01,-5.684721394244501153e-02,2.493197232216864956e-01,-4.793244109283405913e-02,-1.573258704033025646e-01,4.176372392214168505e-02,-4.534387430159629584e-02,1.952917624067978253e-01,1.043083958049215443e-01,-4.664035321085486796e-01,1.666482471294581380e-01,3.330862003422287443e-01,-6.018833841800404899e-03,-4.552929570728898589e-01,-3.110076919473133139e-01,-7.753630325137007839e-02,-1.113719892326359567e-01
2.521247519241447965e-01,1.838006949040690008e-01,-2.440882350181856550e-02,-7.147059541690502227e-02,-2.007523159557162706e-01,-7.419806466041729831e-02,2.679986566270778914e-01,-5.645139740319886634e-01,-2.118256736306973476e-01,6.413760206988067258e-02,3.145652086694329386e-01,4.361460366538009309e-02,1.666768013759118705e-01,2.031594415297485398e-02,-4.430127670509276250e-01,-8.660552984185153347e-02,4.538354542964839755e-02,2.771078918371451261e-01
