1.490482901557065309e-01,1.810460651336670002e-01,-4.067040012273120259e-02,6.905756554650974155e-02,-2.051469136475371491e-02,-8.228725411648725452e-02,-1.405492304349889310e-01,1.036858648281591272e-01,-5.544110825515939922e-01,3.386818670434466050e-01,-4.013925035579531397e-01,-2.336391428717269625e-01,-1.243987717004657739e-01,1.071487856343378703e-01,4.182530203826853588e-01,1.630083128831662231e-01,-1.794049308458895708e-01,4.957236816083056968e-02
-2.291093250851495289e-01,-3.057808853531346349e-01,3.731451231887848718e-02,2.104116819970472951e-01,1.126070057430536980e-01,-1.130066385765525760e-01,-1.700870179968088647e-01,-2.224692060861849785e-01,-2.403457479405636255e-01,3.315272467249773952e-02,-7.344822402527252658e-02,-1.167702053834137194e-01,-2.498724056464978194e-01,3.163766441866764367e-01,-3.345843749088959207e-01,2.098651543248448437e-01,4.078054385956145778e-01,-3.764939204731168054e-01
2.508146726474808075e-01,-3.143783146264813588e-01,2.453887062336921054e-01,-2.930726869889583100e-02,-1.381530539548271597e-01,2.169908856904022854e-01,-4.872568871432058080e-01,-1.842206412533202164e-01,-1.162330305963124727e-01,-3.883449605588342596e-02,1.415185380924176839e-01,3.965656368420906186e-01,2.361299081188843185e-01,-1.763416062558224168e-02,1.265258567627818853e-01,3.839613602289904670e-01,-1.598114554233380849e-02,1.660935382725262088e-01
-2.055611355566327458e-01,-4.074275362570473624e-01,4.240424109416323639e-01,-1.086084555844213234e-01,-1.577283887928464245e-01,-2.252947362394811248e-01,2.119424391834399124e-01,4.836354870714442145e-01,-1.599932288616453813e-01,8.159128700875066531e-02,-1.574062633123241017e-01,4.909827925782794811e-02,2.837246802878470864e-01,1.861206562146431320e-01,-1.436690175981642781e-01,-1.354733177983182824e-01,-4.394713889465227258e-02,1.737029653137742713e-01
-1.961144239311808299e-02,-5.399808749612414888e-02,3.609364827103119788e-01,-3.834282610537801395e-01,-1.938850953866730620e-01,-1.814033473768371929e-01,-1.086000471717948057e-01,-1.827310245910557795e-01,-1.507924320509821010e-02,-1.051969334184716109e-01,-1.431132066198346486e-01,1.374602815033444392e-01,-6.168105594597730335e-01,-2.634725697731120087e-01,-4.549087097800076640e-02,-1.671608743989033974e-01,-2.452794747628580796e-01,-1.140450048414307499e-01
3.116508378794153322e-01,-1.466708458935838955e-01,-1.989790552649442490e-01,-4.103292562886390882e-01,4.998292876592319023e-01,7.404126696139552710e-02,3.248222667665301988e-01,3.062783399517555669e-02,-3.396670716140852420e-02,1.138951005315204240e-01,-1.271531117991546722e-01,2.078411934579689757e-01,-1.752080378001915628e-01,1.477285094106881302e-01,-2.544305037026852179e-01,2.854734991092408025e-01,-6.862514712346373669e-02,1.862443921535092417e-01
1.982674059433135183e-01,9.255668599785516273e-03,-3.166976812703821420e-02,3.102412876069410297e-02,1.960451054228681822e-01,-2.255760544315953686e-01,-2.723876341237793652e-01,-3.557262725049203378e-01,2.250004406632638912e-02,-2.348142166663413910e-01,-2.323300384615109848e-01,-7.183815196542372994e-02,2.698050950907760481e-01,3.905785919863216105e-01,-1.793066677430300848e-01,-4.145225125782859843e-01,-3.425128284860075034e-01,8.462423086208631373e-02
3.820555137651154842e-01,8.324530402953869701e-02,1.614582772261190236e-01,-1.427045591266940527e-01,-4.154913620657181839e-01,3.168959601300584406e-01,4.466433135377772534e-01,-1.855337218559010293e-01,-1.626243517157937579e-01,-1.411947162298159975e-01,3.927078986896011259e-02,-8.186441488238889452e-02,9.836536307179614969e-02,3.159262572848620110e-01,2.122201843700940657e-02,-3.749769132137553695e-02,4.767498966236261709e-02,-3.542036123883214871e-01
9.325810696883100881e-02,1.157896608381770061e-02,1.130412939070561396e-01,-6.435299031589315766e-02,3.318004882147976980e-02,-4.653701714790217103e-01,1.004961396234856502e-01,5.976910504448142321e-03,7.920991681977258836e-02,-4.410925700751341938e-01,9.726530466992759638e-02,-4.098735105812804647e-01,1.330592776070327332e-01,-1.224460534819222512e-01,5.132556810311378337e-02,5.563118848257959659e-01,-1.431627345723594236e-01,-5.328600482690803303e-02
-4.248612522095329136e-01,4.216497665061299527e-01,3.602865664471334717e-01,-9.984860612299546051e-03,2.217393976189847501e-02,3.227335972594351232e-01,-1.292855123128499803e-02,-1.191483858610763447e-01,1.789406833528097429e-01,1.502571924052521768e-01,-6.788792757724718130e-02,-7.242006351313895474e-02,1.341443994265980114e-02,2.574378192245447838e-01,-2.263032254286644895e-01,3.222103405167403567e-01,-2.997382172849421544e-01,1.304065991310736083e-01
2.108927238916604163e-01,-5.899411962367277079e-02,-1.652563319227673411e-01,2.044746302968833973e-01,-4.033693727856547118e-01,-2.909212778553809664e-01,5.359216994269704742e-02,-6.534541219766160092e-02,4.925389804164468366e-01,4.051029146609861908e-01,-3.345854988909965355e-01,1.665352353035940702e-01,2.756700192228122084e-02,1.754782335023426926e-02,-1.419626458850932749e-01,2.075313073930780405e-01,-7.537192180034189837e-02,-1.099288441055929488e-01
1.587613051401064734e-01,5.597747682942789682e-01,1.786424982714217846e-01,1.114141409395379978e-01,9.577190198652292541e-02,-3.059721362103891007e-01,-3.075759841352490240e-03,1.167719768117214257e-01,-3.037666288391578928e-01,-4.491110059370889696e-03,4.773631265123566558e-02,4.464455709458342580e-01,1.657704005756817367e-01,-1.639246375246217746e-01,-3.185998476444277805e-01,1.212628477421111815e-02,1.492466352402305740e-01,-1.688760640582069039e-01
2.267674405438125373e-01,1.444595314147694709e-01,2.834159813080661672e-01,-4.436679836656599596e-01,1.189790861538736200e-01,-7.190640515307844538e-02,-2.675251723905092138e-01,-9.434675425344307090e-04,2.517538157817222344e-01,3.564799440763724570e-01,4.015686063745722845e-02,-3.560662133169138488e-01,1.441626474631188815e-01,4.020049172175409712e-03,2.525392305238273113e-02,-1.109212025171916194e-01,4.549733442278617312e-01,-7.085758857401584787e-03
-1.291996417630705274e-01,-1.192710821736381599e-01,-1.448778725819567237e-01,-2.089677849404353027e-01,6.730680490838102104e-02,-1.382784615799989847e-01,-4.542305836395049007e-02,-3.486511257606435960e-02,-1.151497863150369033e-01,4.164582167135956747e-01,5.073490243093566887e-01,4.817948119322402610e-04,1.733455355207023652e-01,1.397061621981483641e-02,9.334619992110833808e-05,-2.075768183306527306e-02,-4.515461834237604610e-01,-4.458989531299774045e-01
-4.206427532762786747e-02,-1.077002529875978609e-01,-1.457612714039640267e-01,-9.522659665852038768e-02,-1.292448355065794474e-01,2.356103884837453810e-01,3.767401361135485315e-03,-1.974046403969244023e-01,-2.616941072441599236e-01,7.182751149056096351e-02,-2.600881218864097844e-01,-2.871899275082981373e-01,2.935865032212698345e-01,-5.698204487374802785e-01,-4.542917748214447271e-01,-3.928050319562443769e-04,-4.957574022752667120e-02,4.029075359191129635e-02
2.841562875360082938e-02,-8.074111192826666228e-02,1.382344193728768655e-01,3.351547207124238453e-02,3.381677356611258456e-01,2.834017581942914199e-01,-1.213691760549406307e-01,3.051046486242115496e-01,2.184761337007996573e-01,-1.559036595869058017e-01,-4.074150863600294881e-01,7.526712383567162046e-02,1.423316128013722981e-01,-1.421877254266950552e-01,1.482384921774611841e-01,1.419264038745665125e-02,-1.180239124920350463e-01,-5.913347262244769142e-01
3.729770707029173016e-01,-1.563320139433432010e-01,4.260421142190441435e-01,5.407606454296636223e-01,2.568993500892416959e-01,8.072490640297666498e-02,1.653419549817139178e-01,-4.151306791319867712e-02,3.674075399374144429e-02,2.195310212241833037e-01,2.175809186999898004e-01,-2.085234902206079821e-01,-1.779875420322518664e-01,-1.791696859671559061e-01,-1.030274455579104353e-01,-1.056389419841539251e-01,-1.670964745190243461e-01,8.423357769458328370e-02
-2.620173533546423239e-01,-7.101309034575288559e-02,1.870766149023165570e-01,1.604449077573955919e-03,2.350105085150691053e-01,-1.652312308700275845e-01,3.861669246308781500e-01,-5.563169167373839263e-01,-7.246506681737602783e-03,1.321939910885357450e-01,-1.680207576468872310e-01,1.986190274448565163e-01,2.390002647724008278e-01,-1.555579067992409747e-01,4.024273370424049090e-01,-1.784435614977861531e-02,1.461680248198219401e-01,-4.357630563153924892e-04
