3.198177304942683152e-01,3.449371832718495234e-01,1.240445702074722961e-01,1.406976671226440045e-01,-2.858274018364545532e-01,4.286367844582988362e-01,-7.512322668548759852e-03,-3.439964608273785029e-01,-2.042447350405367512e-01,-1.819443042948022116e-01,1.038990724540969635e-01,-1.694004662980548581e-01,-7.235197688423365692e-02,3.752825338441133640e-01,-6.371248343482606435e-02,-7.305391095661413481e-02,-7.761301909461444659e-02,2.897108427266680275e-01
9.451016168431368436e-02,-3.447374704759484931e-01,3.560101861182557448e-01,-2.500774902596034632e-01,8.135875994770030983e-03,-3.319790275643615396e-01,-1.407685127123331770e-01,-2.756027678189096330e-01,-2.347998171502921616e-01,3.523005925125704541e-01,9.489163548318430008e-02,-1.779482051396060194e-01,2.457039629088579036e-01,3.780737545734340621e-01,-2.472552841033542545e-02,-1.185039236580020111e-01,1.906705913262892460e-01,-5.153949782531072610e-02
-5.375381730637440736e-01,9.361883448476522596e-02,4.125581752219493747e-01,-2.758496566448870313e-01,2.017276848293245439e-01,1.390646762991898377e-01,-1.036592149678286640e-01,-3.760062638395429702e-02,-1.393204682710300901e-01,-2.002354030981826349e-01,2.262254459873460632e-01,1.911703703974931279e-01,-3.502642733108222717e-01,1.024996185070713023e-01,-7.907310368804698619e-02,2.890864124589170303e-01,1.027952492449396710e-01,5.466977286014302467e-02
3.218477219259355954e-02,-5.855807119964094587e-02,-1.819657287989213390e-01,-4.488489247586233688e-01,1.735331721213377310e-01,1.976003740591849023e-01,3.942687486591731627e-01,-1.122135223237342161e-01,-1.382903638531336743e-01,-3.697289698786430656e-01,2.805677387861418293e-01,1.505425801746751724e-01,4.104616285030024958e-01,-4.178752214755301897e-02,2.552554431555071474e-02,-2.559999538180000589e-01,-3.912084039120052037e-02,-1.691473996528496948e-01
-1.258246717264467629e-01,-1.229313813584367032e-01,2.820063184926676070e-01,-2.471617361931091050e-01,-3.581916244432899465e-01,-4.947739241538153671e-02,3.184818742593259477e-01,-3.033452773441990269e-01,3.419806854599619084e-02,-5.161268040969204524e-02,-2.808724003816771009e-01,-3.304471403110897931e-01,-2.254902814590929727e-01,-4.541619770171988479e-01,-3.640815777003281184e-02,-1.137691717721714124e-01,-2.022201755460435180e-01,-7.230874800233097650e-03
9.535875710820174156e-02,-1.448342714266228348e-01,-9.814867855372769179e-02,-3.388664171919156254e-02,1.707838748443946397e-01,5.708045363685455842e-02,5.667181514695403960e-02,-1.663510240328962275e-01,4.796487209118913131e-01,7.103628428737050748e-02,2.528731067416206124e-01,-8.202390864475773979e-02,-5.137520618665254446e-01,3.056047975782051340e-01,1.359813650985251254e-01,-2.398873893499718357e-01,-1.892018559755656304e-01,-3.476882511505609008e-01
-2.094701504606399367e-01,2.653638108514003724e-01,-3.069624329417409148e-01,3.348018169157344209e-02,8.968938339351051336e-02,-1.212771509781747359e-01,2.564242081555186958e-01,-2.459504309428193689e-02,-2.833254871974645317e-01,-3.032285687762284812e-02,-3.290308075020024203e-01,-3.261164756483424521e-01,-8.378422655599407354e-02,3.172188814048889638e-01,-2.663764080569713810e-01,1.463822430974270616e-01,1.234969466347226597e-01,-4.360705496663169201e-01
-1.635418458102274597e-01,-1.747504233118455652e-01,-9.847838813369121092e-02,-1.639671732386788761e-01,-2.789887183370519108e-01,-5.768900763089774425e-02,3.490602192540862569e-01,1.575133215218036675e-01,5.965660081299530015e-02,4.528809742747076650e-02,-3.084437706455765427e-01,3.005725581377721167e-01,-8.971876418516488982e-03,4.871901568059158749e-01,3.295626917720879678e-01,1.290781607831761046e-01,-1.979751456737284254e-01,2.921026059541000364e-01
-5.531683752939857424e-02,-1.716050479229767889e-01,8.902925843011094686e-02,4.020247640895694557e-02,-1.801940311191681798e-01,3.702640325449493286e-01,-1.753724148391054005e-01,-2.331241926083289229e-01,2.715597278761237576e-01,8.847978880084775288e-02,-1.415814263495202840e-01,1.836055708650615459e-01,3.545621697463736122e-01,5.228579137497069845e-02,-2.496111228484725053e-01,4.041493203173442406e-01,-2.454005637720222122e-01,-3.919693456207727356e-01
-8.180193072611284533e-02,-2.915594485450794249e-01,-1.141961146229658469e-01,9.575365696854658271e-02,-5.101060972952191630e-01,-2.619281064903403733e-01,-3.213152005287084889e-01,1.605657538066551926e-01,-1.126464025741440028e-01,-5.536896616934671167e-01,1.697400822185373970e-01,1.303422514642893840e-02,-7.894011740798217991e-02,1.065188994614696683e-01,-1.109709206042932828e-01,-1.148002998730986990e-01,-2.202153863632677969e-02,-1.909271418439926760e-01
-4.724612829077485393e-02,3.147997865292866959e-01,1.127557808908267144e-02,-4.361231497103825738e-01,6.707730163991033889e-02,-1.464480159629798217e-01,-2.773285509939131810e-01,2.346570124298232307e-01,4.130029562416656641e-01,-1.039749576852083135e-01,-1.147972344921130705e-01,-2.689879672009589662e-01,1.958730415006209313e-01,1.578645927270192484e-01,-3.039809705410828622e-01,-1.314371415291944178e-01,-2.420094752893987844e-01,2.279595379022778812e-01
-2.370988787670391396e-01,-9.294725307430584671e-02,-5.622512565041966059e-01,-4.192463394689340678e-02,6.200442876028512684e-02,-1.599344583765520966e-01,-1.853589054896927490e-01,-4.701284939853273559e-01,-1.529982605446184030e-01,1.546371988280861309e-01,1.983647710561970423e-01,-5.759831235171142087e-03,-4.911034626397466768e-02,-9.753576257204846223e-02,-1.011357445937919181e-01,1.373910240531112381e-01,-3.145609826733758996e-01,3.252340546725641102e-01
-3.737096498829352020e-01,1.949522796313375439e-01,2.199898749590157021e-01,3.525916122076180326e-01,3.024612400612882585e-02,-6.518727192707671203e-02,3.111482888052120865e-02,8.345607456505426888e-03,-1.545068520351778885e-01,1.719874499612250307e-01,-1.123367153948571194e-02,2.584150735248538777e-01,1.294944041211515684e-01,5.186284489387192609e-02,-1.145835697858558072e-01,-5.574371206793964362e-01,-4.108820783074649818e-01,-1.044583863926282497e-01
-2.047048122551340110e-01,2.525356190669419409e-01,-9.679728302751461344e-02,-1.956839502988963198e-01,-1.362778249274102516e-01,1.768696970067595298e-01,-4.001432919091829632e-01,-1.426165741689603556e-02,-1.301216969037272408e-01,8.946010747322899470e-02,-7.059399643684889647e-02,-1.919706314150220750e-01,1.050882853309878101e-01,-5.970271744592797747e-02,6.973966826896867977e-01,-6.847567679588131839e-02,-2.687528611104060897e-02,-2.516642551049311227e-01
-6.543323021084174185e-02,8.049702853305237826e-02,-2.124800841617809910e-01,-2.112794875846142062e-01,-1.987973488547093437e-01,1.354971346066417837e-01,-1.686585517657527844e-01,-2.206296162028399399e-01,1.313279542242801468e-01,1.311774849496508411e-01,-2.802210080232568346e-01,4.059762770531908371e-01,-1.473066276045296996e-01,-2.863694264923758587e-02,-2.095074677759415638e-01,-3.744528407427200056e-01,5.287447975640729991e-01,2.133346578841697344e-02
8.005181177528099962e-03,3.977870410314356397e-01,1.207185610197483439e-01,1.544131795941877661e-01,-3.758310377811795860e-02,-5.179505254999233754e-01,1.086821210267656795e-01,-4.321655582963581654e-01,3.223953456442956722e-01,-2.488570255558650579e-01,5.502489251175526896e-02,1.932968414721728256e-01,1.741184809788279830e-01,3.510582723357116332e-03,2.206422943125561087e-01,1.630106724560903553e-01,1.399752861019623318e-01,-5.985598389020533455e-02
4.479611136572816954e-01,1.886917880508818743e-02,7.788342169088846578e-02,-1.878436665418583840e-01,2.898882317689391863e-01,-1.571549495519622697e-01,-2.446979551222446814e-01,-9.064410583874689398e-02,-2.989484484654208463e-01,-1.893671208460676880e-01,-4.088593064440686486e-01,3.297072932869786199e-01,-2.234416931332663392e-01,-3.810563492149336706e-02,2.988208562684779857e-02,2.999544555164962781e-02,-3.325540225000111483e-01,-1.262197675789280549e-01
2.201708107319137464e-01,3.519827399139669466e-01,-2.639779327918465035e-02,-2.841422412550776433e-01,-3.982522467148711387e-01,-1.560229885704533803e-01,1.233309545587575468e-01,2.155240692580822348e-01,-1.333426988771974631e-01,3.919207871620962180e-01,3.858240932127156575e-01,2.168472013539583243e-01,-1.373485700107600072e-01,-9.632384977266615633e-02,-1.372108581524504878e-01,1.647868434304737562e-01,-1.298513764731743236e-01,-2.081806882139074499e-01
