-2.972111105826143462e-01,2.575279283112410500e-01,6.559719270923200507e-02,1.283777802592900308e-01,8.172253785803181014e-02,-3.313050690476529447e-01,2.995338013703853497e-02,-2.894694168852802174e-01,1.245204366797587336e-01,1.030734489961334932e-01,-1.993874587075719074e-01,2.457646275359126331e-01,9.159552280070810959e-02,2.598006753020397630e-01,-4.969331812711770269e-01,3.452019762254612267e-01,2.193899806665778884e-01,8.378266079503007835e-02
3.728477017574586827e-01,1.154923777900491444e-01,8.460456262023755003e-03,-1.864431289820839555e-01,3.641817281696511088e-01,-4.739480309331915893e-03,1.157515370345105904e-01,-8.092701485951087417e-03,2.170251397667765925e-01,3.231932137002657135e-01,4.411306709455358431e-03,-1.436667983311788466e-01,2.959168145248617168e-02,1.679829854724979726e-02,-7.816489365187094529e-02,-3.432383157611405000e-01,3.334548727382122268e-01,5.081467411149860336e-01
-3.989206382197859058e-01,1.141017581146830107e-01,-3.934927943468350953e-01,9.906198978605035288e-02,-3.939029459368329628e-02,1.519619590640960693e-01,3.042402560461265199e-02,-4.541222013369688310e-02,6.269736752855925577e-02,-2.979973592326491671e-02,3.411725019828874134e-02,5.606741185574305036e-02,6.831891179794591373e-01,3.970994941313307769e-02,2.984181211006891599e-01,-1.751443386954111281e-01,6.007232514486984115e-02,1.864750856495041575e-01
-4.245740908884623743e-01,3.174373275114911741e-01,-1.215516268798331745e-01,4.635305698985502793e-02,1.052619713837080750e-01,2.231976522216191916e-01,-2.794274361088046610e-01,7.087031074157285060e-02,-3.660710423093907484e-02,-1.906869529524062024e-01,2.737798374721139849e-01,-3.209104421585536882e-01,-3.356016697871700427e-01,-1.860800033660363895e-01,-2.572723771639007229e-01,-1.888248676612043486e-01,3.019884163832901591e-01,-4.595376854094621044e-02
-3.126857057542328788e-01,-3.768373755222733656e-01,-1.359356675471575515e-01,-1.229971152509306415e-02,5.676992798034302679e-01,-2.073516936433845992e-01,4.045498654959422957e-01,-1.965383196614149397e-01,-1.091515268205118239e-01,1.020981121752077836e-01,2.137867422181123633e-01,-2.807442686075945285e-02,-1.681685663167362677e-01,-1.261689028108295071e-02,1.827920583485319606e-01,3.364069151263331201e-03,3.914199932593247222e-02,-2.044483409157104026e-01
-2.699764205867409284e-01,-3.427219880886425152e-01,-1.625884799030807501e-02,2.754185713490776566e-01,-5.951320176517660432e-02,-3.237715897679998428e-02,-1.048819045103424052e-01,1.416965928530153351e-01,3.561932279159385484e-01,8.950668667218417140e-02,-2.173283974502899785e-01,-7.440912418116944760e-02,-2.309516826254151556e-01,-3.675811097627669222e-01,1.051245257805872302e-01,2.427325167430214037e-01,-1.032037574344008696e-01,4.910571971886121823e-01
-1.650202494199088932e-01,-9.433752652316987342e-02,9.534613818916529149e-03,-3.542473735656741507e-01,6.075578125189513845e-02,-1.589653197418403885e-01,-3.224928773368456181e-01,1.760496285894002366e-01,3.619983186952959175e-01,-4.554628887661710951e-02,1.601060147192632233e-01,6.275844233312327658e-01,-1.266688598639910679e-01,4.977690321328334666e-02,3.112541002332015055e-02,-3.071256870549859963e-01,-6.585340433646919012e-02,-5.968660651193756495e-02
-8.851669642751158751e-02,-3.585476213678321922e-01,1.674400686212845768e-01,-3.640281910095520268e-01,-4.042270147336952113e-01,-6.485773003512100565e-02,-1.614968388543022992e-01,-5.754665483255904102e-01,-5.004997274175958938e-02,-8.509040385984527333e-02,1.124858452831492134e-01,-1.613122266052552378e-01,1.108860434572154358e-02,1.011153535151662272e-02,9.230430368738098967e-02,-3.012136535821707817e-02,3.167432388040855029e-01,1.407401089034842068e-01
1.984414963866871773e-01,1.328078341077346403e-01,-5.412756757937540186e-01,2.374972749617278445e-01,-3.799315057783529404e-01,-2.013124999757247569e-01,2.757915911781014251e-01,-1.285621124720455755e-01,6.563033339473076100e-02,-9.583495862101042151e-02,2.549025322875728694e-01,1.535337005764648155e-01,-3.908984441213381733e-01,1.579694831173827363e-01,6.989348280385952739e-02,-7.710949369094965977e-02,2.930452530233546710e-02,1.570018825600370815e-01
-1.731217236490505129e-01,3.411666911370927341e-02,2.445727406965693684e-01,3.332305240446357675e-01,-1.839363435682405679e-01,-2.555291384776791075e-01,-1.958181563649205870e-01,-1.613209332207827043e-02,-2.884708610981500110e-01,5.925517421163203347e-01,1.926928065253117328e-01,-4.682481521237388117e-02,-1.431446503473920474e-02,7.869302064732452973e-02,2.482846688368335608e-02,-3.657035481159527368e-01,-2.110766840208691819e-01,3.621207723163410303e-02
-2.080247316769946730e-01,4.827569827275532410e-01,4.700736550328816765e-01,-1.657087633684177219e-01,-2.665263399312254103e-02,1.111536633880891994e-01,3.514020312342828745e-01,-1.315880182903941542e-01,1.409394000408296099e-01,-8.781912694988577850e-02,1.918873023112217246e-01,2.634015818883201493e-02,-1.435536817022619038e-01,7.724462321810485893e-03,3.384987008925008367e-01,1.034839644104787043e-01,-2.559219284235687009e-01,2.117407881646957701e-01
-1.778848180589774897e-01,-2.686990718352554042e-02,-2.190920634088932006e-01,-3.783078778828838917e-01,-2.546738924401306323e-02,3.047698724485004562e-01,5.800230500230299513e-02,1.021189773069093171e-01,-5.805667380261654298e-01,1.927624520469045644e-01,-1.788577715141554114e-01,2.504105180189936664e-01,-1.955401740209371242e-01,7.522934441465031763e-02,-1.164081643240113956e-01,1.108210752373072761e-01,-1.073763141868751131e-01,3.449972644898268159e-01
-9.056271186486430924e-02,-1.656185499810073070e-01,-2.280311356200910057e-03,-1.479154942374371062e-01,-2.122779116292506374e-01,1.944289532382257046e-01,1.174395358557421415e-01,3.993407241292422638e-01,2.615819207798025237e-01,3.510803710006029088e-01,3.929886609308505530e-01,-1.791065578339206821e-01,5.641364672552606069e-02,3.798758603028871694e-01,-6.535780001056076816e-02,3.454401904537406365e-01,1.617758522367887530e-01,-1.043703621997092434e-01
-8.906159156857226811e-02,2.231770839979007603e-01,-5.979468849746937681e-02,-1.492240661514848132e-01,-2.427668493424834928e-01,-5.686702252185461132e-02,1.924358628435159646e-01,7.526761830018913191e-02,6.638181173236673560e-02,3.759052450478043150e-01,-3.881656306904978648e-01,8.140779486803143006e-02,-1.164798813338655814e-01,-3.581363484606839287e-01,2.558664190169337993e-01,-3.735917127392399811e-02,3.970061610862530843e-01,-3.771377777279316112e-01
1.476984402234800264e-01,-2.389073679907501371e-02,-2.009773683274322306e-02,3.797955568091838235e-02,-4.984946489715957885e-02,2.481341459709850428e-01,1.265470413022641294e-01,-2.330971463094538842e-01,4.087860927971700975e-02,2.042451031827904051e-01,4.212658877478132613e-01,2.856485225735049260e-01,1.933827526293200871e-01,-5.966977704794013126e-01,-3.443843050862692157e-01,1.199136744223198298e-01,-9.891775610389652584e-02,-5.203125756102538330e-02
-2.548439382791350960e-02,5.618743002213257703e-02,-2.761381705483500482e-01,-1.367535729065409156e-01,4.921023194549900559e-02,2.932975241586702198e-01,-1.296164565343313479e-01,-4.190714974880831445e-01,3.584962863660518528e-01,2.752638436114289155e-01,-2.304127229356891238e-01,-2.252105231891297354e-01,-1.387178997739085540e-01,1.723341736964821014e-01,-8.032011423205775991e-02,-8.432835204518988881e-02,-4.544808613842430955e-01,-2.078858273825576752e-01
1.716583991966725842e-01,2.721219209082332280e-01,-2.394880965172998255e-01,-1.796376047577584734e-01,1.976886320124061902e-01,-3.043957168047013995e-01,-4.746854881794529413e-01,-5.683619222232036416e-02,-1.089548155579296573e-01,1.555352963638171604e-01,2.151490887341111768e-01,-8.633340011629904442e-02,2.860967056334290382e-02,-1.223306831516824122e-01,3.355171213091893700e-01,4.748577956370907960e-01,-4.053798329646365189e-02,3.565606405100871235e-02
1.232513230536766841e-01,-4.517367318330189896e-02,1.406662474456409073e-01,4.101189709809714423e-01,1.661981807452729554e-01,5.014344028864169411e-01,-2.274587121556512215e-01,-2.129335688270599936e-01,-2.122214472453096135e-02,9.225528176174450923e-02,2.997815073610673141e-03,3.449415950296265132e-01,-1.658710351616715095e-01,2.191306924304846915e-01,3.110555821508885210e-01,1.102201809847476038e-01,3.237592998362970320e-01,-3.790389474108224466e-02
