3.404154506708870209e-01,4.532806678478601414e-01,-2.883881168932417305e-01,1.375914346983772851e-01,8.688296425450849070e-02,-9.841240841514826976e-02,3.907619151893795273e-01,-3.935888142652755328e-01,-1.099341232158898146e-01,-1.218562580580809102e-01,1.074215365337258428e-02,-4.056018172998909765e-02,-6.952689550661822482e-02,-7.264044737141404917e-02,7.069456354522296593e-02,-3.669849588187406586e-01,-2.533694576642723795e-01,9.506208014200395739e-02
-1.039925979409818541e-01,3.646099721079607697e-02,-4.016186304392026923e-02,1.087183634368309310e-01,-4.866188798958820949e-01,4.169865506167087510e-01,-1.978324861605845475e-01,-3.330058279799824605e-01,9.150676712033249671e-02,-1.958140157923950186e-01,-1.260747549487512831e-01,-9.620519459183456135e-02,1.791649192558787684e-01,3.837750557269025697e-01,-1.226996800457159087e-01,-2.003866286234828320e-01,-4.665943638686526063e-02,-3.241601581456041159e-01
-4.885468606784459933e-01,3.448625896861068352e-01,-2.230416813950653054e-01,-3.950439261473191466e-01,1.132241993997878116e-01,9.336773391139485678e-02,-1.298525191385324629e-01,7.036760238447635485e-02,-1.552189512058989862e-01,2.062439940665700133e-01,2.432772281231024292e-01,-2.583196713234309216e-01,-2.853311395858526001e-01,1.651086317295074879e-01,-2.150026004629000675e-02,9.630140399618855943e-03,-2.972228401106344342e-01,-5.586078675523420412e-02
-2.428712291522424627e-01,-3.501694625548238404e-01,4.916311104076689920e-02,-9.063621944611016668e-02,-8.695298935908661597e-02,-1.593340630662868351e-01,-2.720662031053812727e-02,-3.561315578226169620e-01,-5.926835024471567570e-02,2.212878923617333793e-01,1.356465023424942573e-01,-1.602234988939587323e-01,-4.937115509712939471e-02,4.868833575086237847e-02,3.436584491378262274e-01,-4.756292111594707106e-01,3.333097415358081683e-01,3.007733171230409508e-01
-2.416501090976024349e-02,1.101165542495619216e-02,1.259245684153888767e-01,-1.512664785541180945e-01,-1.561954196053025046e-01,-3.680178183722795371e-01,1.126315136326352939e-01,-4.932296726203096865e-02,5.406978279043878066e-03,-2.609844172147713359e-01,4.013972483598394758e-01,5.300927317076272738e-01,-3.036356592881850336e-01,2.527872037272101413e-01,1.171629591145061057e-03,-3.771774036933872587e-02,9.932893810998059958e-02,-3.285683114918828696e-01
2.717769291647442742e-01,1.736943598407475475e-01,-2.246320384876324960e-01,-3.682755571599775624e-01,-6.490170779313296501e-02,1.325453116013894372e-01,-8.848985091689023919e-02,8.425568894431263722e-02,3.683223086412140135e-01,4.129696844987666982e-01,-1.164458232972156448e-01,3.990390246888916304e-01,5.474613180976375254e-02,2.109969484214003210e-01,-1.631777713207296920e-01,-1.519616471142047343e-01,1.620435982921653584e-01,2.658567335022717915e-01
1.605694525703090514e-01,3.420590828663071237e-02,-3.615913617335891200e-02,-1.634977614931845402e-01,-2.640100764923951071e-01,1.515239164800904481e-01,2.935909843694988197e-01,2.379595187361665809e-01,-3.884632301305096513e-01,3.433630303113215931e-01,-1.055840734720488866e-01,4.517176912351883455e-02,1.413035632945593700e-01,-5.250050327096873748e-02,4.797365022137831114e-01,1.608567865061644522e-02,8.845990933145284063e-02,-4.081456065195934180e-01
1.204577866165953276e-02,-9.712168250599816088e-02,-5.254978445249228747e-01,1.901658894491299046e-01,3.462560277805866726e-01,1.626950134431798534e-01,-2.075824914380134945e-01,3.062768162494345359e-01,-1.335485126027948499e-01,-2.921481921073820209e-01,-1.050508294973034606e-01,6.323725673932749369e-02,-2.055194271927192617e-01,1.199393150456560392e-01,1.161271596152369384e-01,-2.506920370346889526e-01,3.541725765714203722e-01,-1.350482992589908671e-01
-6.183204635431904100e-02,1.864064736560979707e-01,6.217469818112517088e-02,-5.387911305370151061e-01,1.477248605048450958e-01,-2.174695622445265916e-02,-2.729880077993610543e-01,-2.687784513281288867e-01,6.278312184951467811e-02,-3.577783937670834802e-01,-2.654599988438527403e-01,9.369304149449454722e-02,1.728079516483922162e-01,-4.179384653328247490e-01,2.111403968330080871e-01,6.968125606848612520e-03,1.272426467442446252e-01,-1.471693509628831664e-01
-3.372639394984069394e-01,2.751484798811654753e-01,2.052717209076068972e-01,2.805797229771572754e-01,2.093917497643578984e-01,-9.185750909157594513e-02,4.787559067578716319e-03,2.068687074609403820e-01,3.193855503752354164e-01,-4.344981744921019330e-03,-1.034612228663058242e-01,2.096084985631983810e-01,3.095361895364473481e-01,2.367149614729928131e-01,4.674858243251576173e-01,-1.589776898869171284e-01,-2.029639679873043723e-01,3.256905557333408807e-02
6.458435587834880642e-02,-4.903979618195420942e-01,-2.385304344306609370e-01,-2.124849265266474108e-01,-1.242095550596069575e-01,1.000638101691079945e-01,1.166424228379958350e-01,2.005966620464887384e-01,3.700670531208541947e-01,-1.732582725384985700e-01,1.332884188059605679e-01,-1.217369301528616575e-02,-2.801874345652460158e-02,-2.069087891198902462e-01,1.620978018353963213e-01,-2.029649521340052831e-01,-5.258367405248602910e-01,-3.941743937076443161e-02
9.098681921353611590e-02,2.377037346385850181e-01,1.675630267044704858e-01,3.135734243955910078e-02,-1.824946113766904576e-01,-3.167673302378308242e-01,-5.415947125466037682e-02,3.151902248825850794e-01,3.519605232248830262e-01,8.118293717716287827e-02,-9.451037104666469568e-02,-4.286319754008292016e-01,-1.935462333116379219e-01,-1.847286704439208560e-01,-1.466630944912295509e-01,-3.520155548345966778e-01,1.951801702114338566e-01,-3.033218302272802647e-01
-2.305662068262096798e-01,-5.805101500638040583e-03,-2.392463796967373990e-01,1.293488057354583443e-01,1.399135000913325766e-01,1.729398758069489728e-01,3.874941864082139809e-01,-2.989210806282108779e-01,4.936237111237133934e-01,1.636422862411425205e-01,7.586716945673716017e-02,-4.154982338054692692e-02,-1.212044798162031367e-01,-1.407382781317397524e-01,7.494623942640801784e-02,3.354270317138150492e-01,2.936866559836942558e-01,-2.589262091844445335e-01
-2.012390045186717435e-01,-1.658822778609184423e-01,-1.145910767555698706e-01,-1.347348547471386160e-01,-9.102907167335906602e-02,-3.309986734955025489e-01,2.775629889199653921e-01,-2.553631891853387972e-02,-3.486363770413241497e-02,-6.785629051001651479e-02,-7.333442418159186182e-01,-1.539793051510276664e-02,-2.374915867608068665e-01,2.729763448050582797e-01,-5.374185102986192564e-02,1.173073594323904151e-01,-1.019015116634699319e-01,5.795967883377766555e-02
-1.329666331232017273e-01,-2.166839630026659302e-01,-6.791018918950977867e-02,-8.166705862085461842e-02,3.867149617371379855e-01,-1.940610132979441460e-01,1.387277094736471261e-01,-7.192635240231266824e-02,-1.181929372042848925e-01,2.070725458232783867e-01,8.509485991202511354e-03,5.611376293872236826e-02,4.858106736099158662e-01,2.271437589465724258e-02,-4.381971023698570389e-01,-2.763099073370737235e-01,-6.076407057340161427e-02,-3.792174175807495051e-01
3.728909189237659960e-02,-1.069644696290156516e-01,3.287182643907163304e-01,1.714490731758036846e-01,2.247380345514507216e-01,2.583957453745687194e-01,-1.941027349584384942e-01,-1.918864396374942993e-01,-3.787929017903151480e-02,3.158411587957002387e-01,-2.360232822210784065e-01,2.788912226126126215e-01,-4.945756675796488810e-01,-1.819215969400057031e-01,-7.420690848244987023e-03,-2.004426481301001262e-01,-2.420119202027641025e-01,-2.162530675322488216e-01
4.034418076673192410e-01,-1.075563358395725672e-01,3.237722180636568026e-01,-2.756590908966632947e-01,4.180090566856378698e-01,1.424923841990304307e-01,1.101885600919641356e-01,-5.743320092825351247e-02,1.226992438631331617e-01,-1.026422829131650033e-01,4.369899864655232835e-02,-3.518096209885783199e-01,-5.850588877362807722e-02,4.935392756703373407e-01,1.521576799390229884e-01,6.433185201366554973e-02,2.250390379752468736e-02,-9.112153323778529601e-02
-2.641029737608873162e-01,7.619122587538655622e-02,3.169234991666419199e-01,-1.465621275509144117e-01,4.465849822507390356e-03,4.432068572307659160e-01,5.034116469299636520e-01,2.292007193096584350e-01,-7.342924722144109073e-02,-2.533983007822788180e-01,-2.081029644209936302e-02,8.472711148589658070e-02,-5.257977137343337187e-02,-1.144010304619867691e-01,-2.376653402710392493e-01,-2.717786518318558997e-01,1.827933306846283301e-01,2.080544453061435040e-01
