1.773299365759057333e-01,2.454889965016549547e-01,3.010812967623475722e-01,2.604641477691576820e-02,1.044975817085827818e-01,3.552962162785051059e-01,2.096999050217773775e-01,7.442283237340427751e-03,-4.323412786093792232e-02,8.372797610665587420e-02,-6.960639471426495473e-02,5.491532238767622420e-01,-2.726039774493835277e-01,-3.293287344296146335e-01,1.819078801108397481e-01,2.706522933079692494e-01,1.769290817773102875e-01,-8.064599360025964322e-03
-8.149612821576945887e-02,-2.704174800938231264e-03,3.804289537930832799e-01,4.172324482057862549e-01,-1.890907521019684623e-01,-2.574371730405646264e-01,3.216462043760617284e-01,-2.436826405000405704e-01,6.018095249841391020e-02,2.425729589520413676e-01,-6.767917133482670260e-03,1.520532762580469877e-01,1.290420520182772868e-01,1.294752346462370585e-01,-4.760274688218426031e-01,-9.218060387155592450e-02,1.206438172095299077e-01,-2.024248481515131259e-01
4.290369673965731545e-01,-4.150446218264328690e-01,-9.137495466845960146e-02,3.502134206176656384e-01,3.244882374687733662e-01,-1.392117704581870563e-01,2.433811782955131175e-01,1.313886775935987211e-02,-2.789014760776376556e-01,-5.671652568286571564e-03,2.253949469061020117e-01,6.719553836594929774e-02,-2.137303369915720119e-01,-1.497509791877103466e-02,9.921352034079562732e-02,-2.438623759926767109e-01,-2.143646771262706918e-01,1.851519086464187835e-01
2.200049801392799792e-02,-4.863741033114662299e-02,-2.473254571152645187e-01,-1.775855279567319367e-01,6.417892966627375406e-02,-4.589224580141398890e-01,1.663276004566176525e-01,2.692027915789202974e-01,-1.642807771409527107e-01,1.313353576256267585e-01,3.274840066353930657e-01,1.338358559215334920e-01,3.310459173116265807e-01,-1.859621255099819792e-01,-6.436362433898840628e-03,3.937714207371834640e-01,3.449965908796192582e-01,-4.349516273065462402e-02
1.717270482289525169e-01,-1.904689080467840134e-01,-2.334935066272368284e-02,-9.906092423035152417e-02,-3.571606765128166328e-01,-9.706910224382672703e-02,3.468979834363435377e-01,-9.480811386345838754e-02,1.067827323493330399e-02,-3.932846857774566218e-01,-2.103975040196023882e-01,-9.015423841720918152e-02,-5.696199671109316437e-03,-1.986474980540046675e-01,5.092439230057427789e-03,3.711651715915179617e-01,-4.338664904619043416e-01,-2.912997047993740041e-01
4.320554545445858263e-01,3.293170317595317531e-02,7.591821209393423420e-02,4.410070074746813562e-02,4.199119399058492408e-01,4.550870607039968208e-02,-1.034501146706725550e-01,-1.243186899005109536e-01,3.158155769295233339e-01,-2.173679507869886729e-01,5.397730268346209725e-02,-2.841695830017464397e-01,-9.037456450977571221e-02,2.775932189939682160e-01,-1.856878217369235251e-01,3.470944182532283429e-01,2.847320737426319304e-01,-2.192587030201257337e-01
2.050037293348872663e-02,-3.688036957580634878e-01,3.885942371329813017e-01,9.157495038730488479e-02,-1.731436980658207225e-01,3.879808797671700504e-01,-1.108695649874300720e-01,2.907279623393696499e-01,-3.027013162025096182e-01,-3.716039492554405743e-02,1.669559986382909700e-01,-1.170124421738210491e-01,3.055597667907203330e-01,1.700735787295698798e-01,2.237327540962307237e-01,1.765288272385601501e-02,1.472847336437016486e-01,-3.129243515995439595e-01
-4.779862620017444885e-01,-1.315249245547277790e-01,-6.457253018843825410e-02,8.962010665983988211e-02,1.244902821339187726e-01,9.917804340115294280e-05,-6.104449305226993666e-02,2.509386875278207807e-01,-1.019479572796092443e-01,-2.929745777609725765e-01,1.861965418840667852e-01,-3.840526439073839275e-03,-5.354185431753997193e-01,-1.930115501867504801e-01,-3.100650398562360133e-01,-2.326646996920176888e-02,1.011195203513420432e-01,-3.131928739122429306e-01
3.400716254415110940e-01,8.578975301721988855e-02,2.158051732053858918e-01,-3.745877261999278618e-01,-2.425780485295933597e-02,1.823445737258139535e-02,-2.078927548966266470e-01,-1.167911906428109464e-01,-2.897189582331007318e-01,2.139148198393187039e-01,1.036317040158973163e-01,-2.720734708684839354e-01,-2.959975229734664037e-02,-4.687897547133698661e-01,-3.786510190986225877e-01,-2.052865842189592338e-01,-4.899083482132928630e-02,-9.645552522808223395e-02
-9.983263792138628162e-03,1.433821992842170268e-01,3.182798500970394073e-01,-1.516202593347840133e-01,2.466705305416733510e-02,-3.873550748999342597e-01,-8.495153417317335975e-02,2.539661827973960784e-01,-1.402236048019023240e-01,3.668830479364600383e-01,-7.336570524631329249e-02,-9.096975281843011629e-02,-3.937196152036422370e-01,3.577847613590958709e-01,2.070398168205554723e-01,2.065036476336297999e-01,-2.844002083869739406e-01,-1.238606724118599817e-01
-1.094621247521371799e-01,1.410476881334088439e-01,1.521450254392653079e-01,-3.106862099973279334e-01,1.832739297693034008e-01,-6.365818596109962257e-02,-3.285854443871173702e-02,-3.483153406299668853e-01,9.133767057215970778e-03,-2.614926857206485988e-01,5.249911935527338258e-01,3.521286793918744218e-01,1.511113230182405953e-01,1.903149253417560915e-01,9.920451197002255750e-02,-1.467981446403078816e-01,-2.867180078211464811e-01,-2.183564628409755681e-01
-1.607888139859295906e-01,1.593762202826869423e-01,3.376809720931184811e-01,2.791338122896625529e-01,3.953236377192282380e-01,-1.611334711645463769e-01,-2.631351780161286444e-02,2.423342965164291818e-01,2.724191748666928148e-01,-8.434747723850311019e-02,-3.809768346080626145e-02,-2.078255143105264269e-01,3.184376226906959761e-01,-4.349437468331643908e-01,1.674727543754582493e-01,-3.712378638910004969e-02,-2.628383911342722090e-01,-9.026857411509832396e-03
2.752103625649455210e-01,2.647412562989492901e-01,1.851230777752138901e-01,-6.238148941066677666e-02,-1.548765830664638465e-01,-2.188501806603695699e-01,-3.925872701168973966e-02,4.462212809392621105e-01,-9.524226382299036398e-02,-5.276317961431573611e-01,-1.551444887758334501e-01,2.110208357658207023e-01,5.251689506679639574e-02,1.624010446745871028e-01,-1.869406386551207000e-01,-2.672068625515039986e-01,1.132908221609442850e-01,1.977200856074837199e-01
-1.077196460021243307e-01,4.281444081423723680e-01,-9.454606537256914078e-02,-8.853005828880626538e-02,1.500644412187600030e-01,2.488817662099608308e-01,6.584518728355840400e-01,8.592779403377548419e-02,-2.579375577411688325e-01,-1.053539343139056964e-02,7.017454809172832264e-02,-3.867634119402134640e-01,3.542981020333676317e-02,1.628397796009703469e-01,-1.411092346171803321e-03,-1.139671284722895694e-01,1.768841230751289073e-02,-2.607228923937188192e-02
-7.881213468670940359e-02,-3.653888930371962385e-02,2.272382074116293948e-01,-4.345303969584642795e-02,-1.224395412533908351e-01,-3.379090080097351123e-01,7.513703731206834713e-02,-3.761245648925032325e-01,-7.409626942671118655e-02,-2.241436111129661013e-01,-4.206258987720016412e-02,-2.469877224723634468e-01,-1.918706368345154123e-01,-1.469524486596062163e-01,4.771538231384269135e-01,-1.754529530062181319e-01,4.753589370260309366e-01,3.607189493201737318e-02
-2.440941428558367210e-01,-4.319520073607353572e-01,3.683589359135023278e-01,-4.099737665597437686e-01,2.197516094413207444e-01,5.958437091916217454e-02,2.181478073705697684e-01,-1.406220701835217760e-02,5.981424880676600164e-02,-5.403344320613891888e-02,-9.953976692883517718e-02,-1.594474456913586025e-02,1.869637030315863743e-02,7.405748813978292600e-02,-2.257339598034423522e-01,1.530479219413355962e-01,8.175815684219940593e-03,5.034891110752598431e-01
-9.505237770516786200e-02,2.447347469923048802e-01,9.983878062715507984e-02,3.500263318956415848e-01,-1.656246418617081106e-01,3.452601619013786344e-02,-2.318872992728997218e-01,-1.980089797882935154e-01,-3.584460386065416726e-01,-1.792894664203016908e-01,2.881549154324099526e-01,-1.541278506907983181e-01,-8.623763801550972732e-03,6.705225172641577670e-03,-9.870260783827880524e-02,4.407398846636785827e-01,-1.186651307008611683e-01,4.374578519312236624e-01
1.286336177900499478e-01,6.879316894434427902e-04,8.981900328933042910e-02,-3.027459091158203955e-02,-4.077501598864583521e-01,7.951823541061572853e-02,1.558770366843511279e-01,2.245516038469342890e-01,5.448027861774586977e-01,8.979721571679204206e-02,5.571733722074475592e-01,-1.472502846981722791e-01,-2.101032487335076915e-01,-6.395535953497490100e-02,4.761008147597646512e-02,-6.381955611804955575e-02,-9.949297748572961606e-03,1.883978843432653760e-01
