-7.576047540643043865e-02,-2.591502380323108534e-01,5.002538098429248209e-02,2.740939157205718457e-01,-6.923564974652464399e-02,-2.421192196413045616e-01,5.308337937062429512e-01,-2.232681612234568014e-01,1.636550756029939158e-01,-1.821040155017172868e-01,3.164783439213052219e-02,-3.054616129531404489e-01,-1.900499737205727513e-01,-3.307524289711771814e-01,1.328788890061849692e-01,6.156492466342397378e-03,3.699689404217997857e-01,-9.049430957342341486e-03
5.475461747917859806e-02,4.942464987551459799e-01,-1.443173773766420476e-01,1.665783720040643345e-01,2.993488505937304950e-02,-4.032002619769665952e-02,1.288302017449496351e-01,-5.740479963167736122e-01,-1.135018453160612645e-01,1.831299080442855554e-01,3.786168010998328115e-01,-1.915709432531380596e-01,1.786400605764399963e-01,4.776139517816569563e-02,-1.952493234827767932e-01,7.896453803146939732e-02,-1.411972603059974130e-01,1.747547441017622272e-01
-4.816112104810289785e-02,-1.153221316998436219e-01,-1.138973522025683305e-01,-2.998780794297584151e-01,-3.919566031489468139e-01,-1.584859324459543528e-01,2.908438522262662626e-02,1.794500813503948633e-01,1.269236961150674997e-02,3.789364260708286830e-02,4.797817118487700261e-02,-4.914785390769115248e-01,-2.228452762100341933e-01,1.137709260269617190e-01,7.788761521947211441e-02,-4.940534900302818305e-02,-3.893649216706988603e-01,4.489092386466388418e-01
-1.087989245320165332e-01,-1.329739219897650981e-01,-3.975377985537538739e-01,-3.638479604174601478e-01,2.546816365564628648e-01,-1.659606850438755665e-01,3.113775941665210545e-01,1.390717426879491125e-01,-3.866687765576751201e-01,-1.090483964308458509e-01,2.732605426120185976e-01,3.244236026846260001e-01,-4.708103828055628520e-02,-2.287001899341318048e-02,-2.059218217921140459e-01,-8.581225320710891835e-02,1.818631593053285922e-01,2.108287124093181919e-01
2.042154915513470087e-02,-2.335009054362306158e-01,1.124348181450635226e-01,-2.592843457395298534e-01,1.522598443539268098e-01,-1.612266682537523699e-01,-1.066830378623618708e-01,-4.119742948673322802e-01,-1.406549365050966116e-01,-3.633918768202625271e-01,-4.456962737699072391e-02,-2.478012799799333143e-01,-3.923238607423154556e-02,5.007118827639424063e-01,-8.557513051902483625e-02,-1.823278549977388474e-01,-1.992999618207914186e-02,-3.556183640253360867e-01
-4.091506193188279572e-01,-3.283306386232229257e-02,2.818938920978683038e-01,1.112306337995095235e-01,-1.979253449285476585e-01,-4.343260497306600243e-01,-1.139813145248853854e-01,2.665878790819081398e-02,3.372637937190161583e-01,-2.115282496985765037e-01,3.199841766117389463e-01,3.408242438326486989e-01,2.555724473506410521e-01,1.260464920302688807e-01,-9.048343611794773533e-02,-7.010102441242577198e-02,-8.720410121557868599e-02,1.386084020368890113e-01
2.919024766146375849e-01,2.199702656034590864e-01,-3.013289902191155778e-01,1.215114713962947351e-03,-1.057531261446318094e-01,-1.407073188280432707e-01,1.551783938692563869e-01,2.374952146731792724e-01,3.656982993130151183e-01,-4.950769441467287903e-03,9.990348184638463136e-02,1.607688031737574200e-02,-5.580928348548585410e-02,5.456346141740608946e-01,1.143832494072592465e-01,3.069377220670554962e-01,3.130679784901890250e-01,-1.183309635209253002e-01
1.311939150890350791e-01,-2.066861203505449551e-01,9.365523318985850831e-02,-2.563940067456216276e-01,-1.450164398123808540e-01,-3.593240604297642804e-01,9.800492449453343524e-02,-9.410576422371322303e-02,8.396772760294020366e-02,5.911041073918048561e-01,2.473622667637230890e-02,1.281682394888175591e-01,-1.104091577552150510e-01,-1.515796114066599309e-01,-2.758296465301226519e-01,1.683022197997884883e-01,-1.486120457487635493e-01,-4.022462567502793629e-01
-3.606885835633640708e-02,1.479103278587984294e-01,1.453224786928712098e-01,2.058316493041237316e-01,-3.638067634238972836e-01,-2.074693868379585693e-01,2.081834298671769168e-01,-9.531802477806193552e-02,-5.537684448735825660e-01,-3.064934372988841610e-02,-3.259127644112400080e-01,3.221300728023541171e-01,-1.443819913865015958e-01,2.107125436458498480e-01,2.538312342991537185e-01,1.717990656317008036e-01,-9.165774914641738880e-02,1.826001787380244698e-02
4.682254373630218708e-02,1.280432199466105926e-03,4.553568172789739243e-01,-2.806898115516532344e-01,-3.336712756222437459e-01,5.097027659333136507e-01,1.928720192927609878e-01,1.777454102657958709e-02,-1.027701896750052024e-01,-4.687398177773394181e-02,4.892197219584092371e-01,4.789563127749062177e-02,-7.172048792641431969e-02,4.077213778293135860e-02,4.378931611019423742e-02,6.548853468858580051e-02,1.625071586424723102e-01,-9.597184029139013695e-02
-3.720921834096989067e-01,-3.304710847911543903e-01,-9.485887791400539337e-02,3.360505178350200323e-02,1.262487740163873440e-01,2.879723961283922606e-02,-7.422498015131939741e-02,1.136733497182336634e-02,-2.003346227890257514e-01,3.490945310145178726e-01,1.627625865098226432e-01,-1.987804910030534222e-01,4.088196415047027354e-01,1.540495589776132990e-01,4.484723524130690975e-01,2.939198614656413078e-01,9.876662241394086605e-02,-6.049728683888946912e-02
6.410813072550011760e-02,1.469998739399359933e-01,3.823008467529333543e-01,1.730407869400193421e-01,9.325189720680336636e-02,-2.083092220053957555e-01,6.221087783044112335e-02,4.098859403959310144e-01,-2.714745360253495443e-01,2.451180871127493222e-01,-3.628619827309549628e-02,-3.255307070708380879e-01,1.686954376892199070e-01,1.695850299755349566e-01,-3.062034213677369832e-01,-2.928715568076862841e-01,3.050313123532741311e-01,5.792200862803888184e-02
-3.896592164034400341e-01,5.571271341643572184e-01,9.453028852043696140e-02,-5.152568909433757893e-01,5.178378231621342392e-02,-1.599919165670603272e-01,-1.303628574966812087e-02,1.424858714085790526e-02,5.134566435916149141e-02,-8.221438037401010424e-02,-2.234733522283901819e-01,-1.528726755339266385e-01,2.471707971797533140e-02,-2.321333309934404954e-01,1.444176673447657711e-01,1.381545186937541136e-01,1.887947290476701956e-01,-1.480138352556877313e-01
-8.796419984570487405e-02,1.281105673922160459e-01,-3.889155323586942492e-01,1.111534849884138337e-01,-3.989598052304487719e-01,-4.787017885524439548e-02,-2.067139916931319543e-01,4.459992519576495840e-02,-1.167511051095655866e-01,7.069907106730767554e-02,2.178463128311890484e-01,-1.291108172946028344e-02,-4.831892023129884944e-02,-1.141861469510475902e-01,1.908908959773372160e-01,-5.626557145949792060e-01,1.208449301799177922e-01,-3.959910550752341329e-01
-2.081223078764897760e-01,1.722378073941105980e-01,1.141037403222576185e-01,1.795533527320220812e-01,4.436615148818283116e-01,2.829990331673636582e-03,2.698774497244588177e-01,2.357447797094743280e-01,4.869273956320409324e-02,5.287253900386599398e-02,2.427011610267073849e-01,-1.309843655801511304e-02,-3.941952896040858967e-01,1.080729809482466192e-01,2.190061371043471317e-01,-1.038321527324793242e-01,-4.467249144346258638e-01,-2.586264204172252779e-01
4.264424854180027258e-01,3.032029568118944918e-02,2.382046603337647783e-01,-1.500095051670184976e-01,2.315872501517000359e-01,-3.039780517573955620e-01,-2.843007813008230356e-01,-1.451469206425397562e-01,-1.208570158522934666e-02,1.257041032029569960e-01,1.998607827733453191e-01,1.250583640102150285e-01,-1.605398371882810760e-01,-9.921047698515390867e-02,5.109815122324997683e-01,-1.543177225241723904e-01,1.600567070935058067e-01,2.690201028271587691e-01
-4.176303668269831237e-01,-2.803347306170994591e-02,-3.324801493922992842e-03,8.120164933103750371e-02,2.345912265219978268e-02,1.539814921026590178e-01,-2.510854284819740712e-01,-2.091057761512162549e-01,8.517061577403683970e-02,3.129822637417185582e-01,-6.349942792276400128e-02,7.464545500395443345e-02,-5.697462481196470252e-01,2.335914554877715765e-01,-1.711979621858617795e-01,-1.771623165650099141e-02,3.410594128017407911e-01,2.173213117926784954e-01
-4.067479432231334985e-02,5.628823235095913036e-04,2.001966826010652400e-02,-1.951035699500537623e-01,7.145440414011098272e-03,1.802053052630683549e-01,4.429822392259149533e-01,-1.824438840595456746e-01,2.815175648821876542e-01,2.834585383227822830e-01,-3.001074127702629823e-01,1.802059561060782578e-01,2.600571820749589258e-01,2.144688606348310600e-01,1.848475847046131271e-01,-4.966736352009953892e-01,-3.240017212869749502e-02,1.420061647293258400e-01
