2.432530769769699341e-01,6.433383758075048031e-02,2.168783992147091666e-01,4.209065029700740923e-01,2.943642603600487018e-01,6.477393154084078175e-02,-5.749285098279773021e-02,3.323942497864300072e-01,-2.068166071545057549e-01,1.843167255109265934e-01,2.862950675519105870e-01,1.320220789877157158e-02,-1.424274959711241129e-01,-1.048460244966507998e-01,-3.882548551847723184e-01,7.979783421504359209e-02,-4.006271541120485224e-01,8.853028633404598502e-03
4.280768804455160059e-01,2.742753453615540127e-01,-1.181193955618984742e-01,7.708773284127268255e-02,-4.969813920784619254e-01,-1.649502959776203703e-01,-2.972681378109104031e-02,-1.868022473985866683e-01,-2.949811844332910216e-01,-1.173120547461181246e-01,1.672410832355643584e-01,9.053975539072647849e-02,1.095415510088531968e-01,1.024435657821054085e-01,2.117456355837185958e-02,-4.658769347503273761e-01,-1.808026145371163518e-01,-4.510316878568480098e-02
-2.496787668255453368e-02,-4.681618499354137097e-02,-1.632903681053141376e-01,3.946479091189296629e-01,-1.214757481764599939e-01,-2.474697239834591223e-01,-1.543336043026540538e-01,-1.156549819476502400e-01,2.022644793217078796e-01,2.172933333548160428e-01,2.898705114025724727e-01,-2.502152313434581610e-02,-3.306037607803087308e-01,-2.962718522833219237e-01,2.176180685639346746e-01,4.553872651103549329e-02,2.856938242985084808e-01,-4.479676946888963562e-01
1.088433408942935388e-01,9.741809627091092827e-02,-5.710483749354389182e-01,4.794693172285763305e-02,1.085407169675315503e-01,-1.675802577757841694e-01,4.710840845047030157e-01,2.811281521992302634e-01,1.091445030303470204e-01,-1.146211995263738542e-01,1.658975956419944664e-02,8.687683595838396888e-02,-2.068574376626685085e-01,4.217286250843215734e-01,5.002587897189498395e-02,1.880945691038219125e-01,-1.028436095540172512e-01,-8.644571298153642946e-02
-1.903682908878476243e-01,3.939052696366062145e-01,1.825981634587185709e-01,4.385497257068673299e-02,-1.886353366370858986e-01,-1.578658251271369550e-01,4.788468654125490609e-01,3.330227550735013337e-02,-4.112637934732359807e-02,-1.614024201089813981e-01,1.373564549177867522e-01,-3.581523258466587367e-01,-1.579789208430384673e-01,-3.758971855798395878e-01,4.284601636350674619e-02,1.014481473440932008e-01,6.175128070115729756e-02,3.540426061406088953e-01
-2.392328247944020270e-01,-1.296874258746171238e-01,-3.732935147787275199e-01,-3.015670539379605719e-01,8.804555301576474230e-03,3.124287339611248049e-02,-2.081070779271737836e-01,-2.775220345519207460e-02,2.973568548412692213e-03,-3.557342987191427497e-01,5.595045422393738477e-01,5.506152473229759120e-02,-1.749573858462513329e-02,-1.769020366293261037e-01,-4.104678278746194953e-01,-2.456932946940805496e-02,1.706275486592202448e-02,8.314936264425906720e-02
-1.623628928254369774e-01,-2.056537431870129606e-01,-1.210938447897135645e-01,2.171216089887522405e-01,-2.735178579316717706e-01,4.605601812859210220e-01,2.361628811653261606e-01,-2.460427565990947196e-01,-3.316407929797791643e-01,-1.828120732019772599e-01,-2.303677385661777322e-01,-1.435721387904413671e-01,-7.273531313025272116e-02,-8.537377427746854763e-02,-1.940650974054548561e-01,2.023440379110828802e-01,-1.474251846979762748e-01,-3.691827261848973918e-01
-1.027847548991584620e-01,-2.234986738858561195e-01,-1.875912020436130700e-01,-8.383407828949467067e-02,-2.320502948808608468e-01,3.839186870260766771e-01,-2.649622879177327642e-03,2.710457528434840890e-01,-2.572375621071713026e-01,4.688607325761618427e-01,2.779141228250735507e-01,-1.647124639017591707e-01,-1.011527994071036718e-01,1.072142632133336188e-01,3.420730590930220472e-01,-1.018601048423243144e-01,3.301497351584086609e-02,2.863163762860198025e-01
-9.473003384584084696e-02,1.689933240040118745e-02,2.411325595179832915e-01,-7.267690262701319293e-02,-3.777455112173402907e-01,-1.394061902122000485e-01,1.845955569059508083e-01,2.450406365917565110e-01,-1.366231032468452622e-01,2.074308364102102620e-01,1.554072893087607987e-01,3.894741763517735045e-01,3.106642056728224910e-01,1.205181041127296460e-01,-2.653617832209817506e-01,3.280863176485503407e-01,3.428619179948459439e-01,-1.639632608336993869e-01
-4.834721284173165712e-01,-1.757439984539930500e-01,1.409156027315273119e-01,2.804102906824597619e-01,-1.987349101361413628e-01,8.328267639924533811e-03,1.739366770337494594e-01,1.719976501811629754e-01,4.012987627899972654e-01,-5.132667341637803943e-02,-6.371474230338282536e-03,2.399371282134319661e-01,2.411245902087024925e-02,6.443973862111850026e-02,-3.890133664347461551e-02,-4.765018524394429855e-01,-2.875920551252327262e-01,1.354881055921577752e-02
-4.712558149792098194e-02,-1.253508009651027322e-01,-2.540843957882178428e-01,6.156249937572930847e-02,2.133405787583161073e-01,-2.244262914300788891e-01,1.821520690221962446e-01,1.373909060360019030e-01,-1.919254236727659935e-01,2.379063779033701309e-01,-2.275862380723267797e-01,-3.299981210587271674e-01,2.530048841584057184e-01,-1.329942620631940076e-01,-3.535064673772341237e-01,-4.432900357367512423e-01,3.190753999426274579e-01,-8.167332362775009402e-02
2.305624779652436784e-01,-2.829439859419357606e-01,1.328360373214047541e-01,-4.337315342991614475e-01,1.259820839860525954e-01,-2.217844522599843327e-02,3.781039712915416073e-01,5.474646330572798675e-02,-1.222023890756930714e-01,2.767858825993117430e-02,-1.364800843567470431e-02,3.618751860681799215e-01,-2.773766023325274221e-01,-4.225937667945642850e-01,1.287803483114929870e-01,-1.967904521966243048e-01,-8.989145204008743006e-02,-1.814882351173260910e-01
-1.398490178364035497e-01,4.678294297847656602e-01,-2.025249371643547958e-01,-2.239072601136307683e-01,5.385043889741735618e-02,1.796936294824290070e-01,-2.642715468188760325e-02,1.553549472044224999e-01,1.423867707965056073e-01,2.149648135090944656e-01,2.118029148334642231e-02,-4.098890160273512689e-02,4.184595654109158347e-01,-2.982807867588018746e-01,1.573005452318439745e-01,4.162677942642092899e-02,-3.372296111361322568e-01,-3.708252772642926520e-01
5.291089502062634731e-02,-2.217327483979670555e-01,-3.192803517191551421e-01,7.495945364185678528e-02,-3.056663177401986453e-01,-3.164883416638734626e-01,-2.095650747128596780e-01,1.201505508507490355e-01,1.111387747770441886e-02,1.094828535884158349e-01,-3.780714651208722521e-01,1.432961876755239616e-01,5.051628806129997845e-02,-3.722736437543687771e-01,-4.872877227306796760e-02,2.736927411206689920e-01,-2.755746271359837962e-01,3.443555276528509346e-01
4.675197659958947594e-02,-1.284455576015105516e-01,5.720939747427399025e-03,2.673189592545304749e-01,1.036473778944853874e-01,5.161974959595980184e-02,-9.821843066377403120e-02,4.574445348470564388e-01,-2.264958659873514135e-01,-5.499571105846300378e-01,1.861995075040916506e-02,5.870710537451481748e-02,2.985928130308224127e-01,-1.685356721990594608e-01,4.038248519340985609e-01,-1.405989474700925987e-02,1.917065154332635024e-01,-4.880725453908250910e-02
-1.099824202691753600e-01,-3.859945042855016939e-01,1.966560879684268459e-01,-1.549775391140278402e-01,-5.043916070218282428e-03,-4.755697635348093977e-01,4.300617839660162561e-02,-5.952076063579837817e-02,-1.283112894867640685e-01,-1.945870923701953359e-02,2.202835207189827726e-01,-4.070699307718967930e-01,1.959281149700681512e-01,1.846057930655395363e-01,1.735102782224884066e-01,1.407397384803177609e-01,-3.827457661758716378e-01,-2.113954547252574478e-01
-4.324869297414211666e-01,1.497102174423951826e-01,-1.140788050056113639e-01,1.694899863037664378e-01,3.332307819492142942e-01,-1.858713775958358294e-01,3.807570651190868294e-02,-3.555075869051568804e-01,-4.863002107936041929e-01,1.214181951176902668e-01,3.917778895474089557e-02,4.001367760028901599e-01,4.640277045002633854e-02,2.295026989151943350e-02,1.927068957611036137e-01,4.212168420579844030e-03,-6.520777671326588587e-02,1.356998983457740893e-01
-3.048375334113746504e-01,2.487010748033490481e-01,9.393741191146864900e-02,-2.367084197909774812e-01,-1.174133710738692465e-01,-1.663364896493468026e-01,-3.516467924237693388e-01,3.702311195816173073e-01,-2.888037706996812171e-01,-8.523381852941128156e-02,-2.712579655801378720e-01,-6.179343716146620813e-02,-4.789974228093603070e-01,1.264299811298947307e-01,-5.512815622847394570e-02,-1.016508152108668850e-01,-1.913056212017392316e-02,-2.257292144147109436e-01
