2.615263578475611750e-01,-5.163035435180516469e-03,4.291881723522995573e-01,-1.798534223719371883e-01,-6.608453179167941283e-01,-7.560276455923367091e-03,2.240183707778914124e-01,-3.327241548173805463e-01,-1.787825743925322008e-01,-3.871354353499048551e-02,1.289687009707988496e-01,5.976652671787015259e-02,-1.242021019355256523e-01,8.484585407245925914e-02,4.792633119576671791e-02,-1.758220087380316377e-01,-8.832693797920233847e-02,-7.773597443649079425e-03
1.461833809073515011e-01,2.326397815507684486e-01,3.733470519089417961e-01,4.131876020047384884e-02,3.928438120235779873e-01,7.204684943884018256e-02,6.621334818472364436e-02,1.929298602332110701e-01,1.284369636081277022e-01,-7.585019018206887176e-02,2.063798917841682956e-01,4.246636397914155259e-01,-1.437823375590230879e-01,1.980488070036041104e-01,-1.002557450992828392e-01,-2.093297535507147589e-01,-2.006110256530642122e-01,-4.278994467054679784e-01
4.194856539695332454e-01,-2.432052572279300717e-01,-1.752758161262569780e-01,4.259187546959447568e-01,8.229313087905630597e-02,-2.339564128676783761e-01,-8.414345607356879531e-02,1.754806454727073084e-02,-3.966450324448215214e-01,-4.390993439036116469e-02,1.010850495693675632e-01,4.112410238278068064e-01,-2.720091989782393201e-03,-2.634162695942857679e-01,1.166387466286216840e-01,-1.220236510778241051e-01,-5.154197958926499262e-02,2.114700169226961246e-01
2.296483938011673748e-02,-7.264168109807063456e-02,-4.266335697498188084e-01,-1.514406447587845206e-01,-7.070656193442589887e-03,-5.020111540536407180e-01,5.645302971066392707e-03,-6.948580993043362852e-02,-5.900400505004488316e-02,2.179009115409986930e-01,2.492114103646574930e-01,-1.791558771909096126e-01,-2.087481347153696820e-01,3.435727140890444953e-01,2.986257520017546185e-02,6.641835089360826477e-03,-4.058334331430322739e-01,-2.447445580700046697e-01
3.275316646277920407e-02,1.402779614397868246e-01,1.900603414363774279e-01,-1.347886691566305140e-01,-7.753798541110380749e-02,-4.965674093185533378e-02,-1.110577259555016322e-01,4.400537030230622926e-01,-3.849077336339521427e-01,4.264249454708539666e-01,1.591512654493072443e-01,2.935078714930769092e-02,5.207198758218670870e-02,1.466967501629971304e-01,-4.485577548677991411e-01,2.394887335696664066e-01,1.020577201365977793e-01,2.472053450713049272e-01
1.427338348464934348e-01,-3.210886217566430445e-01,-4.289148234610092730e-02,-1.437846442920633350e-01,1.170764300708636713e-01,-8.923483497910865425e-02,-7.037340103899472621e-02,-2.388457332034558261e-02,-1.697022867572534066e-01,-1.719286100837793818e-01,6.255079269022392752e-02,-1.514768789420862238e-01,2.963620446954244314e-01,3.296153567690849329e-01,-1.495301926420858629e-01,-3.774360057857832906e-01,5.678614624882729611e-01,-2.405120566277907379e-01
-2.844758876162492012e-01,-5.316515692017050876e-01,3.863183637773524165e-02,2.181216723180840616e-02,1.282230494104165397e-01,3.008397517877413607e-01,3.915425907156622753e-01,-1.738601541598674138e-01,-1.609007902097084608e-01,1.550453100733700518e-01,3.400611017563395233e-01,1.119962638614727529e-01,1.491158708239876951e-01,-9.344574316312936890e-02,-6.201226891249290302e-02,2.989166501091790606e-01,-8.685076665178027844e-02,-1.848053285725591577e-01
1.398822671436738829e-01,-4.172980783047518932e-02,-7.809678241888600748e-03,1.856373550659188576e-01,2.810626812219121917e-01,1.121591113784206478e-01,4.118202461625340982e-01,-2.289492025056093505e-01,1.011199542448739663e-01,3.046920204576911706e-01,-2.216262367799054778e-01,-3.483221025248853242e-02,-3.326106114402067604e-01,4.043880529713937966e-01,-4.037865864019130752e-02,-1.199924395274722111e-01,1.470440305843559725e-01,4.066642070985289625e-01
-7.760913425901747043e-02,1.474502618514063335e-02,-2.003541979465267853e-01,-1.673606705335094202e-01,-1.236853137396096980e-01,-6.875849790077323553e-02,4.803355119791104522e-01,3.555140480144398096e-01,1.366134160446984443e-02,-3.281296889252451887e-01,-1.777555621358631877e-01,2.490292640628839205e-01,4.058687243669306111e-01,2.493326580805495518e-01,2.534694711833697378e-02,-6.357147571688749610e-02,-2.400409824764535571e-01,2.404199845463136087e-01
-5.550187826864754204e-01,1.867145883206158818e-01,-1.193233874872837719e-01,-2.458983530507836968e-01,1.421291612882996311e-02,-1.765177889696432356e-01,1.534841797546602007e-03,-1.429095518690828848e-01,-2.132817076121942823e-01,-7.754948126044697299e-02,1.142562812820733659e-01,4.477022134098214701e-01,-3.215095571499312910e-01,-2.123393672553734041e-02,1.356842025332185286e-01,-1.007737335035555626e-01,3.498603597432931034e-01,1.040184431614882138e-01
-6.365717740261815638e-02,2.117099033821474852e-01,-1.350789185581802443e-01,1.413034656684451773e-01,-5.091070344385237312e-02,4.649065979714172014e-01,-2.394974668735447842e-01,1.771957488103118733e-02,-1.097691896537974637e-01,9.610394172338951324e-02,4.359661656079466541e-01,-7.460995942933175418e-02,2.055834580155793956e-01,3.207942403409209109e-01,4.408805298651722326e-01,-1.945543297285147744e-01,-8.283679038186812782e-02,1.879621788056827780e-01
2.024354136399896253e-01,4.795679124737937254e-02,2.398921882018432705e-01,-2.510822351370784467e-01,2.630855023641812118e-01,-3.534234163249701521e-01,-2.048240007807879473e-02,-2.274471150504101813e-01,3.296883667280191554e-01,-6.259126679643300939e-02,3.709239314980288249e-01,3.776145425341632250e-02,2.808830544768668447e-01,-3.544929908289572076e-03,1.848660168649679525e-01,3.146342650775630911e-01,1.135033727890351202e-01,3.365591678587150359e-01
2.978389990238029528e-01,-1.447115787426664912e-01,-8.688504253007225953e-02,-5.146659080220054028e-01,2.005300287161718154e-01,2.738426455080255617e-01,8.942737166676985316e-02,2.990249201306135474e-01,-1.631075725387309272e-01,-2.360366842670040266e-01,1.014907142088379149e-01,-2.106409164715532800e-01,-4.242973535884179692e-01,-1.919396554946180000e-01,1.975645350368712694e-01,2.524266068147623665e-02,-8.309034122104243247e-03,1.082165753414174592e-01
-1.848449823173519968e-01,-3.841869593383403503e-01,2.754795035387744839e-01,2.959243056395348126e-01,-2.208570384976270562e-01,-2.140379016129961287e-01,-1.413130207246858679e-02,4.884439203002640673e-01,2.543832637599227620e-01,-3.422283803707093508e-02,9.944753700365011051e-02,-6.275670403000802033e-02,-2.570737818879592629e-01,1.731085207684129601e-01,3.330068878645418562e-01,7.295363434117288493e-02,1.706929727020970733e-01,1.702013789879185807e-02
-1.171177827277461864e-01,2.913581217847608928e-01,8.695676210820212082e-02,1.518924737132810454e-01,1.020096753972960096e-01,-2.273453568724082274e-01,4.666321378611548720e-01,1.444180681610152395e-01,-9.255590839499504285e-02,1.536014160172709253e-01,2.362379174891662825e-01,-3.897744054703469185e-01,1.085800575491503855e-01,-4.106515105458916626e-01,7.526861274678579850e-02,-3.702388253059927248e-01,7.939183975783466185e-02,-2.655394639111557931e-02
-2.498029647223955207e-01,-3.610951828337135017e-01,1.719450707873466933e-01,-1.968642693602669080e-01,8.869017705229169379e-02,-1.889967025075095855e-02,-2.728345174452421751e-01,-1.902796460102325338e-02,1.809336351430916312e-01,9.288419045028148413e-02,3.697911405964542098e-02,3.520064418052655259e-03,1.371245095104713270e-02,-1.383393325326967016e-01,-2.350499765831492172e-01,-5.388217333715261681e-01,-3.530565869665467926e-01,3.515221342526790305e-01
-1.163697915363872681e-01,9.024244371551692900e-02,-2.402470453824517849e-02,3.184961346096368273e-01,-2.532058565129894495e-03,6.403016814977739897e-03,5.176491170142634435e-03,-1.021498218668617647e-01,-5.439046519997409873e-02,-6.127449226178759423e-01,3.328829940027559497e-01,-2.366400813326111907e-01,-2.085384896742206728e-01,1.146016724436931394e-01,-4.561989553739979608e-01,1.060503172530183058e-01,-6.712480632108108747e-02,2.001813844479209126e-01
-2.004055077421579567e-01,-9.547295353242401389e-03,4.157396578308915625e-01,2.494090636848810341e-02,3.039806557448611057e-01,-1.570661624840776205e-01,-9.602461222253090567e-02,-1.075524180952881631e-01,-5.250415284522567116e-01,-1.538401375752565248e-01,-3.375925936727975918e-01,-2.272029100554961156e-01,7.791776878211291446e-02,1.745478490601236055e-01,2.784883382579598776e-01,1.054377562572361010e-01,-2.410788530633080073e-01,1.293706310977931449e-02
