-2.129363268545742538e-01,-3.336433469404416208e-01,1.334782750822082475e-01,-8.119909870507929783e-02,-5.133183341738338790e-01,-4.519470893275664425e-01,-5.967844117471440835e-02,-4.557494730823521273e-02,-1.797047280877412945e-01,2.125793922746769260e-01,-2.966402171889190309e-02,-2.070904468009913402e-01,1.684659209417750658e-01,1.404973223136010974e-01,1.383516574538989352e-01,4.387146900753408074e-02,3.930406063669734107e-01,2.495504687534990523e-02
-1.177031380532277682e-01,-4.011838242410004779e-02,-3.864549576166502187e-01,1.435830188362528514e-01,1.502756143656283905e-01,-9.983331338550809064e-02,-1.862827250648506350e-01,-5.970988546056897606e-02,4.014642958249725058e-01,-6.302186547620311496e-02,-3.798701971252339549e-01,-2.569541277328080686e-01,-1.418139786088218612e-01,5.153569187273406849e-01,2.286873075011663092e-01,-1.532145057004511701e-01,-1.880706060302352739e-02,-8.034073951460342367e-02
4.603485824343466759e-01,-2.696358886795879872e-01,3.515124856563772160e-01,1.653239103669345011e-01,3.251276795382575246e-02,-3.462142791455727342e-01,-7.389108338911297424e-02,2.300500325532211232e-01,2.873985180854376487e-01,5.301130785014822322e-02,3.278572382942351870e-03,-1.040898799099884975e-01,-1.224102991608165131e-01,-3.455525804252464195e-02,-2.605284608376736821e-03,3.170676316141722850e-01,-3.088100758123288880e-01,-2.772076670784656693e-01
-5.811451478787858088e-02,1.777783576327428006e-01,3.082488621218155145e-01,8.559574504565974074e-02,2.118404502651679341e-03,-5.648584055023945366e-02,-5.445258455045710599e-01,3.014325766435029252e-01,-1.172424077052379165e-01,-3.265728211084512056e-01,-3.159695875150899669e-01,-1.471138430826649246e-01,2.717640955378952672e-01,-1.417926950266986119e-01,-1.856408174357425944e-01,-3.059347193982522861e-01,-2.760434486083460093e-02,8.632568255698180870e-02
6.587162773544771345e-03,-2.382959401011413778e-02,-1.371642379306229897e-01,-3.815363659894130399e-01,-2.383644130093199032e-01,5.362026316483329419e-02,-3.035952870782775426e-01,-2.737782409341341650e-01,3.394402206575308431e-03,1.399035662387375367e-01,-9.356186781298481137e-02,-4.765969418881515346e-02,1.647973901652262374e-01,1.631043167797885732e-02,-1.836936585213681718e-03,2.577494574712498876e-01,-6.086429522918476165e-01,3.365545625073935732e-01
-8.806556435279386252e-02,-2.117413945879792481e-01,-3.691162977930881328e-02,-3.569131955190009142e-01,1.054497721556350298e-01,-4.152530558355565365e-02,4.825703211011692084e-02,2.474191906953098763e-01,5.804994633388925740e-01,3.501052129604872998e-02,1.303771905318932556e-01,2.463020741908745342e-02,1.651134832154928234e-01,-4.037972195392126040e-01,2.624696136626985532e-01,-2.531174987127343123e-01,1.014610563593505710e-01,2.299859704384928094e-01
5.643964999851642794e-01,-1.319049283621623880e-01,-5.307124659382916887e-01,1.680267451136654711e-01,-4.532204167848652432e-02,-1.794524684446660578e-01,6.305337269382456367e-02,1.231166869343387066e-01,-2.401025017142130735e-01,4.057319217969767439e-02,-2.036386310798984217e-02,1.385205876745845832e-01,3.825595087758646429e-01,-3.633678857731315048e-02,2.187958682632717977e-02,-2.605320027046339471e-01,-2.735984930309195290e-02,7.144139101846332107e-02
-3.253875259628758454e-01,-4.140091431927969690e-01,-2.644743334551478142e-01,3.001628146893434157e-01,1.315224589459876858e-01,-1.367828776119394373e-02,-2.932420342259560164e-01,2.484739120173694304e-01,-1.337228792764025287e-01,-2.771047576667940993e-01,2.615320751748328454e-01,2.142691644948635787e-01,-1.122624445925004266e-01,-4.153227490212327289e-02,2.804933690469723837e-02,3.500979705039062861e-01,-1.446831510383063575e-02,2.249176326747959753e-01
2.099397729095473231e-01,-1.513980679243150940e-01,5.291845010514849984e-02,-3.991937331076590434e-01,7.424737489014435199e-02,2.153863240449562233e-01,1.526997152516950361e-02,7.973447578263931357e-02,-6.207787159428240775e-02,-4.457503052944928323e-01,4.050800942828406970e-01,-3.259299397027792811e-01,2.069325296877780884e-01,4.224626520329820001e-01,-3.133685065172549244e-02,3.716323766576819232e-02,8.555365214973088828e-02,-9.223728480395336493e-02
-1.269308124129538695e-01,2.337180044363837417e-01,-6.854931101889782941e-02,6.124556004974093110e-02,2.877260908194024802e-01,8.141664528873358841e-02,-1.628160756447295521e-01,2.347749289427019381e-01,-2.646712609484864198e-01,4.350483660366955552e-01,2.224959206764534070e-01,-3.888054069023159642e-01,1.757991739605932191e-01,-9.886342222327498819e-02,4.320344094027517845e-01,1.003708965885635879e-01,-9.705230843775528027e-02,-2.072499960902596805e-01
-7.058993316349171376e-02,-1.902374527558805817e-01,2.212999528210429501e-01,-9.412552410574484552e-02,-9.423430685264577722e-02,1.876003997113217248e-01,-1.934552359017100986e-01,1.803339042598648134e-01,-6.646998785906577112e-02,2.497207064524466780e-01,1.068177059174362370e-01,5.523785174718527369e-01,-2.975713617383223333e-02,3.738929538239643136e-01,1.702338173835808433e-01,-3.788894557454152157e-01,-2.008131206250568790e-01,-2.238735814969466664e-01
-1.879835854941925011e-01,-2.263738644169639158e-01,1.342442739091779247e-01,1.516572252695036205e-01,-9.723175170937306544e-03,2.117621963761449899e-02,2.904734297644639418e-01,-3.106932871752374759e-01,-1.305274642197343793e-01,-4.145382415178449631e-01,-1.636555344114394850e-01,4.023148752413375356e-03,2.570052203918800626e-01,-1.989089846832955977e-01,4.490041392560755740e-01,-8.348214810945879527e-02,-3.055029067293139056e-01,-2.602812510096759735e-01
-8.009738301215653389e-02,-3.222525415723073161e-01,-6.294522501288633831e-02,-1.102409981464072958e-01,2.470964459310568406e-01,2.963744158598940470e-01,-5.857058147051059926e-02,-4.601837119227367850e-02,7.246836396863821916e-02,2.155375036144002721e-01,-3.682174806280195112e-01,9.980819254821550468e-02,4.146226410878512958e-01,-5.791848139489702563e-02,-3.178412878805737529e-01,2.860766382746367520e-01,2.169173657997336968e-01,-3.416774133415069192e-01
1.502348979892834391e-01,2.716592047723188630e-01,-1.155841943610575184e-01,2.066650028218739721e-01,-5.455653121629465696e-01,3.411384724929129586e-01,-2.550472278490082956e-01,-9.677165318032449060e-03,3.083977043807041296e-01,-1.329099471112343001e-01,1.138223865763924175e-01,1.165412579435753937e-01,1.225524349948081959e-01,-1.031598869612477959e-01,2.367780774191118043e-01,2.280759387150539108e-01,2.068307218150522708e-01,-2.292745512411499265e-01
-3.410282615066398404e-01,3.132460158751291246e-01,-6.280146771739407441e-02,7.096115101875359599e-02,-1.394432054482892536e-01,-2.204101108717501922e-01,3.950628409137272312e-01,3.903603525601626600e-01,1.812709867168227629e-01,-3.765848344034743167e-02,5.194712723489813833e-02,1.143164528699140287e-01,3.956613208566040485e-01,2.492251832734007910e-01,-2.081827869332469050e-01,1.605950687817585820e-01,-2.467025301047616748e-01,-3.765798682547284726e-02
-2.076889583575760867e-01,-8.451417980100138505e-02,-2.104400647470671404e-01,9.221637549043032456e-02,-8.682697121659599393e-02,-1.516717430806949762e-01,-1.855669145798536368e-01,-2.797815483588605434e-01,1.383544521083031609e-01,4.364214764069859059e-02,4.284239592113449069e-01,-1.705863155609917692e-01,-3.036517114371107932e-03,-1.909032563208376276e-01,-4.266536640107773670e-01,-3.270175804495369376e-01,-1.782093916961334790e-01,-4.034831530231066665e-01
-5.888951637555864954e-02,-2.411742464069522585e-01,-1.776288339898129121e-01,-5.986298678832378817e-02,-3.767130528277158330e-01,3.660290269338800084e-01,2.319217658144708261e-01,4.449562113349752046e-01,-1.333799159546360247e-01,2.192796829411479409e-02,-2.303520006227962047e-01,-3.238486109276061398e-01,-3.304901413486581729e-01,-1.514836160348864980e-01,-1.161813196527850672e-01,-1.118829137436753163e-01,-1.785231975301036778e-01,-9.643276406888733054e-02
2.984320219652333850e-02,-2.061605618535729267e-01,2.662356405601444265e-01,5.290478801606156578e-01,-2.650714036426245895e-02,3.567837961128192958e-01,1.182559100692411463e-01,-1.269703746712853298e-01,1.793165337092068878e-01,2.281630141248516541e-01,1.441202351530711523e-01,-2.398041447733710863e-01,2.364683639302610219e-01,1.545786534505033116e-01,-9.876243105906801212e-02,-1.357735632399406089e-01,-5.119930107074358028e-02,4.178752732566393679e-01
