-1.389027624715359795e-02,2.224367450344410801e-01,4.997487164322625408e-02,1.194472880344544380e-01,1.412165478514871009e-01,2.965064162249407276e-01,4.395761555502981921e-02,-1.678519136612451890e-01,6.192411970951391398e-01,2.265212470526120903e-01,-9.893849261487898394e-02,-2.632077802750539333e-02,3.516416425126468459e-01,-2.961674333502983814e-01,-1.440152746608268919e-01,1.219410461109101673e-01,-1.271198484520242589e-01,-2.953125389363869258e-01
-2.372654750378991872e-01,-3.670225939257948378e-01,-4.233247067231803440e-01,-1.510738032676622045e-01,3.407400747958845844e-01,3.571620071419117637e-01,2.848440027069850528e-02,-5.981666308978983958e-03,4.810983846766672678e-02,-2.499826897518986901e-01,3.929158890806874055e-02,1.385148482029210371e-01,1.087114432911434059e-01,2.813528395760420825e-02,-3.896627249544478699e-01,5.581228022105513137e-02,2.427294704867937192e-01,2.245913123503283093e-01
2.395294146320225137e-01,2.428788204184262611e-01,1.359175330013357441e-01,1.674059592006189312e-01,2.772158887611897438e-01,-1.224627619278870344e-01,-2.123316720041664718e-01,2.264108474792456971e-01,-2.361467541352119670e-01,-2.588466308516608749e-01,-6.946540817094079556e-02,9.401889610058533631e-02,-9.919686764152772784e-02,-7.635426435601824768e-02,-3.929694395410063268e-01,2.150408554190214871e-01,2.969491269169483028e-01,-4.560664750444356486e-01
-2.238720246397609970e-01,-2.926907796852468852e-02,5.697853661806748932e-02,9.907862785627673252e-02,-2.652162912285445096e-01,-5.765405893301126655e-02,-6.061931665124827701e-02,-6.630659350459883195e-01,6.611678458043429574e-02,-2.136542684981401763e-01,1.823334623645757602e-01,-5.589771638925523228e-02,-1.788409110737301522e-01,2.747306521171358207e-01,-8.603024699418065913e-02,4.320729941375539562e-01,7.386273637602124020e-02,-1.599127827694468706e-01
-2.557053149057678110e-01,-3.238085971099779331e-02,-4.049352351288347251e-01,4.755774289204932059e-01,6.673759532082930435e-02,-1.272795762023100630e-01,-4.901884661359802164e-01,-1.509319392441638985e-01,-1.744595267415892381e-01,6.696545367723083508e-02,-3.342777702995843314e-01,-7.782951228372297914e-02,1.722532981724435586e-01,1.393490844684045459e-02,1.383305301960421896e-01,-2.060697646504110470e-01,-8.316560828039191999e-02,-9.273141373354870654e-02
-2.772412304819247275e-01,9.742715604025445342e-02,-1.358950415923840249e-02,-2.505766125960458002e-01,-3.407060753598499248e-01,3.761548385124486304e-01,4.515566705577695600e-02,2.846823637492558734e-01,-2.616664510217173167e-01,7.663066313601809079e-03,-2.247711290055608435e-01,-1.952444833524039636e-01,1.431720271830308200e-01,3.276541139799175051e-01,-1.864291739817704185e-01,5.868896858643404824e-02,-2.778651306254283915e-01,-3.310294967745232020e-01
-3.784555307558821191e-01,-1.423305332428642933e-01,1.463874587216310204e-02,1.989205425735734445e-01,-1.378465862026984068e-01,-3.188958664178926927e-01,-1.331589606587776572e-02,4.936844390024286988e-01,3.217956268472981773e-01,4.688784529150262503e-02,-1.604658942613434169e-01,6.574170561603752405e-02,-1.967767976167808519e-01,-7.087936692716914622e-02,-7.548312744186720658e-02,4.552247224581283946e-01,-8.322244289995128774e-02,1.808631341227902867e-01
-2.018373094346958552e-01,4.738636422571192997e-01,-1.315208877938168486e-01,-3.059530598952580616e-01,-2.569989604330869329e-02,-5.110927620402290206e-01,-4.849684151741461566e-04,-8.197018658913353406e-02,1.108421874022066655e-01,9.394248115089841311e-02,4.404046510350127785e-02,-3.639819222495969953e-02,2.064060330332254944e-01,1.590747553498084166e-01,-4.073945781892461260e-01,-2.343626635263963975e-01,9.478964878318493770e-02,1.817944171938709885e-01
1.127880471059933415e-01,-3.171361547450873286e-01,9.804132463016715371e-02,1.032052927349199622e-01,-1.293314079431016062e-01,-5.531920626439613270e-02,-2.633010915274535124e-01,2.221701478723846490e-01,3.042786957992011376e-01,-1.360191229256612899e-01,3.687558902314487241e-01,-5.868995630786242312e-01,1.156581239980607190e-01,1.315736278158891048e-01,-1.184865970779772765e-01,-2.491906407126779632e-01,1.367903504259121994e-01,-1.044625025182830680e-01
-4.875702932629940277e-03,-5.413114703731975591e-02,8.973778172148917653e-02,6.149518260779486545e-02,-2.384608612097251779e-01,-1.286320189876702207e-02,2.781965441969921904e-01,1.754656847634895531e-02,1.316504962739847295e-01,-6.799819992841045491e-02,-4.494034876329477957e-01,3.470370072817945822e-02,2.334409963490859941e-01,1.676898750668526228e-01,2.255348545617030798e-01,-7.856469766375424879e-02,6.946494848336830508e-01,-5.627560686326558287e-02
-4.474638711631670485e-01,7.736406157031722186e-02,1.577071622348793223e-01,-1.566004214679514728e-01,2.647045951749802950e-01,-1.169218231055361573e-01,-5.980349293959892273e-03,1.089752086226730837e-01,-1.512397517384811430e-01,-2.220965881738450054e-01,3.446970239192667651e-01,-5.959445409250641035e-03,4.278063690916005246e-01,-1.370781215957583843e-01,4.526337472810501028e-01,1.571328370795352092e-01,6.297112141805390195e-02,-1.495026352024261818e-01
-1.998705184738264889e-02,3.583292362016193833e-01,7.665047193948659743e-02,4.854238653263177605e-01,-3.130907755638049350e-01,3.196144563700753505e-01,-5.588690264657920903e-02,1.529822346408079570e-01,-4.266227066186256689e-02,-1.523614365388334113e-01,3.395229860180703496e-01,3.060459827754007378e-01,1.891052442476008344e-01,8.418369191427553522e-02,-7.782755440216393428e-02,-7.809749241670989328e-02,4.902851699040093603e-02,3.340673587727274740e-01
3.115546536374922404e-01,-3.560723691591048765e-03,-3.576088205358293748e-01,1.396455351745510935e-02,-3.045221077528095788e-01,-1.156108514570892143e-01,1.635763429737168984e-01,-3.003899692597406315e-02,-2.695240920035417709e-01,-2.558261508782349800e-02,2.545031834627141387e-02,-3.183024992085934368e-01,3.462843206416530983e-01,-4.034019000432568225e-01,-7.000245264819891788e-02,3.945889913762047341e-01,1.684709724138013301e-02,1.492994555653882061e-01
-1.773931203795132694e-01,1.774227933048647399e-01,3.067144701841962307e-01,2.487696317037474403e-02,2.256075394123980837e-01,2.640237337732821432e-01,-1.712991209386111879e-01,-6.054200625705901534e-02,-2.106886270493982527e-01,4.036208654439806254e-01,-7.628337188549831616e-02,-4.461701869614795313e-01,-1.332014886816915711e-01,-3.740532452052629242e-02,-4.376582436169842993e-02,1.829294839999638100e-01,2.941184471475979945e-01,3.681461639891783766e-01
3.311483406973936838e-01,1.484157379898616569e-01,-1.163718281626864720e-01,1.147408228794692259e-01,3.867527320642661914e-01,-4.049696650866593112e-02,1.003629158971407059e-01,7.509136460622851950e-02,1.251654934830882249e-01,-1.015362272428488588e-01,-8.893715900232240790e-02,-1.469542699135268082e-01,1.846452831098691072e-01,6.247917359014348859e-01,1.849738494703689895e-01,2.975301595104504204e-01,-1.999539124364073384e-01,1.789287979472428403e-01
-1.045114128625211497e-01,-3.423488560361895860e-01,2.541586714057235130e-01,3.836297109871256716e-01,1.522007356284596213e-01,-1.941623580229749346e-01,4.676955945730147390e-01,-7.810959595893575413e-02,-2.665471511182510023e-01,3.042122132665562861e-01,1.031237509170347399e-01,4.030643708785254520e-02,2.426590154869160132e-01,1.196891750021846640e-01,-3.110801538412523159e-01,-8.538582894797938638e-02,-1.125083024001519300e-01,-9.285304962767004788e-02
-8.524571532291999598e-02,3.478919121238376044e-02,3.556613920454079758e-01,7.263277776519844187e-02,6.817602758989964318e-02,-1.948042752648384071e-02,1.227319427632741072e-01,-1.397297322278199805e-01,3.185987395126373394e-03,-6.223946437654535035e-01,-3.752583066276631296e-01,-2.298596159537158734e-01,2.348041651545997727e-02,-2.165192942393272535e-01,-1.223321387437179275e-01,-1.762100543575319256e-01,-2.805336299445981840e-01,2.587502228442846164e-01
2.001317263869701046e-01,-3.013334710531553329e-01,3.740395855264084246e-01,-2.488150314362867488e-01,-1.177340957132580607e-01,-6.125753470635547648e-02,-5.061028516799307431e-01,-7.632300132066494047e-02,-3.126358954280698821e-02,9.230601047467179576e-02,-1.509223815845748551e-01,3.202141092865232186e-01,4.163859288831445737e-01,7.276264667291784671e-02,-1.069137434137110015e-01,1.610411715007572797e-01,-7.419505382777084879e-02,1.771947781727116755e-01
