-2.631522508166065921e-01,2.480757243032134796e-01,2.263868809872000842e-01,-1.485577667057536855e-01,-3.825380648895503333e-01,-6.178376835791629662e-02,2.079272038826490976e-01,-7.900261591175290754e-02,2.763011632033119391e-01,-1.615886815080329053e-01,3.539136112681944280e-01,-1.475809059641735310e-01,3.427418412793760139e-01,3.134466580773154765e-01,1.153354462153671350e-01,-2.209181700010089955e-01,2.623205116657001401e-01,-1.153358284332242113e-02
-3.158836115810485512e-01,-7.865397012363231632e-02,-5.707096207778696861e-01,-1.067546306967618736e-01,-9.565267456091382237e-03,3.430662389197753903e-01,4.677979940846668100e-02,7.423959612627027693e-02,-1.026260200223812064e-01,2.442288392500770091e-03,-1.102281794853629711e-02,-3.319598532930522761e-01,-9.506357453766677013e-02,2.004337344561032269e-02,2.125557170053492539e-01,1.859848012052486288e-01,3.280180626930109256e-01,-3.373090697594388065e-01
3.421113168962222617e-01,-3.561533240245056686e-01,-1.341350015409673579e-01,1.996453877015074430e-01,-4.386945350475452421e-01,-2.101600107791832539e-01,7.935320757315651730e-02,-1.592377630227524016e-02,3.928483083248141688e-02,3.081465228978779933e-02,2.420487437847013146e-01,1.113596123160012219e-01,-5.153959878736626976e-01,1.765627879977714199e-01,2.119451060053361979e-01,-5.996938078391424176e-02,1.861129312563205296e-01,4.061570149256924639e-02
6.419089675908597192e-02,1.413897717789124042e-01,-3.662342145490968814e-01,-7.942630935529650105e-02,-9.685988570727131763e-02,2.149428005705881217e-01,1.980248499054046343e-03,-7.746110429961218513e-02,1.786774468732126586e-01,-4.309436885092616798e-01,3.033428569326248603e-01,5.593443656724780277e-01,7.404819418979259604e-02,-3.676553312580245758e-01,-7.504615225403686585e-02,2.312318847592256116e-02,-6.713947204896174303e-02,-4.127894285991898574e-03
-1.008943232543172558e-01,-2.134297043020326190e-01,3.389522128799117850e-01,2.327852449371105911e-03,-1.045093932312333024e-01,1.579555749845912016e-01,4.865543609885804588e-01,1.862868282464492653e-01,3.688209398564742947e-01,-8.073097112070271031e-02,-1.875953886923783717e-02,-1.413314902095064995e-01,-2.267371364491054808e-01,-2.594803050447778148e-01,-1.501207149132140484e-01,2.438356184716600483e-01,-2.632234241414920795e-01,-2.986180124813314074e-01
-2.918272842816176452e-02,3.439059197775196086e-01,2.248113538189213112e-01,1.636443575730135158e-01,-4.063297108671397317e-02,5.108300144700219508e-02,-9.035085925348368407e-02,-5.705430131452644549e-01,7.965794102903810472e-03,-1.576252011025890409e-01,-3.163892126637689595e-01,1.257231679133486990e-01,-2.518927320494323552e-01,3.717709586433737973e-02,3.535129476095549839e-01,9.599894067389297403e-02,-1.664182125135538898e-02,-3.542605037706142435e-01
-4.374886624099880716e-01,1.246130611439806857e-01,-1.983760100894343403e-01,1.639281556563337572e-01,-3.041865141526267635e-01,-1.266737992568178206e-01,-4.364138418796575936e-02,1.960640167727841637e-02,3.822402646294860151e-01,3.866744133973404884e-01,-3.587940532028616181e-01,1.520365647732630221e-01,-7.517069776234140688e-02,-2.243467308302397600e-01,-5.137857777336258744e-03,-1.830555587196677075e-02,4.728145248462260752e-02,3.315614238454810403e-01
-1.986018034819792694e-02,-4.944784327830794024e-01,1.502282737822841496e-01,-2.560375607302586842e-01,1.540829780498316759e-01,3.243840365822029947e-01,-1.587208647821891916e-01,-1.918358853688696131e-01,2.600099379241233022e-01,2.138571465256665916e-01,-1.036444895400745886e-01,2.360284619450308818e-01,6.104762562294388517e-02,-5.120449068537461304e-03,4.068844889760924594e-02,-4.805815965515808363e-01,1.686186916386165913e-01,-1.772620130597054311e-01
2.797996347434620890e-01,1.836331142054660193e-01,-7.993295280143399018e-02,3.298651746192671208e-01,-3.894411964642599533e-01,9.537460899693270266e-02,-5.837974849526630927e-02,9.763315293560359542e-02,-1.386390775596338110e-01,2.587520359789332591e-01,-7.108351794080862429e-02,-5.447357487093325984e-02,2.558195364107478942e-01,-1.388015887421603645e-01,-3.244041011935928642e-01,-2.673229493760299058e-01,-8.865482216840735522e-03,-4.933641700359043814e-01
1.492413544424986693e-01,-1.099057512099319289e-01,2.260050663315449904e-01,1.904475138450694993e-01,-2.371228157107714840e-01,4.537140203431102581e-01,-3.713803755708616205e-01,-1.413748515616938262e-01,3.462327750207619403e-02,-1.023713287784430714e-01,1.046310549744453311e-01,-3.905759315005674637e-01,8.762766221608296602e-02,-3.080347288446227960e-01,9.112034337095287206e-02,1.555504721452752870e-01,7.995893780850422961e-02,3.763949371985355064e-01
3.013899354103752315e-01,-2.000950966602101644e-01,-2.449014555001598203e-01,8.122454483554220062e-02,-8.936612815539252130e-02,1.304605784101159072e-01,1.588984192190317501e-01,-1.027930406524531215e-01,2.639492625871963649e-01,1.451298233704170423e-02,-2.855013581660891808e-01,5.558257846880056835e-02,4.647792419841486056e-01,4.121446319217650367e-01,1.678790572491053179e-01,3.084114751304089519e-01,-2.710247354870466974e-01,6.791076789378905354e-02
-2.044210797508662081e-01,3.430292770218778230e-03,1.178670245185561676e-02,-3.062424017810473353e-01,-2.850992526000354355e-01,8.366895209977094627e-02,-5.230696010476197921e-01,1.846659758613323696e-02,2.499450771754503295e-02,1.102351888575898997e-01,1.796186523009500047e-01,4.889343234775864883e-02,-1.966603829294226169e-01,3.434969241210258373e-01,-2.363534784691198598e-01,2.046703488314120800e-01,-4.244749922157597943e-01,-1.415086189974962549e-01
-3.060870062708594963e-01,-1.232997955721668315e-01,6.533483293934701230e-02,2.827659318333970440e-01,-3.558433347713520906e-02,9.364259681017103598e-02,2.556456046295493487e-02,2.254560529653283907e-01,-2.786453361733408074e-01,8.627269818199606588e-02,2.117075094356613285e-01,1.419073763171167790e-01,1.439028500505354635e-01,-7.309118632796146597e-02,5.677434413373210198e-01,-2.040235506183687153e-01,-4.517341539579111109e-01,-3.531623234432362118e-02
1.873273150085304761e-01,2.599347767909369611e-01,-4.021752545488607722e-02,-4.388718562790384081e-01,-1.831030449184204711e-01,3.434543704340307091e-01,4.183117559149845399e-01,-1.790718358821442313e-01,-2.869031444960016275e-01,3.172436535400798840e-01,-3.014640784217775121e-02,-1.958408622489195977e-02,-1.712336957867926224e-01,-3.154878480006646085e-02,4.679215668083205187e-02,-1.463005722499947092e-01,-1.866832023017823972e-01,2.675215467037534989e-01
2.245930175428758335e-01,1.844198415718289186e-01,-1.703063914367185239e-01,-1.924500391621286610e-01,-9.711989315101566015e-04,-7.257935380467664399e-02,-1.812544004290803368e-01,3.138439533464631448e-01,3.035174392365939111e-01,-3.262236005812240713e-01,-2.637299940027250655e-01,-3.266451581505254720e-01,-1.651665262276808543e-01,-3.350228697899657743e-02,2.277343865958494640e-01,-4.394284080262005898e-01,-2.544171222389105536e-01,-3.840730604245768754e-04
2.558658468774835937e-01,1.347762336203615907e-01,-3.190614851089489806e-02,-2.338497846482746889e-01,1.547699266360285097e-01,-2.864490969618513905e-01,-1.216219865629857705e-01,-7.443920020728068965e-02,2.795835851316078591e-01,4.576168649717824999e-01,3.418705702568903826e-01,-1.070851526712288670e-01,1.258567100388620907e-01,-3.170113096920478823e-01,3.290088994160790814e-01,2.331338212004167576e-01,-2.019468328036743560e-02,-1.976344077177147329e-01
4.835189726975259311e-02,3.072396808350386643e-01,-6.906633884281117297e-02,4.189650950148396391e-01,4.024839861366993343e-01,3.619418683776223777e-01,4.051534730647488730e-02,4.365077851829686495e-02,3.295479137379110912e-01,2.073572744435963899e-01,3.039539538021668874e-01,-2.061679706846463941e-02,-2.385964493003874809e-01,3.091158983985481945e-01,-1.009556768059339804e-01,-1.089646411715895075e-01,-3.453871939087523740e-02,7.918781070589829552e-02
-1.636246677630909252e-01,-2.153699250613403393e-01,-2.920749097064729294e-01,1.259839633497686906e-01,7.066529988921704808e-02,-2.350833980037591031e-01,1.057111342792134007e-01,-5.960851262001594097e-01,1.702134104554137856e-02,-6.238940814581975941e-02,1.725383291294408095e-01,-3.578302551827557965e-01,1.559500152104795721e-02,-1.020846992133927073e-01,-2.221808034946926858e-01,-2.397746343330070251e-01,-3.447700807257357281e-01,2.305921422555691144e-02
