1.045429245704437571e-01,9.467689147171944042e-02,-5.492375701645604152e-02,1.057120840293963304e-01,-2.739083868898922747e-01,-5.656284453281447411e-02,2.304881671431457391e-01,3.120944516020063841e-01,9.996561317109915745e-02,3.091614200980652427e-01,2.262393708832016459e-01,3.745976684983027827e-01,-4.480607061224758381e-01,2.724758285090621568e-01,-3.406053606169666403e-02,-4.032889406325301240e-01,-3.304081743162261275e-02,-1.362589837696809303e-02
-2.803896407354458109e-01,-4.049256381698762564e-01,-1.658970056374111657e-01,-2.526240546947789434e-01,1.806745833231628573e-01,8.843396661115802970e-02,-2.011268749412255530e-01,1.329109588490950677e-01,-2.189735349493348582e-01,-1.328220918742809564e-01,-2.888731177598630184e-01,2.372004091491864419e-01,-2.383540242856403146e-01,-3.810770933775392295e-03,3.821420048329384755e-01,-2.162553526998158282e-01,-2.264184613817697977e-01,2.475898459164998233e-01
-1.597983412196125053e-01,-2.644273998046181018e-01,1.607818304747794247e-01,2.995260905888685182e-02,1.096541396217884240e-01,2.233821129308661418e-02,-3.551940410617222127e-02,-3.182019858023613645e-01,1.132911058570728463e-01,4.283953255003380978e-01,3.487437406846019550e-01,1.665918795581352863e-01,-1.420345921961006785e-01,-4.019892088536448083e-01,-2.368687514370638458e-01,1.536728460508656191e-01,-1.739786494996413968e-01,3.539282091376468320e-01
-3.131117205478070042e-01,-9.008344464227403814e-02,-1.027897455561846418e-01,4.528126102927405583e-01,1.942032430986167790e-01,1.817671302169367176e-01,2.672143832841188948e-01,1.313035975707630698e-01,4.918504559863715042e-02,-1.192564385064847493e-01,2.730111073053894666e-01,-4.677885362791411317e-01,-2.162154657334532104e-01,1.281486247436348647e-01,2.286423346364071796e-01,5.083390599081182015e-02,1.885097779990990152e-01,2.350993354806441282e-01
2.848539601643474556e-02,3.720173216984170028e-01,4.636272247496973642e-01,-1.392956723247918971e-01,1.952584757146134942e-01,-2.625258499938841195e-01,-3.700280760130162383e-01,1.144848530717291202e-01,2.452579024413897302e-01,-1.116323531808472748e-02,3.941739081616882356e-02,-1.930822277653430896e-02,-4.193731079217491442e-02,1.872984108635428468e-01,1.990537713349815607e-01,-3.979085522264148855e-02,1.681535142369502689e-01,4.481535518094585946e-01
1.366203189157131660e-02,3.644223456224361946e-01,-3.116437507882738878e-01,-1.775695527661387829e-01,3.485478712571713489e-01,1.278756385865353340e-01,-2.676349790790581440e-01,1.843366955131084950e-01,-1.218200622142852768e-01,2.956298445628470772e-01,1.261916237545999964e-01,-2.028985791297504282e-01,-1.867988277093385052e-01,-4.175541114616619920e-01,3.488241918583820378e-02,-1.826876778795640255e-01,1.554000664847100810e-01,-2.599910598344266632e-01
3.312726928845738938e-01,-2.064053259820092245e-01,-1.425784232891330605e-01,-3.237889397849826045e-02,1.880138068961172693e-01,-8.034333161739373730e-02,-1.749048068751452856e-01,-3.515373720805266000e-01,-4.273538835267198799e-02,2.233794566867121634e-01,3.876444723174193308e-01,-4.818738640469429763e-02,1.132783021599060580e-01,4.111016309119007173e-01,4.309628629593619253e-01,2.558253317554730691e-02,-1.191247407313035384e-01,-2.087537947805422067e-01
-3.064452322052623190e-01,4.522234914276341278e-01,-3.799750909659492804e-01,2.115126295830484504e-01,-1.518127130178867357e-01,-3.046189066960490743e-01,-1.869538711575703671e-01,-3.399770256362998899e-01,-2.854070884037677169e-01,-7.832219892657336924e-02,8.644134575099941126e-03,1.813632391659540308e-02,-9.359312480311245130e-02,1.546690443295615225e-01,-1.181949473420804975e-01,3.700057523758316230e-02,-2.865264907194769450e-01,1.672624901260396646e-01
-3.917515188671225612e-01,4.647862773186266228e-02,1.392273119335736276e-01,-6.721245924388939696e-02,-1.404542696471109964e-01,4.519765563440854977e-02,-1.705586591423326193e-01,-1.123921085950584653e-01,5.252077214166979147e-01,-3.115892669589778174e-01,2.146224209364062940e-01,2.238230828916713128e-02,-1.552235288137172320e-01,-1.033231599962287500e-01,1.458297185846186006e-01,-6.387392591098667305e-02,-2.462321422181996955e-01,-4.655480724339505216e-01
1.031391064037109062e-01,-1.567331612041335531e-01,-4.619651633254767686e-01,-1.108282743813268079e-01,3.295960702672390830e-01,-2.832620202984023616e-01,8.491103182220027801e-02,-1.131821440877798547e-02,4.959422531288230629e-01,-1.837131184811829909e-01,-1.415550306862450392e-03,-4.666166007685127598e-02,1.563118555520417174e-01,5.590672908324848672e-02,-3.418452910855547255e-01,-2.948818578987603134e-01,-6.633186978914315177e-03,1.720127375716667961e-01
1.245009945800786139e-01,-2.491389255238510292e-02,1.943061252825674656e-01,4.553987319383808741e-01,3.137016363934150287e-01,-3.539430476053690988e-01,5.475889554883765775e-02,2.011145399870496453e-01,6.449025636317304300e-02,1.877252132890434855e-01,-3.427541775607456098e-01,-1.043239350775947288e-01,-5.909277595181505055e-02,-1.237246119254743065e-01,7.798231995343760103e-02,3.573308704839579103e-02,-4.854563130310034502e-01,-2.049795369655906530e-01
-3.072133013768948984e-01,-9.430470091275341971e-02,1.894335890642175058e-01,2.927703068193223124e-01,2.968436416130862399e-01,1.085100863609742422e-01,-2.670319220649577940e-01,1.763403590124886233e-01,-2.408167219382469082e-01,-3.250818513900165241e-02,2.132083399113207656e-01,2.780164358807547531e-01,3.842999559380830266e-01,2.054609755827176976e-01,-3.115580084267619010e-01,-2.533385676185164748e-01,8.565159599535898671e-02,-1.804118070581318956e-01
-1.764562765500633790e-01,2.459678144554971191e-01,4.537293055464372560e-02,-3.320253980199617261e-01,4.292169342085743744e-01,2.935031836302542940e-01,3.227935937609544559e-01,-3.005550806075651255e-02,5.720919268022327253e-02,1.206404343261717610e-01,-1.220344474846314364e-01,1.020172171444128639e-01,-1.320185830606257771e-01,4.046641087138739823e-01,-1.883868079556514086e-01,3.357099737776506609e-01,-1.999222650892603925e-01,-9.013631667357034638e-02
-4.732750416228920232e-02,-2.444029457586710807e-01,-7.824767488765113632e-02,-1.004041953057276115e-02,1.018394963833924444e-01,-4.554060266321356965e-01,-1.402820911795537862e-01,1.157595092972334289e-01,-7.865034044382791800e-02,-1.255181927443117518e-01,4.699304238742599282e-02,1.802750752922121780e-01,-3.932534671151961536e-01,4.900459316377026031e-02,-1.374738346393645227e-01,4.768652351952144541e-01,4.066754998170991064e-01,-2.357460213332982502e-01
2.934558934702372057e-01,-1.342512899443888963e-01,1.233693451054569123e-01,1.569296134930593389e-01,-4.279030868960957733e-04,3.417914552796353367e-01,-3.907291216356578722e-01,-2.425759612550915933e-01,1.211506227858854222e-02,-1.123186199715929395e-01,-2.111990108524029464e-01,-2.481160951150819249e-01,-4.529835745341131981e-01,1.950106929944838419e-01,-3.763260453041825104e-01,-1.533155564190296638e-01,-1.580763241518345213e-02,-1.226445080070194191e-02
-9.430148006444886988e-02,5.240327656487885066e-02,-2.880762588287247294e-01,3.387584227094427303e-01,-6.648339859322854872e-02,2.610644327935555675e-01,-2.365683858481344992e-01,-6.116471860487775886e-02,4.106491173636144798e-01,3.147090098768217659e-01,-3.685827137617765925e-01,2.954610715482146044e-01,1.366466134223500717e-01,6.054642007117000402e-02,1.800830266462353224e-01,2.039627612204104878e-01,2.658044324364485234e-01,2.212998852344947795e-02
-4.122904277199299639e-01,-1.587597065473113911e-01,1.516075944608804016e-01,-1.809109599206120134e-01,-1.086225913491091072e-01,-2.695334382601065060e-01,1.013791405025762926e-01,-2.511062140795120579e-01,-1.207368175959279942e-02,4.248912781702470221e-01,-2.885164465163503333e-01,-3.328087737647861810e-01,1.433946523905486534e-02,1.648641425154993012e-01,-3.877993100110790903e-02,-3.024739624826939810e-01,2.625681735560067009e-01,-1.652727857044638815e-01
-9.936269455104276838e-02,-1.681609673983286701e-01,-1.430144268628445181e-01,-1.731817143809673276e-01,-3.144531606403765944e-01,2.070419114094862109e-02,-3.259973299679351233e-01,5.059087609616083059e-01,7.868143555343222462e-02,2.363129328095363024e-01,1.076385235608927071e-01,-3.453403470513216611e-01,1.463093942062805020e-01,1.975167491750881577e-01,-1.807405940038546155e-01,2.724326303916977388e-01,-2.902575869206799331e-01,7.375957132130929461e-02
