-3.370072946812670556e-01,1.625795366247862958e-02,-3.360505351384994455e-02,-2.867784936255095563e-01,-2.011161852156720387e-01,2.844617951260869360e-01,-3.194618879129108580e-01,-5.726856542339155143e-02,-3.443100758068451395e-01,1.961708050647221757e-01,2.623531558660593954e-01,-2.036110726320818909e-01,-2.685571714574683799e-01,2.024979172276198391e-01,-4.813203776081644708e-02,1.519548936995065436e-01,-4.125894592286796780e-01,2.067164533153744051e-03
7.386794184679994213e-02,-1.410460809620684430e-01,-1.605369775785549513e-01,-3.031269792104295258e-01,1.439440174161785435e-01,-1.568111165356176340e-01,1.711346727747150853e-01,-2.774884661528622121e-01,-4.251329740630729187e-02,3.254043984191031802e-01,4.712881050996010901e-02,1.934512926295850477e-01,3.763898363750128317e-01,-1.429384761916617785e-01,-1.481536747331725357e-01,-1.890217330261841078e-01,-3.594702988783751718e-01,-4.572271230869348058e-01
-1.997760793725142092e-01,3.308205281571202638e-01,3.533340564177953613e-01,-1.647213072322825378e-01,-8.927127476309797138e-02,5.308397338109364094e-01,3.089122206215968447e-01,-8.576450992806865237e-02,1.162117150236159357e-01,2.193187650552849699e-01,-8.897665927231528105e-02,1.823962208035042054e-01,3.394086397432252711e-01,1.954957302240545314e-01,1.204751114027920733e-01,-4.961438377447514175e-02,1.480853181582043876e-01,1.049462726196483398e-01
-2.854129300191571850e-01,2.011899668233967930e-01,-1.163613420961850525e-01,-2.327939577071604094e-01,7.611217486477123151e-02,-3.497296681040458211e-01,3.468532211585886871e-01,1.966333522513730725e-01,-1.307258077137960772e-01,-4.490668947242736075e-02,-2.719092197127849220e-01,-1.298935315496397014e-01,-1.970372054263648531e-02,3.208035206881528767e-01,-5.236233923505553278e-01,1.507391888529445723e-01,1.043193388394067084e-01,4.744587342177487843e-02
-2.488803364135023788e-01,-4.368124881310717078e-02,-9.508716741494158131e-02,5.181478044308945874e-01,2.703734088394043056e-01,4.406148356675398947e-02,1.302755698062359746e-01,-3.212836609246036979e-01,2.492692775833304508e-01,1.085223669103729249e-01,2.771057183353831110e-01,3.269288536031095260e-01,-1.982348357168130515e-01,2.094155890035340473e-01,-2.677263097464323560e-01,8.962011944723297097e-02,-1.533309293986762911e-01,1.394270906936949939e-01
7.184484297332061065e-02,1.830794589995406452e-01,-3.018290834310397019e-01,6.908350538558288845e-02,-6.947460936345055404e-02,-2.247672413262218408e-02,3.334942449069469572e-01,-1.035468893459350927e-02,-8.616390080155099385e-02,3.721184527289810029e-02,2.666096550470432036e-01,-1.576840347030832312e-01,-2.918476996192386763e-01,3.644524825803823753e-01,3.398044724320888887e-01,-3.944068651600384778e-01,2.058827482949198984e-01,-3.355937925889503348e-01
-1.725407890616993400e-01,2.106376418773243109e-01,-1.285917739395226744e-01,2.403183005663765970e-01,-2.719946647664163164e-01,-1.381593730847156809e-01,-4.091619530512637382e-01,2.552037676253869347e-01,-1.790984019691575502e-01,-1.510654263753469229e-01,-5.848189445987148766e-02,4.694583096263606481e-01,3.069941370766455790e-01,2.329472361758047338e-01,-2.898016384133059176e-02,-2.924911464103200354e-01,-7.011530195199820736e-02,-8.623238852196983550e-02
2.603325171615116784e-01,-3.013559336848778414e-01,-3.909290978784345227e-02,-1.450238889017961552e-01,1.010552354949020293e-01,2.033143278143125995e-02,1.916956483657843435e-01,1.443565303924188303e-01,4.110570568026930202e-03,-7.952646626297472932e-02,-3.047363381463409904e-01,1.898853878511788107e-01,-1.079320161712414988e-01,3.922306289502115462e-01,2.595465308967895290e-01,-1.392864082828659256e-01,-4.698866834152013450e-01,3.772598596802825832e-01
-3.437022536457709498e-02,4.472477362440587800e-01,5.287667396803955727e-02,1.224136445672236034e-01,2.352647516103034409e-01,-1.248896348951626378e-01,-3.422543571470649387e-02,4.668703268118669647e-01,3.390396301669965085e-01,2.685229895700791958e-01,-4.273632723365775737e-02,-9.308574804966161798e-02,-6.901621708625031715e-02,-9.925531007022013463e-02,2.389477600545666103e-01,2.011940813744465817e-01,-3.778295636820479531e-01,-1.960407073359965724e-01
-2.866063771121949433e-01,-2.144910136925154420e-02,5.073460495880343091e-01,-9.995667386758378542e-03,-3.860506733886883146e-01,-4.115619552353960153e-01,1.567469339054252397e-01,-1.371631023579658881e-01,1.225272275518024673e-01,2.840960501507380775e-02,-3.496486628758421061e-02,3.184841505380665849e-02,-2.943639562542195720e-01,-2.041445619965412683e-01,4.582599915792538725e-02,-3.455214255561907533e-01,-1.666537705182886964e-01,4.954312714771097470e-02
-3.700596626309824999e-01,-2.864704618281959658e-01,2.393489774537641349e-02,1.730253540279821922e-01,7.551950055068558376e-02,-1.338812614300457227e-01,-1.571469180447902514e-01,-2.709839177893633710e-01,-9.121883434245567791e-04,1.089325574005361452e-01,-4.710282623211659581e-01,-1.423189250828948982e-01,8.941410673305245915e-02,2.502090526589959563e-01,3.926018232324030577e-01,2.363407472026445022e-01,1.266592061228787869e-01,-2.794645980327541412e-01
1.471489540873847091e-01,-1.369255851962265513e-01,2.897056987073010625e-01,-1.477919082777141013e-01,1.419290723577483135e-02,-4.295858113451450633e-01,-4.690357579713529818e-02,1.028305540462673973e-01,-7.152511046738389833e-02,2.348073269338264712e-01,5.029759235815925988e-01,1.553223569629795797e-01,1.857670038507659716e-01,3.035517945220855829e-01,1.852765204152878320e-01,3.120128421660151030e-01,2.090095045855006883e-01,1.301140628770942886e-01
-6.859622789090806527e-02,-4.550444916294584807e-01,8.081507786926836467e-02,-9.495652658284446657e-02,-6.540821485397009527e-02,1.824938037117865841e-01,-1.767576253772453476e-01,3.687229146137745994e-01,5.195844468670994809e-01,1.306124601525681383e-01,6.645562626130524508e-02,-1.386944524124293643e-01,-7.243067718291576126e-03,2.265934275364389627e-01,-2.883321323714219120e-01,-2.498908421709746530e-01,1.366159396199029541e-01,-2.039050196452492913e-01
-9.500426007795739758e-02,1.281855834994847787e-01,1.479265441064251951e-01,-4.608042502496922238e-02,2.019310207213234343e-01,-8.304412182098935835e-02,-6.772846854642686210e-02,-2.078386179962532776e-01,2.056446126353488890e-01,-5.711253952261792222e-01,2.480172569038905095e-01,-4.079918162061239029e-01,3.702657763095624222e-01,2.009908895259139849e-01,4.529714482185998731e-02,-1.268872770268284766e-01,-2.501536406362679377e-01,2.033553917297645230e-02
2.379123651812448115e-01,-1.201657735454531115e-03,-7.908641402977809043e-02,4.359673428634292525e-01,-3.733049145564555360e-01,-5.862039518703346386e-02,8.194816722936466846e-02,-4.898835821374820931e-02,-5.711453339729099382e-02,3.920686716178532483e-01,-5.757936987180152510e-02,-4.673074993694482648e-01,3.255236047116150666e-01,8.673678849663668533e-02,-1.396295804883823655e-01,-4.865691644844372804e-02,-1.477117903512861485e-01,2.435623827682404652e-01
4.552998583558224843e-01,9.021116550330771089e-02,3.596516999437126549e-01,1.268998755951616930e-01,-2.420725279142595110e-01,9.802964024731790349e-02,2.838583900991014861e-02,-1.229629065957569961e-01,-1.837720819303084036e-02,-2.123215141487305724e-01,-1.166849870283458296e-01,9.459882722794668575e-02,-1.654211360997380753e-01,2.662692543565887693e-01,-2.311904511877065638e-01,3.041022781434920552e-01,-1.367021613690045656e-01,-4.734087755281011223e-01
-2.633246969595965936e-01,-2.991339281518697324e-01,-1.706602134468948317e-01,1.208902654115737163e-01,-3.593382071127718125e-01,1.039620570278882716e-01,4.563792912324817208e-01,2.862372581712918085e-01,-3.709190047378713162e-03,-2.843060312739942863e-01,2.005638319641825373e-01,6.585678644212010491e-02,1.849611259739799007e-01,-1.804208576732219405e-01,1.429675817223988732e-01,3.373542307007582619e-01,-1.521809498236428582e-01,-1.331095565276079473e-01
7.784113587498352194e-02,1.920680119621663295e-01,-4.226898569497392621e-01,-3.061381405372722297e-01,-4.248823016446263146e-01,-1.301487217483779657e-01,-1.276810398581289807e-01,-2.915631101501471867e-01,5.444699689096421658e-01,-2.049657369412870300e-02,-4.425722817051637448e-02,1.066269515762320041e-01,-4.058560461700610328e-02,6.040572822527051633e-02,7.387367239440978395e-02,2.172183941054983969e-01,3.113334944434319879e-02,1.295610293842465455e-01
