-3.159718281740610951e-02,-1.020046137732637109e-01,3.534433439364875751e-01,-5.248120001505987009e-01,-1.335836754879268506e-01,3.302140887331312391e-01,1.890102454240855656e-01,5.545671589631225723e-02,-1.206921823194590741e-03,3.718001972558963586e-01,3.020526271381433481e-01,-3.192074485395509087e-01,-5.248098886449809042e-02,7.264034869468448397e-02,-1.011706644240722708e-01,2.071920759386399191e-01,-1.715437828334079873e-01,-2.392382303596928689e-02
-1.866266504848609065e-01,1.066865832984979917e-01,1.955060387988105941e-01,1.467026675811310688e-01,1.013160312283540587e-01,-3.144682184318502438e-01,1.394400542505676022e-01,1.915707973136318021e-01,3.578531173072848626e-01,4.548598324047330443e-01,-1.106356641830418402e-01,2.575872789878137503e-01,2.954423783197708819e-01,2.808608660402373003e-01,-2.408879312150838045e-02,1.252141957908043052e-03,-2.330412245289444628e-01,3.068211732904929656e-01
-8.496459807655011576e-02,-9.540162345302138913e-02,2.042136131421936340e-01,6.784295251153299455e-02,4.088050316726326433e-02,5.731183301552035536e-02,-5.311842813286518639e-03,-1.283736048303539823e-01,4.869290026889968037e-01,-1.578097647762890521e-01,1.501054861204525193e-01,3.509324173372487254e-01,-5.280230733019780631e-01,2.971763784154535237e-01,3.642462502931708562e-02,1.363408339727567864e-01,6.091662675317049275e-02,-3.427422499558071545e-01
1.587449329001706377e-01,-3.418516838376375322e-01,-3.977098595181385171e-02,2.157303436021646911e-02,-1.054794425168327082e-01,1.925735844069160346e-02,-1.346968269956683173e-01,-2.001617230417143678e-01,-1.186498983751159003e-01,-2.035454573549130841e-01,-2.575884310375371467e-01,-1.248233047244258903e-01,-7.458582525891380849e-03,5.225210029559186342e-01,8.573408096652876051e-03,4.416895571751668914e-01,-3.650097739413189768e-02,4.232789964081434264e-01
-3.142901207555620080e-01,-1.862615422774168972e-01,1.513873315187588831e-01,3.701052994866406709e-01,1.724429352473447752e-01,2.006275165544196548e-01,-2.134542553548925692e-01,1.457309063985930409e-01,2.448791434311787252e-01,-1.828873190973274998e-01,-1.379651683643753728e-02,-2.480087950337153124e-01,3.402538044688468988e-02,-4.459668358269550104e-01,-1.503372310356683728e-01,3.217877257808863800e-01,-2.833790480375485976e-01,9.074906216880500309e-02
3.011787348566768441e-01,-7.181783990784741667e-02,6.767353202301208681e-02,2.488986846109445261e-01,-1.939478357288517418e-01,-1.090204819680008624e-01,-3.125607600238331507e-01,-2.848791445121000299e-02,-1.403866501894405483e-01,4.078347473789373789e-01,3.769488149976989444e-01,2.356182327817886446e-01,-1.461106847996589131e-01,-2.786376177156663081e-01,2.787243805923951268e-01,2.801575992743977617e-01,1.389402540391715957e-01,1.774404810269578914e-01
-3.210071610156333133e-01,-4.106538691772184113e-01,1.782718397162793567e-01,1.986286610195540925e-01,-2.660235463687727897e-01,-3.597664177669390034e-02,-2.497013748110681660e-03,1.170777797474178150e-01,-4.689515102709159722e-01,7.006465718020657429e-02,-1.137135986042224489e-01,1.295336529896717048e-01,-1.093142498961816450e-01,1.095940593778250843e-01,1.859412660291030472e-01,-2.613969151284147308e-01,-3.618125824400810209e-01,-2.429026275030946869e-01
-1.377610415268323840e-01,3.031825918126829222e-02,-2.112979425301525840e-02,-2.677995277022096055e-01,-4.634478680662557637e-01,-3.644962061951375620e-01,1.074926418589692559e-03,3.706775345879306793e-01,1.761847583125622507e-01,-4.520268326092869993e-01,2.519238641758501651e-01,-1.602216237557368278e-02,1.537385089562486318e-01,-4.451388041840725895e-02,2.776675314760525537e-01,1.304134242733004379e-01,-2.453052943179568832e-02,5.897365664725656709e-02
3.282616213533127159e-01,1.243895632444213528e-01,-1.633136119906032913e-01,7.709744085743339137e-02,1.249479066063323984e-01,4.755919095003539043e-01,2.307312446643856318e-01,2.178189843386191538e-01,-6.017448340609730245e-02,-1.470715140176688529e-01,6.229091189566682285e-02,3.501642603253455333e-01,2.709601000226686263e-01,6.550414655112805906e-02,2.729068550733484422e-01,2.095676996452516538e-01,-3.684215429458634894e-01,-1.344878882815816468e-01
-1.141609071907712797e-01,-2.004125043052109867e-01,4.448495015375297235e-01,-1.625491257683530366e-01,2.772576431707907685e-01,1.707823438973557484e-01,2.069611044246720266e-01,-5.767184963955484384e-02,-3.777879681813779006e-02,-1.789343154350502008e-01,-1.138694974864778997e-01,1.910843674054460983e-01,5.717818085925563398e-02,-2.007167355962405364e-01,4.171313567172202919e-01,-1.552540016471632978e-01,3.473230794410807620e-01,3.536594338439178475e-01
-1.636608357594274421e-01,-9.193003339866030743e-02,-3.926593078800925257e-02,-1.964834415501459652e-01,4.052751722562858983e-01,-2.445975086781878305e-01,-1.119900199081994008e-01,-3.389982115363346926e-01,-2.409828316001551840e-01,-1.900061905584239930e-01,5.257151792430879711e-01,2.414847023481872523e-01,1.615934284159243339e-01,3.252265372573166086e-02,-2.027776765110101131e-01,8.689707601894958861e-03,-2.644845739080721736e-01,7.678574348364214375e-02
-2.959291197492517345e-01,4.775622595248937285e-01,2.475965784512547951e-01,1.281230636227271014e-01,1.001111679525137910e-01,-1.061272600108741221e-01,1.328049126008137570e-01,1.157491387736204053e-01,-4.434680884098834430e-01,-4.642096987504401584e-02,-6.531463806014767282e-02,1.750569047075825266e-02,-3.941922218285059260e-02,1.083135585549839103e-01,-5.229873065285446654e-02,4.930657960050239819e-01,2.527320679495285161e-01,-1.670953931348548305e-01
1.956299930251934882e-01,5.387518744371844193e-02,2.031949105735313399e-01,-9.148456513193070627e-02,-3.643136819140824767e-01,-1.104687661959101452e-01,3.107479290279727135e-01,-2.587741967706522761e-01,-2.793335413451545138e-02,-1.220405399181802714e-01,-2.688324572959187586e-01,3.536639129371741408e-01,-9.282748053447395509e-02,-3.804454995848040588e-01,-4.080477950873601656e-01,1.070415693122552386e-01,-2.129264974229652108e-01,1.050479553245187436e-01
-2.535000524541961564e-01,-1.680024770701502579e-01,-3.977671969247278949e-01,-3.797127894804008807e-01,9.695454402035906527e-02,1.314189118129601430e-01,-1.876602188404520866e-01,4.107612830131679438e-01,-7.652292926178115573e-02,1.452635429116919397e-01,-1.931173857972141028e-01,3.927837345649928258e-01,-2.215773700732604212e-01,-9.948627095899072181e-02,-2.082703847540058328e-01,1.365900430399588084e-01,1.316231636737054400e-01,1.327301796836131142e-01
-6.543568489550512235e-02,6.213635891709522879e-02,-3.233623588741464383e-01,1.196393139455368404e-01,1.480366154261288369e-01,-1.471948314750148867e-01,5.300051974225302720e-01,3.302311202524275957e-02,-5.447467261153074447e-02,1.833719030024592855e-02,1.305510764000829826e-01,-2.092878247153865667e-01,-5.415425312383714829e-01,-6.703522906571546258e-02,1.918740148236922904e-01,7.110900683263572317e-03,-2.137231944106856019e-01,3.208562128376953315e-01
-3.994847029284733231e-01,4.040257236222927206e-01,-1.587466738221325058e-01,-1.664066381869978295e-01,-2.060062606342797087e-01,2.210449433209669134e-01,-2.587122283086162877e-01,-4.757380374566256842e-01,8.170319209892165646e-02,9.285600857055870128e-02,-1.570295026577822328e-01,4.881371003090244354e-02,-2.203746997702509675e-02,-5.263558503416775752e-02,3.643636355281834049e-01,2.074417952103844304e-02,-2.240544785263353100e-01,1.036288102166756930e-01
7.527042348640607117e-02,-2.732589952658130983e-01,-1.191634157115773890e-01,-2.337113215219215612e-01,2.498009327351087272e-01,-3.819535925838073998e-01,1.076307598365782020e-01,-1.706737134203934747e-01,8.788647631868221066e-02,1.768780462282111277e-01,-3.088767951932281375e-01,-9.623540251571491289e-02,1.172466876187736456e-01,-2.113255809435195809e-01,3.080778311668956881e-01,3.427587665871970612e-01,-6.364820764609090131e-02,-4.281496548599070251e-01
-3.361939624514775904e-01,-2.789116162651996689e-01,-3.208835652670982697e-01,2.265386707301577929e-01,-2.656237827665866580e-01,1.725949398899462583e-01,4.073629263869879558e-01,-2.433066851748578174e-01,7.964547373106067862e-02,1.066475602602277029e-01,2.116660699734952966e-01,8.005487635630093024e-02,3.216132848739249872e-01,-7.368573627947710980e-03,-9.551611314817329279e-02,1.293396581303532522e-01,3.568170257599163064e-01,-6.180547096964893183e-02
