-4.819319102642700969e-02,-6.225816427852404189e-02,-1.273275469229103417e-02,-1.441670511030339052e-01,-4.926038851301793864e-01,-4.650728600373371657e-02,-3.448245431701290470e-02,-2.439259676911291752e-01,4.774718377252284429e-01,1.529530932901389251e-01,1.681755647403042342e-01,1.673418296724716869e-01,1.869121479817256737e-01,2.525449311675010966e-01,-4.473137061643613910e-01,-2.006933366680310193e-01,-1.390808116446995424e-01,-3.547389590513302937e-02
-2.728177162853861470e-01,1.639864322083539883e-01,-3.526445483918318469e-01,2.794859236922743184e-01,3.123747287207009893e-01,-1.974168673048942446e-01,1.965962260514267923e-01,6.113059896951383160e-02,-1.170507838967732445e-01,4.022279853549027423e-02,-3.742285226993641994e-02,-3.876834881509155228e-01,1.993324281794242037e-01,2.598611889106035022e-01,-3.520475211243041525e-01,-8.023654007800785914e-02,-3.298742912303759267e-01,6.163269820527163267e-02
-1.366476199962605720e-01,-3.882987408606126678e-01,1.030196416423922734e-01,4.217043034475807806e-02,1.523665413472023999e-01,2.403031544104905215e-01,-2.346000681281545097e-01,-2.134283558993144980e-01,2.042527916438807156e-01,-1.703241844653073378e-01,1.073010302353492595e-01,-4.509803270560530097e-01,-5.226950210132230712e-01,-8.713091347571511047e-02,-1.836007397868247570e-01,-2.188867547766848096e-02,-1.194742332695675618e-01,-1.473753153765044177e-01
1.219764365694481073e-01,-8.221890124627377616e-02,-3.690755296319658818e-01,6.488685293143053867e-02,4.838115855080470096e-02,-3.150433751561749207e-01,-3.433703081911808619e-01,-1.686202589758593884e-02,1.549695197795009083e-01,-1.808455046767049601e-01,-7.162840365846126142e-03,2.547453054725526966e-01,-2.067193762977434512e-01,-1.391101276539579157e-01,-7.061160762934617918e-02,2.283908847554755872e-01,-1.444011471486622844e-01,5.969945136758669779e-01
-3.394389161345460204e-01,-1.382836648360767917e-01,-1.914142945692268172e-01,3.728730424660379739e-01,4.021487609722824985e-02,-3.028692660435743367e-01,2.015253498217687289e-01,-2.367530557904257149e-01,7.409813233054980686e-02,-2.128800264593106728e-01,2.398815848751359725e-01,3.765914276957708084e-01,-4.041834288862075630e-02,-1.823747240568776851e-01,1.616347284488273972e-01,1.309631525221322847e-02,8.260829398556712722e-02,-4.263628490467577525e-01
-5.549109091936350602e-01,-3.350912410837789124e-02,3.122673784426286403e-01,4.498117320446023276e-02,-2.187549617930737156e-01,-3.928185350946800103e-01,-2.505627686502473472e-01,-1.152647965276921808e-02,-1.023064340267947209e-01,1.007433833404135642e-01,-3.675747124432817148e-01,-1.058339372644062915e-01,-8.512095886297225966e-02,3.861995370528280985e-02,1.225868223234312243e-01,-2.521709595134608572e-01,1.837574630995827962e-01,1.956851336110517481e-01
4.258015090083548670e-02,2.739413242003174015e-02,-2.989721933834542378e-02,-1.675387323641371329e-01,-3.590812200144329891e-01,-2.627136988819929742e-01,5.833903908632454699e-02,5.712855147320881899e-02,-6.449465929386022367e-02,-4.281454717727238846e-01,-1.860067069755849956e-01,-2.879865375518431692e-01,5.983390778724392151e-02,6.441712226566677357e-02,-1.885315953091481200e-01,5.756833040591434747e-01,1.646529760349444149e-01,-2.388513262684016647e-01
1.717968679753625605e-01,5.283978965650594217e-01,-4.906596211545905840e-03,5.507007934381997760e-01,-2.200768231987168810e-01,1.788406172163641283e-01,-2.949573019714689659e-01,7.040548818696917843e-02,1.434470291911860429e-01,-2.004934550719441599e-01,-6.126762436351385066e-02,-1.223631275140304314e-02,-2.042322096610029447e-01,2.665202635944176057e-01,1.059013604679571868e-01,-1.043019457589366150e-01,3.642088406951549118e-02,-1.215281744767140598e-01
1.792897146531888253e-02,-5.585552216433482542e-01,1.051527050851202572e-01,2.676272537401466756e-01,1.687616235692469130e-02,2.264042213852845986e-01,1.441404323424118616e-01,2.862935689974438480e-01,-2.943715002847788545e-02,-2.015477421987939277e-01,-3.650795304855308787e-01,3.147504006132111343e-01,5.032763081304400532e-02,3.998443768419489008e-01,-9.332007985284387908e-02,2.129402547746823623e-02,-5.197071521215192169e-02,5.117312958044429455e-02
2.700668937312156181e-01,-1.319746547145643767e-01,-4.190170608974160271e-01,-8.106351480255713504e-02,2.197453774498045742e-01,-1.415448959513207483e-01,-5.221353975217498528e-02,-1.690016165504226453e-01,3.248546572693450374e-01,2.046888241590098523e-01,-4.397001640157054414e-01,-1.360841411602251583e-01,1.948349244772722144e-02,1.293183962340770932e-01,1.400546184493320634e-01,-1.587321727655852388e-01,4.039840497535051034e-01,-2.085397513760593180e-01
-8.640588562373621717e-02,2.144885617085017515e-01,-1.862701618911130064e-01,-1.141807394151126975e-01,-2.178850866796275265e-01,2.422641649887362081e-01,5.312620372114200684e-01,-2.943433486397840082e-01,-6.417320453331876173e-02,-1.174372381132589016e-01,-4.066829030471629802e-01,9.051617668727070243e-02,-3.717528331580484680e-01,-1.803703633942278506e-01,-4.911634431487267582e-02,-1.316559676099139653e-01,-1.107437865346598549e-01,1.717971781287303268e-01
1.257830957923312398e-01,-1.821441285388169518e-01,-2.551690111994534549e-01,-1.515147345490937825e-01,-2.249706422986487153e-01,-1.227168597784331211e-01,1.261817820801103551e-01,1.113919629375201628e-02,-3.362562802810827312e-01,-1.898297903890899530e-01,4.215454818830380312e-01,-1.489366352995195875e-01,-2.144540907396269847e-01,4.151538255267925859e-01,2.135945263155176188e-01,-3.303860322204898448e-01,1.892658743491899276e-01,1.526051106045939743e-01
-1.142781338275999925e-01,-1.334686433577668141e-01,-2.633249923672760229e-01,3.116863926951630726e-01,-2.820580101133562945e-01,2.493598050148676804e-01,6.976863862360588309e-02,3.252480071289673424e-01,8.068985261306628118e-04,2.199300073744446249e-01,1.299581306720236085e-01,-1.526454158707660214e-01,5.461525690953734219e-02,-3.817996998844474521e-01,-2.479140367155971136e-01,5.340919662534665546e-03,4.756341418565540047e-01,1.587955946628869242e-01
3.479608769578180216e-01,-1.320182972194071103e-01,1.646051452490620015e-01,1.528947771080683693e-01,-1.924679798687513044e-01,-3.917407076719265913e-01,2.979893390861897973e-01,3.640353808603091212e-01,2.615994672284236988e-01,5.570677863337259589e-02,-3.416428772268480241e-02,-2.198753803049495748e-01,-1.116113314525090383e-01,-2.675784459192008247e-01,1.690313063567019380e-01,-2.094357834406030683e-01,-3.443708282325749215e-01,-5.538232034628219613e-02
2.160590166169489568e-01,9.550618713725801678e-02,2.249610020304316227e-01,8.120627132039250073e-02,1.542986961528628465e-01,-2.905645748397329697e-01,1.199124516864148865e-01,1.620607543686010746e-02,-2.130685878811003353e-01,3.571111852077897275e-01,4.765974208474797746e-02,2.170095144142351329e-01,-4.866201062612205974e-01,1.390129193255777440e-01,-4.650512285905550880e-01,1.074225116892569970e-01,2.161850063250735088e-01,-1.056150843005291273e-01
-1.376946559381113031e-02,1.882604872205569380e-01,1.623904243184996488e-01,-2.068296836701819519e-01,3.146740762472212682e-01,-6.746798994881920974e-02,6.749947676260059648e-02,2.422953364586571123e-01,2.212655555732433998e-01,-5.453814688917658637e-01,3.922160474219325843e-02,8.698891758016442932e-02,6.817390231666883849e-02,-1.320035719013638864e-01,-3.061289663946371031e-01,-4.032908338395621017e-01,3.012751588514295809e-01,6.067721711697939002e-02
-1.933204932996358816e-01,4.463272214577432284e-02,-3.654675453319926048e-01,-3.379845936595850531e-01,-8.941716572555669096e-02,4.667571657731917761e-02,-2.885120264823289871e-01,4.910349600840872575e-01,-1.372310310717465287e-01,7.452420503570850174e-02,-1.005364850274114985e-01,2.071256253485437016e-01,-2.271622409572388868e-01,-6.303730524712400363e-02,-6.096571125723531520e-02,-1.344227700250279489e-01,-2.459914384664712295e-01,-4.037785609790958130e-01
-3.468426815747211456e-01,1.453106952638691940e-01,1.272475594943712693e-02,-1.561897874545448706e-01,1.152413515831716140e-01,5.461199267526974793e-02,2.755349638957366731e-01,3.013984763619736440e-01,4.966726431774978190e-01,1.412700635820970940e-01,1.614328721622582952e-01,-1.195243744293546240e-02,-2.441817426338459274e-01,3.037066461531354178e-01,2.631897710346289831e-01,3.260504474332911462e-01,1.042222712758456432e-01,1.409160383604462774e-01
