1.932608831800932681e-01,3.632173487074411011e-01,5.899765929007827481e-02,-3.055268056250666220e-01,1.288841810967265300e-01,7.480271262351002870e-02,2.566965023879022034e-01,-5.595463292859947230e-02,3.792737242755748195e-01,-4.372931647499502666e-02,-1.313066592896532658e-01,-3.656634405395069870e-02,5.408589137977763001e-02,1.918813220692439925e-01,-4.105913475140109403e-01,-8.310823181576791618e-02,-5.128567956639970005e-01,-8.248890016259991659e-03
-7.308007710122461920e-02,2.895622782074344093e-01,-9.396153891925131119e-02,-3.904714579704034183e-02,3.704764291876579962e-01,1.260026529209645474e-01,1.308403249325378048e-01,5.853278771712697170e-02,4.595345550915540533e-01,-1.220889984866267014e-01,2.973310223186357779e-02,9.179965230251427299e-02,-1.127253898948839435e-02,-2.263914598765267017e-01,4.903065545546579362e-01,-2.430149336830198792e-01,2.619305066319053132e-01,-2.682374220784131680e-01
1.696248452541468665e-01,2.645281489986412229e-02,-3.119872084676527102e-01,-2.488303139599720021e-02,-3.726099311931470315e-02,-1.676417746461674185e-01,1.981223471835959205e-01,1.549231265308232131e-01,2.607326033527174181e-01,4.254419990182801703e-01,-2.045143846084774564e-01,4.354719449464868053e-02,1.489457996823051467e-01,-6.235971615062819995e-02,2.175567624803844413e-01,3.489280740797418567e-01,6.887349024003733278e-02,5.359318292787188520e-01
-3.782343407653234735e-01,-8.475489464370329629e-02,-1.896943275499768933e-01,-1.785996130930191106e-01,-3.300812608354916633e-01,-2.638714110827303783e-01,-1.998257536997051498e-01,2.646988083439052453e-01,8.138982392075741479e-02,-1.269132805303897771e-01,-3.821474220598176652e-01,-1.237685482868736836e-01,1.737327369491303564e-01,-5.204957571794915222e-02,1.062805743630717559e-01,-4.702477154048665398e-01,-2.015914557720050737e-01,5.700595355264087560e-02
3.600508036026283526e-02,-3.521748285907185805e-01,-1.421291823106819452e-01,3.145725975540031860e-01,2.509225189704337722e-01,-5.063069738569709877e-01,1.849019423690197172e-01,2.082921526051106365e-01,1.923374585312492280e-01,-2.288144698371639973e-01,9.799607434250004467e-02,2.951067141995087906e-01,9.319383238791285884e-02,3.431632696961507967e-01,-1.374992671208301320e-01,8.858296230715319991e-03,-1.544540298785023955e-02,-1.640930466122001163e-01
5.970465227706479167e-02,2.874715795174861976e-01,-3.578861444113136669e-01,3.955643011158048727e-01,4.317049789004132054e-02,5.435907482315028433e-03,-3.169402386138934768e-01,5.226093410135648765e-02,-4.896675748159142610e-02,4.887430901908523251e-01,1.169920312352868697e-01,2.374863895748265952e-01,-1.443908790272874498e-01,-9.192470723499289453e-02,-2.223842507930222923e-01,-3.168440766405378195e-01,-1.466588292417709827e-01,-1.102687159891874991e-01
1.076893171463323279e-01,-3.592545635599837112e-02,-1.464815818057457752e-01,-4.663776586808991431e-01,-3.188648513393140677e-02,-8.576607037647474008e-02,-2.199071293351448908e-01,2.172379821309269599e-01,-1.114723727920268470e-01,3.329759473444160456e-02,5.433134885622656896e-01,1.641710574643356624e-01,9.566549918102838779e-02,-4.490965124193038206e-03,3.120157195420221741e-01,1.814145639898200879e-01,-3.826189402684584961e-01,-1.507065995979375572e-01
-3.110287730006932039e-01,1.006454479220838111e-01,2.215450343878140882e-01,8.337127524051529681e-02,-3.165992154958415794e-01,-4.239523873338664484e-02,4.844283505775257015e-01,2.533470913575679440e-01,7.195717844106239679e-03,1.608114981473365013e-01,1.950800514314296463e-01,7.617972300889729043e-02,-5.598818840076950076e-01,1.103439222641547507e-01,1.414957426857191003e-01,-5.464097519617501508e-02,-1.276075330528265439e-01,3.879519663236868227e-02
3.766419769636228931e-01,-3.545723218108077224e-01,1.418008842804018843e-01,2.482703482468759659e-01,1.004491786966251188e-01,5.491067507895706912e-02,-5.509594550679468294e-02,9.942244363069523139e-02,6.744008100264381467e-02,-5.143676595863845569e-02,-2.908977628326893106e-01,-1.184367392934385227e-01,-3.016669512064825143e-01,-3.862055345382277016e-01,2.184845560432499556e-01,4.822612664779340336e-02,-4.660951300268998954e-01,-1.064976890771663492e-01
4.095010807838133648e-01,4.058441195771126386e-01,7.361594149901845574e-02,9.831897273609183086e-02,-3.616442209478380465e-01,-4.247454486392733819e-01,1.376333893552189047e-01,-2.552487588416299524e-01,-2.071222525907265855e-01,-2.837432966253910505e-01,-3.162034246050614977e-02,2.381059276635182076e-01,7.626220690117858914e-02,-1.835370537538795199e-01,1.610453969200258129e-01,-9.986446910849576530e-02,2.412288738577177821e-02,1.126880460652748481e-02
-2.461633988393912426e-02,1.567402710893675277e-01,-1.909953051091176635e-01,1.155155037174457056e-01,-3.101014456521868773e-02,3.976766480927014236e-01,-1.081709922630293419e-01,3.985014596100143192e-01,-5.817600432243599795e-02,-5.436000431578714709e-01,-2.677496929445642021e-02,3.455991653458693746e-01,-1.014387285127110877e-01,-8.365886927935296813e-02,-1.393692317199550779e-01,1.475601874633250543e-01,-1.077615108128123812e-02,3.431429542442631653e-01
-1.448259571476496199e-01,1.623219831606273825e-02,-2.814430306380558133e-01,-2.815336364368553612e-01,3.000466146668819833e-01,-3.064703081665525741e-01,2.558241878064498875e-01,6.228538516681056403e-02,-2.818644930070390298e-01,-5.371889465692653021e-02,3.198961553521631040e-03,-1.373238649877107365e-01,-2.255526809287092538e-01,-5.311318395999348185e-01,-3.419643003280086191e-01,7.510704914994059678e-02,8.919273174069360099e-02,-4.796517228605203659e-02
5.492161178322713805e-02,1.822508973360195683e-02,-7.725454142481101572e-02,-3.719016451572496745e-02,-2.955495381029782376e-01,-2.202640037023375630e-01,-3.913464419541005657e-01,-1.061669218710569462e-01,5.479096430522323313e-01,-1.591407141004008707e-01,1.987524163329236204e-01,-2.294332687753733724e-01,-3.904764576889704908e-01,-6.060932889949739721e-02,-1.859758858895229350e-01,2.092560212487091786e-01,1.916807765287641130e-01,-8.717646602001524053e-03
-3.895679128154148074e-01,-1.511991523336217447e-01,2.079932941075119113e-01,1.001244419265891195e-01,1.199129827113381702e-01,-6.594663426145762342e-02,-3.956331200612981519e-02,-4.484460265792957201e-01,1.998008420328515333e-01,-2.903602886395930185e-02,2.496601779318748937e-01,2.973234632978039582e-01,1.303373307792632663e-01,-3.364874836327493290e-01,-2.110535825577652264e-02,-6.037260877627525363e-02,-2.666251662962332292e-01,3.921817684069717203e-01
9.174182596205898710e-02,3.175309850652948546e-02,6.243625517065861663e-01,-2.113413598468422694e-01,8.083748437650470353e-02,-1.664939520298315823e-01,-2.341660330065238604e-01,4.018455310746725795e-01,7.422275575258248381e-02,2.183461568147365417e-01,-1.247860741498472842e-01,3.306487383483168174e-01,4.692295414793083014e-02,-1.724661510144846477e-01,-1.962131737475154014e-01,-3.002114297812509894e-02,2.368118509609870581e-01,-1.277733134793465966e-03
-2.416261597707725639e-01,3.803680548509382753e-01,1.248922301868890389e-01,6.973345306591494097e-02,4.098141201600826733e-01,-3.009854859665243576e-01,-3.277724690504805194e-01,-5.669908647890341269e-02,-1.866412986567366761e-01,-7.085551523539407315e-02,-2.259981964703985935e-01,-1.059897970492377911e-01,-2.332547022982584817e-01,2.908337770193420990e-01,2.369665990230204466e-01,2.570517377771541767e-01,-1.634553369608733597e-01,1.310866506871672665e-01
-2.235357127846171119e-02,2.357696955573603814e-01,1.979519584487301476e-01,3.812180492984822422e-01,2.808250295288128653e-02,-7.886688968981267478e-02,4.775696285993250023e-02,3.557197389694481959e-01,2.197245038785810428e-02,-5.903546208158427094e-02,3.537277461459523709e-01,-5.410315383589490157e-01,3.888047426860401501e-01,-1.798458311150300803e-01,-5.364586084817510314e-02,2.830582183402046217e-02,-8.513796286345637343e-02,8.559951095039566860e-02
3.450637719261177572e-01,-1.361093552105326621e-01,2.215840940428717709e-02,-1.501760115999755396e-01,2.466793007117919767e-01,-4.872580293007865160e-02,-4.175006870932582159e-02,2.358822142531952215e-02,-8.527816566319938729e-02,-6.314184623941010432e-02,2.398422338109998664e-01,-1.828680724935763946e-01,-2.391762327137591237e-01,1.772352653162956038e-01,6.367460092219692780e-02,-5.475972630937208097e-01,1.215928070171154451e-01,5.140944742796960121e-01
