2.926161911147813766e-01,6.364301583630897763e-02,8.392208465422631991e-02,3.666445435343758108e-01,-8.874632320394185148e-02,-2.390712377376534026e-01,-2.930014033997023759e-01,3.010311566719557907e-01,-2.205029898107525518e-02,-1.529494334187862792e-01,-1.021531588470069446e-01,1.400090613522883276e-01,2.738999724039282713e-01,-2.568649083905983482e-02,3.290588933473996280e-01,-4.843503302988446113e-01,-2.333208822814790695e-01,2.101130203571731359e-02
9.668468579647417072e-02,-2.566992672987804536e-01,-7.000934762565642899e-02,4.678335725913508603e-02,1.411549948817232836e-01,-5.997156595298736015e-01,1.092790323042888354e-02,-1.632756004662575255e-01,6.132355381089320268e-02,-2.052830036614171003e-02,1.266493896048433432e-01,-4.952831341053089836e-02,-1.399816019491665897e-01,5.076501837816798091e-01,-6.222082557740126613e-02,1.382037952638001665e-01,-2.017750961807554533e-01,3.842421659908482057e-01
3.218872422444198911e-01,2.031262515830099258e-01,3.390752299732640029e-01,-1.515236590209498857e-01,-9.061705192692097455e-02,-2.406383109542466203e-01,1.211724219118808094e-01,-2.351581024659409741e-02,2.390490523889298585e-04,-1.949028346249512787e-03,2.252897869828171251e-01,8.117935309571602809e-02,-1.298476814600161011e-01,2.474805952450097324e-01,1.297185603368425193e-02,-2.021812999896488161e-01,6.282393458618082960e-01,-2.542758007769678197e-01
1.247822261031362179e-01,2.478919340504659192e-03,-7.666885481761058496e-02,2.160291403609461425e-01,2.467185771609780188e-03,2.639783183856815874e-01,3.771067410907535944e-01,4.051219705675739302e-01,2.486656142966231220e-01,2.105943809817021339e-01,-2.240882900919802523e-01,-4.828552105621676249e-01,3.168450553019147575e-02,3.634748357354647963e-01,-5.418042572526751005e-02,-1.233149041344589053e-01,7.879878272681610507e-02,9.398994570291684114e-02
5.469347694692149320e-01,-7.904738323840725112e-02,6.989806514202893950e-02,-1.539256438578397342e-02,2.059660830454206892e-01,8.818014741155340286e-02,-1.539655987640103918e-01,-2.954867927675466355e-01,2.486979107832456570e-01,2.056606740849558634e-01,-4.408222150427632546e-01,2.000693884676795486e-01,2.067077806435294873e-01,-1.137660961544149224e-01,-3.367960920558321081e-01,8.454149581507516831e-02,7.608643333744397053e-02,8.796467856381737227e-02
1.350332230300508030e-01,-2.554617147972865765e-01,-3.772026976355283973e-02,-1.590853304738888419e-01,-5.299291457543003903e-01,2.168538458349748566e-01,-6.451421226220712020e-03,8.169607303632628326e-02,-1.493359663538394444e-01,-2.208649651299109118e-01,1.751239894618502324e-01,1.237548851546846768e-01,3.879477092843977570e-02,1.515835505474470157e-01,-5.660986446705955633e-01,-2.474860926342235812e-01,-1.638847263750234651e-01,7.130162399032209664e-02
2.130851499654419223e-01,-4.366738627826378255e-02,4.590544806570305281e-01,-3.190736045754480332e-01,3.672088886586050149e-01,5.025060400072318967e-02,2.527705633374262018e-01,1.114487124153270836e-01,-3.914872901262376192e-01,-1.596783913870844507e-01,-8.351274105303511941e-02,-2.061208516072271790e-01,-1.783675540679503513e-01,-2.025923151388183130e-01,7.538814861646364086e-03,-1.403377014983716586e-01,-2.585994006120331257e-01,1.968862044758296348e-01
3.282788628463056252e-04,-4.516468573416557164e-02,3.551358399828308809e-01,6.990540225007112196e-02,2.304979985738948023e-01,4.453729769187349530e-01,-1.524274628992662028e-01,2.277746207139283718e-01,2.394617753819507644e-01,-2.947274875243527034e-02,3.969904473965812364e-01,3.730926275880799281e-01,5.080413749821107577e-02,2.479667785641979649e-01,1.265748655433362735e-01,2.304951520858372904e-01,-3.358569540156013805e-02,2.258186991790314402e-01
3.550323788179122197e-01,-2.068166197177814247e-01,-1.566597219654241868e-01,-2.613586361720760531e-01,-4.036714503698360379e-01,1.850867205444091945e-01,3.802547291073778840e-02,-9.590743186469127823e-02,-2.177759933783706414e-01,1.993594903434064425e-01,-6.779079147543201622e-02,2.119444139436066701e-02,-2.085398353154245543e-02,7.604080548658964656e-02,5.981893845634936868e-01,2.178274088463160174e-01,1.971632193281927167e-02,1.624064444662255413e-01
1.690115457961930412e-01,4.025227390480197454e-02,6.983398288596974479e-02,4.895335254378720413e-01,-1.586470685735959230e-01,7.497204343663574355e-02,4.291173747478571054e-01,-1.840830215456881747e-01,8.561795056775695079e-02,-3.430351008119577605e-01,-1.360231899245692433e-01,2.510427612337920444e-01,-4.302652332733190033e-01,-5.981292269773408332e-02,5.285963809107080413e-02,1.786609907901784144e-01,-1.567502699858584758e-01,-1.481837694717998144e-01
2.595565472875562829e-01,-5.632469226643431748e-01,-1.463304673084232788e-01,2.264404063108977141e-02,2.315187035658426151e-01,-1.435057917827817046e-02,-1.173133882518269111e-01,1.794335387552064842e-01,9.097510667550876007e-02,8.590220740807337496e-02,2.680179338440162318e-01,-1.340022011872639973e-01,-1.766644146563969564e-01,-1.246155971140630175e-01,1.574572312654516290e-02,3.446287976492916350e-02,-9.714918160784444257e-02,-5.750073596405808063e-01
3.242073850318223649e-02,-1.151629275396144209e-01,-3.014554466999856963e-01,-2.246364559604691336e-01,3.739457815294389836e-02,-5.192458722940651583e-02,1.191451520452665863e-01,1.286068738634418562e-01,4.826723395122374249e-01,-2.110256618627752156e-01,1.001917165245215791e-01,1.001621550131049643e-01,-2.392670445869331253e-01,-3.944446061319316632e-01,9.801663188065194710e-02,-2.771795559442061241e-01,2.245176442340303669e-01,4.028215487458582378e-01
-4.553023596984714927e-02,2.090504414073528772e-01,-6.330879264589323041e-02,-2.164238260630061139e-01,3.281883626780295396e-03,8.955154430690381862e-02,-4.692774824182291415e-01,1.821505902173189417e-01,4.424890788812225334e-02,3.056495151442406577e-02,-3.623142543989779640e-01,8.305334986651748130e-02,-6.382425369436979246e-01,2.617623915224480124e-01,-1.720312181298129864e-02,-7.326688181608960460e-02,-1.057443618622710413e-01,-9.036920374153351032e-02
2.177591379767629121e-01,1.946998326488988684e-01,-1.256921652407401793e-02,1.808221031566704384e-01,-1.653520985286370190e-02,2.463463766890092443e-01,-3.714392233286542555e-01,-4.123943244651293583e-01,6.485493243885770420e-02,-2.645093190140505035e-01,2.872123573676563790e-01,-5.724303085342959951e-01,-9.753842816603867927e-02,-3.175665051718118415e-02,3.055502800095338464e-02,-4.171232233933610395e-02,2.173865311006754550e-02,1.217173938177328607e-01
-2.377363014848608569e-01,-2.069460864598006988e-01,3.436089617909336702e-02,-1.544162955128551284e-01,1.607044847966435930e-01,2.214806138253301027e-01,1.522804711823177726e-01,-4.952820408624584725e-01,1.713860476437896463e-01,-2.746926513150717286e-02,-9.769005998045879324e-02,9.616542385116302882e-02,8.392853175249843922e-02,3.061862388355391373e-01,2.293845242413374008e-01,-5.262638628950111475e-01,-1.367938294973229663e-01,-1.850948898800839348e-01
9.826593929730373378e-02,2.865045659382532972e-01,1.496465196764134586e-01,-4.185607810866551759e-01,-2.101292172428746718e-01,-1.618422001870306048e-01,9.734434377048083176e-02,5.123497102694236222e-02,5.026038565619130871e-01,-1.520835212432895267e-01,3.089275780859598169e-02,-1.390464275224296276e-01,2.051357683283049904e-01,5.269760006445899439e-03,5.712679426094462859e-02,2.212062019252634404e-01,-4.186127593589847873e-01,-2.503088997003703464e-01
-2.239701200582792373e-01,-2.665008074241488334e-01,5.575725769620014649e-01,1.489807642137671584e-01,-3.689404124390237016e-01,-1.113397976952439361e-01,-1.105640250477464420e-01,-8.559338308303530984e-02,2.296217059411126971e-01,4.233021107156743623e-01,-2.115276670561783146e-02,-1.470764091417587627e-01,-2.072434582855145757e-01,-2.411840935233912353e-01,4.967316794249823511e-04,-8.548505972539975628e-02,-4.240981409103065924e-02,1.159835419879002710e-01
-1.849481874066381260e-01,-4.011053113955702076e-01,2.090685199903850322e-01,-4.267190084564308900e-02,-5.712241482526300013e-02,-2.796517106889863380e-02,-1.721645079583371818e-01,9.711512370073357991e-02,4.777546741083490284e-02,-5.754054687104597221e-01,-3.915451246480637360e-01,-1.578924212264606330e-01,1.610171883715547647e-01,8.870433006900506345e-02,8.471900038231465480e-02,2.265283565392766929e-01,3.333129351250986860e-01,-3.556279853432353644e-02
