2.113239478703725360e-01,1.982487702272341945e-01,-8.050372684612677743e-02,-2.961273969055895350e-01,-1.128306982337737713e-01,-2.176953632569048405e-02,6.006382600844392128e-01,-1.626618959217835947e-01,1.615106474740776038e-02,-1.231985068331223482e-01,-2.399706947127913312e-02,-1.082349190632609787e-01,1.335670225805850597e-01,1.803124452978374370e-01,-1.703270980310404026e-01,1.016194191028637478e-01,-4.384319055114655472e-01,-3.343575361470781382e-01
-1.549900116980649500e-01,-5.973982655774916911e-02,4.916171171283911095e-02,1.292307280779824707e-01,-2.198512999424787062e-01,1.731978767403938302e-01,4.176844999493906641e-01,1.787579196593303277e-01,4.339074331292505082e-01,4.594327453030446762e-01,3.486770061074256910e-01,7.332272122522448532e-02,-1.057238736558457903e-01,8.997548011868219953e-02,2.686907271486583260e-01,1.634281972636226210e-01,1.544897593409846615e-01,-1.397439541982945996e-02
1.083037453012643953e-01,-3.327767246331157502e-01,-2.335151939406258370e-01,-4.023006163737778973e-01,1.883496598399509447e-01,-3.323953207484692807e-01,1.892372636479783543e-01,-2.590313439093784309e-01,-3.122633987670787176e-02,4.238285168596460650e-01,-3.425018847037860081e-01,1.251131857983673046e-01,-4.948123594754347265e-02,-1.490222033720211836e-01,1.788379808302316409e-01,-3.404134000170118413e-02,1.506234547130076151e-01,1.350288059480965197e-01
4.680467813937888577e-01,8.220376464264843308e-02,-1.360665478930007943e-01,1.878567060309325187e-01,-4.750296925590593577e-01,-9.782786438086087111e-02,6.151480867781203288e-02,2.602248748634283793e-01,-3.242708660858567571e-01,3.049490997298014983e-01,6.351029651175575663e-02,-1.316077048655013293e-01,3.441233393111507721e-02,-2.153587991701153281e-01,-1.951920670886540254e-01,-1.496712275781266754e-01,-5.030109637217890922e-02,2.890519199378845383e-01
1.932671621142520446e-01,1.658474722066556328e-01,-9.840762563429091003e-02,1.643995238814830936e-02,3.321429352345046937e-02,3.214702429763826586e-01,2.255213647627122009e-01,3.784506365939638989e-02,1.954477533534834943e-01,-2.345680644457499575e-01,-3.210038992346383457e-01,2.299567288164831580e-01,-4.291140580732226428e-02,-2.222143317431499732e-01,-3.541674291052261947e-01,3.142519917443844513e-01,4.701786525775082382e-01,1.510847407820606614e-01
1.227924537510297065e-01,-9.120312817896961133e-02,2.300929084418557036e-01,-2.175515686305015683e-01,3.631234376200727643e-01,-2.285066796674703471e-01,-7.925801756279594878e-02,3.155535477392696353e-01,1.695577765593684616e-01,2.164841135986855791e-01,2.182302976279179019e-01,-2.026276725853112248e-01,2.864603537084547402e-01,2.268105177562287078e-01,-5.023842846604852364e-01,5.560391060485365966e-02,1.818677403859743358e-01,6.703033438810047061e-03
1.096684589275808697e-01,2.865662233969204498e-01,-4.324504676732119496e-02,-1.677004543786774493e-01,1.063733996645414154e-01,-3.385410753537665407e-01,1.756369753024530347e-03,4.020422722898645551e-01,2.346037289087442856e-01,-2.500800165446430134e-01,5.849294358805044725e-02,-1.603308449233269151e-01,1.020378119770143505e-01,-4.927689762055955103e-01,4.187261929540090910e-01,6.910376614915850202e-02,1.203479701769779794e-02,-9.000844290456690155e-02
-2.229667191949659677e-01,-3.994788354879765663e-02,1.297546428693290288e-01,2.417681441169096945e-01,2.231024965811919877e-02,-1.908432721542046295e-01,2.473834924034579164e-01,-3.714955756162392486e-01,2.454026530478566337e-01,-6.504884121272110076e-02,1.214699054538470047e-01,-2.594452542455657484e-01,-9.572192514186413093e-02,-4.331156514170111382e-01,-3.201814563881135167e-01,-4.308803084568639807e-01,7.592018710999244580e-02,-8.069872905299672536e-03
2.966388919626989501e-02,1.628287918248429167e-01,-1.751392036600821489e-01,-1.343006020640138132e-01,1.851816158568700132e-01,5.203445047679468027e-01,-3.586322762572020928e-02,-8.497119418899548582e-02,2.164483951989391031e-01,1.080788035281923520e-01,-5.691155383586161964e-02,-2.243702866260705309e-01,4.442374623834000058e-01,2.586926130703331972e-04,1.620858388343326129e-01,-3.503320789614493558e-01,-1.324392586954665219e-01,3.665189197550560718e-01
-4.663805977345615063e-03,-3.544386659548043883e-01,4.881857063678687325e-01,-3.107112441742533870e-01,-3.112960135527889083e-01,6.906781479345196206e-02,5.843225584307087245e-02,-1.458243074573456755e-01,-6.342433752012374693e-02,-2.662350004411350168e-01,8.122448279532624993e-02,-2.576003929925070879e-01,9.028833100456691574e-02,-9.297508848386515368e-02,1.169549879053424779e-01,2.835045470155542202e-01,1.012244903149045819e-02,3.928344171546477859e-01
-1.268442152978147275e-01,-1.348317343306190685e-01,7.927383126832899737e-03,7.649839698394053644e-02,3.948868498986436992e-01,7.757555020105456889e-02,2.412500972545481570e-01,3.687424422784293943e-01,-4.991776316063459978e-02,-4.643288771333804049e-02,-9.899716772691714850e-02,-5.015182749958047720e-02,-4.649576698375092465e-01,-4.720213271362134339e-02,-9.546819801868818012e-02,4.425624644835907812e-02,-4.614316417292187444e-01,3.798958311682378852e-01
5.042627451134537976e-04,-1.409138179817439329e-01,5.271609998766478844e-01,1.944833749861425709e-01,4.170579679517972052e-03,2.094129987858133271e-02,2.322461254200631486e-01,2.673610246350024422e-01,-7.768929443088763709e-02,2.688784519221585137e-02,-4.093216375037451726e-01,3.312246758177411765e-01,3.486815728074186271e-01,-4.764613055063656594e-02,1.062596612265391399e-01,-3.025467876760327135e-01,-4.724437443061724196e-02,-1.600785961023198645e-01
1.037699220676759349e-01,-1.755962372726552478e-01,8.297557321108174622e-02,-4.062628699603583193e-01,-3.628221525319606094e-02,4.595292423074820443e-01,-9.224579647799760473e-02,1.966553886234901627e-01,-1.225100712701979039e-01,7.827185256264507229e-02,3.296631065908720709e-02,-1.734852981821945195e-01,-3.622454118127645950e-01,-2.142629921482221422e-01,-4.289198377315589505e-02,-2.774137296264007069e-01,1.282188955582225787e-01,-4.495658651861558774e-01
5.417960555255234567e-01,-5.539051179939110670e-01,-1.974704369331622411e-01,2.793442933076091261e-01,1.862763501020034684e-01,5.446180366245192278e-02,5.363488823551126189e-02,-4.763527229595471840e-02,1.486383656972047329e-01,-3.127844753108044440e-01,2.715106884882422800e-01,8.549295126897343833e-02,6.147429928762900703e-02,5.026990580639360828e-02,1.353755651281413064e-01,-8.253895103794438304e-02,-1.105205377946431866e-02,-8.535482670902534708e-02
1.886063704898248428e-01,-1.106636242948591670e-01,1.065512843482863542e-01,2.416994989414659178e-01,-8.713227195553015225e-02,4.100050850044319878e-02,-3.224693587270694994e-01,-9.621161261743359228e-02,4.080739354748966763e-01,2.535697142195226239e-01,-4.347175926556970382e-01,-3.182234053457678180e-01,-5.174904551931618774e-02,-9.750987824260003156e-02,-4.318827275844965702e-02,3.118866784379185630e-01,-2.960129653729639543e-01,-1.996931104611248398e-01
2.030538046082313308e-01,2.332715717656155818e-01,2.357480818719578375e-01,2.842319323928792496e-01,3.953763431724389710e-01,8.706035189646625649e-02,2.107084471607465204e-01,-1.972482882318876973e-01,-4.029162512554392284e-01,1.416244764947474089e-01,4.021044493995756287e-03,-3.938037990801445676e-01,-6.377771133143318727e-02,5.234970692635410733e-02,2.673930801062199270e-01,1.746065832343658697e-01,2.623355555342820056e-01,-7.530294286511145241e-02
4.315624289974221428e-01,3.539954986256113045e-01,4.159085219114992960e-01,-1.540481059817980225e-01,5.876067575065058862e-02,-6.005636301828964213e-02,-1.484089998179577707e-01,-2.316525205484564198e-01,2.423132211344834752e-01,5.840999669824718799e-02,1.347483963410718022e-01,3.444375747197729321e-01,-3.446284232857626528e-01,8.834587692159916184e-02,5.881872169015321672e-02,-1.914054596744639569e-01,-1.061831597523449078e-01,1.792108714260081670e-01
-4.471435204418942877e-02,-1.718322173269613146e-02,6.304979164279618520e-02,-4.887956946616907848e-03,2.061502642507281602e-01,1.841092389349744673e-01,-9.054833324834236918e-02,-1.655675021102224753e-01,-1.975909495569419805e-01,2.351418660592807797e-01,3.442739591943246857e-01,3.488025360771542793e-01,2.451445874161547189e-01,-5.272003124974137256e-01,-1.252713234639651896e-01,3.199323618850475337e-01,-2.855970476473899677e-01,-9.760877185265132150e-02
