-5.056494800586802500e-03,8.855480651637851960e-03,1.405062922005874404e-02,3.111329343347812512e-02,-3.723225246316385489e-02,-1.249486030418599514e-01,3.802727365026238593e-02,-9.098574686927192456e-02,3.330628820442108062e-01,1.462024973257455840e-01,4.658365920220746692e-01,6.989610563957031619e-01,-1.300039868240726038e-01,-2.294592213546784998e-01,1.561877776903535520e-01,1.415126270392604857e-01,-5.917310140606153734e-03,-7.607929272160535161e-02,-5.812701063434867754e-02,-6.986955443440381885e-02,-6.633766377300341632e-02,2.435412564756581077e-02,-7.003683818413170697e-03,3.108662193234014090e-02,-6.992651824762488241e-03,-2.655076939529662974e-03,2.021172192679346336e-03,2.256665526211550608e-03,-3.963597048509976545e-03,2.161514969512101040e-03
-2.102278515382944614e-03,-4.748065952030014816e-03,2.565497986545320179e-03,3.915912047338459545e-01,4.206499780169005165e-01,-2.454266668517716132e-01,-7.721719110167140077e-01,-8.480348498442864813e-02,-1.506072883891824629e-02,7.190433489209710483e-02,-2.217009902181117653e-02,-7.103152719804383796e-04,-2.278123331257470192e-03,-3.631939107209443841e-03,-8.796498454846597703e-03,1.708750603940285568e-03,2.891205586246797191e-03,8.673474014191077811e-04,-4.484722277813412588e-04,1.049409104339640939e-03,9.914228238638844986e-04,-8.218973082416776606e-04,6.098606685746368883e-04,2.157166499472745004e-05,-7.620421321971781103e-04,4.148574813615092758e-04,-4.369028886684122399e-05,2.229420882521934569e-04,-1.003402556361101449e-04,1.548295163200747121e-04
-3.504768872875192731e-02,6.104954291745234157e-02,8.617744484242037539e-02,3.024052658793515147e-01,-3.381439903665675595e-01,-8.342310752477880564e-01,2.188844656901051400e-01,9.720399441495188031e-02,-1.173470851991898767e-01,-8.061814229769669049e-02,-1.340496376812734362e-02,-7.831180826694737751e-02,1.626507572326565260e-02,2.409936986584788193e-02,-1.429203967410771700e-02,-2.138012560963328118e-02,4.605900006029117755e-03,1.166832578243722982e-02,6.170326986658445333e-03,9.449421197362096667e-03,1.039582558527866671e-02,-5.365242497157752567e-03,1.217218347787255104e-03,-3.721286921755048889e-03,1.001355196199222664e-03,4.696958749215554064e-04,-3.221249762345919929e-04,-3.797023185771545022e-04,-2.952406648201476221e-05,-3.090291859686646199e-04
-5.202106639874574112e-01,8.468258246048959714e-01,7.070004942196206343e-02,-3.972986014427819929e-02,5.389019563276404440e-02,5.143152105318859330e-02,-1.015905291831419900e-02,-3.310893886477380300e-03,3.252959728703361687e-03,1.456499277280369877e-03,-3.419791969501534325e-03,-1.303400910944191738e-03,6.303707615480155368e-05,4.350304554246830872e-04,-2.036283226868035431e-04,-4.165047840046781630e-05,-1.294405302477286536e-04,8.435272080223439552e-07,1.539331347821320476e-04,1.461506640960098748e-04,-4.134890904187664255e-05,7.632253015750442321e-05,1.136442283620332372e-05,-4.410525155013635113e-05,3.729245610510575660e-06,8.531078191059348766e-06,-1.592114276898375512e-06,3.088420064307002735e-06,3.527808825023939500e-05,-2.590935809249625085e-06
-4.420962264433013424e-06,-2.954571584864683732e-06,-5.762252122218387417e-05,2.199080277032857875e-04,-7.113571130708353819e-04,-6.771561201975002204e-04,1.407817371079916804e-03,3.883424725474785184e-03,-6.438009580803234246e-03,-1.023437986070940267e-03,-3.021305638105438451e-02,-4.456942113191914717e-02,9.049485238917102589e-03,-4.063568817547620615e-02,2.411246877312614098e-02,2.166134801507189067e-01,2.207292891494570253e-01,-2.647335688762372241e-01,-2.112717623992497185e-01,1.172583050067937671e-01,-4.961158111082536459e-02,1.443121193753480191e-01,1.028037916482747727e-01,-6.514986886357356788e-01,2.906672777479520908e-01,4.586418504393018902e-01,4.516272595122441231e-04,-1.078835678017192740e-01,5.861665632405151094e-02,4.891215808309898327e-02
-4.243890090433648579e-05,2.981784473291978910e-05,-7.773213877942225695e-06,2.863959486791179971e-03,-3.085914094833559339e-03,-1.789582646943672960e-03,-1.389579277584233972e-03,1.667752916239845576e-02,-4.841474707718963766e-02,-2.671859462267245008e-02,-1.264331580922005149e-01,-8.701598728476450662e-02,-4.797794621028549089e-02,-2.981762694653379737e-03,9.031081831269781313e-02,2.056107305578347144e-01,-7.423385714625437004e-02,-2.403248967350307130e-01,-9.249312187777561367e-02,-2.114474502057303151e-03,-7.356553631480339250e-01,4.190805708667918461e-01,1.791665786201768751e-01,2.388379142814301692e-01,-1.436549906596127635e-01,-1.041070243461950373e-01,2.411750111158401932e-02,-1.733688301424492206e-02,3.776032625195607090e-02,9.365147301345558284e-02
-8.427579039248857566e-05,1.019165188314163922e-04,-1.477788415421979538e-04,3.108220893118405267e-03,-2.762357848836867122e-03,-5.921254689244316062e-04,4.717176173775884749e-05,2.018843410097344651e-02,-5.878621775616351547e-02,-2.105378175314186542e-02,-1.934027565149599170e-01,4.422269620892850528e-02,2.886448409496149003e-01,-4.142466176259615440e-02,6.296373650631785501e-02,2.606045566216232956e-01,-3.528487849447447533e-01,-1.527942946690155623e-01,-3.074180302760735617e-01,-5.969685547077282495e-01,2.097142972108847481e-01,-3.430710238057741585e-02,-3.358717810849698449e-02,2.564950910423063335e-01,1.780349173131311191e-01,2.351619778579993603e-01,3.669735494475496714e-04,-1.501793620027122708e-03,3.956317610488025577e-02,-6.212609282948525734e-03
-4.849391262294684333e-05,6.193292255053264677e-05,3.707529161742565538e-05,1.120875910848612373e-03,-1.307491772156908760e-03,-1.009382387617590877e-03,5.495724500376916993e-04,9.144019306461722077e-03,-1.550529768419856534e-02,-7.501203696654420473e-03,-6.134513312805772722e-02,-4.186090196190715707e-02,8.230756812649525633e-02,-3.985534627915481021e-02,3.779327797622331064e-02,3.430876754594593403e-01,3.218104080366896574e-02,3.014975575054842580e-02,-3.404021006597857373e-03,-3.411825390070111208e-01,-4.033042207485343367e-02,-9.473809174510246234e-02,-2.529247539348725704e-01,-5.219692859019605669e-01,-4.238546151350919278e-01,-4.685135681824314502e-01,3.950784458250411295e-03,2.562214625354840292e-02,-2.816805064387421786e-02,-2.428343097473079776e-02
-6.945750550718127276e-06,-1.845828042847287107e-05,-1.224923561860579758e-04,8.746373969176925557e-04,-1.233561263524662584e-03,-5.653854211552124384e-04,-6.097438189935044635e-04,1.015478029132793093e-02,-1.215508988878085186e-02,-1.103552772764324584e-02,-5.446120643462465383e-02,-7.719996139831433735e-02,5.218491544023323020e-02,-3.392714133917857922e-01,5.517793723697696218e-02,6.089772566421373934e-02,-7.480654273392479958e-02,-6.180836199754538018e-01,6.626168468847583037e-01,2.606045913208268269e-02,1.594829458263524735e-01,-5.965630878967155548e-03,-3.934339919077204512e-02,3.332221242149558532e-02,7.531079740230661734e-02,-6.152434074762957311e-02,-4.357309085797126530e-03,2.705354043953004176e-02,-1.666903348588103656e-02,1.179080335572989593e-02
2.406571966795148070e-06,-9.479873940330949732e-06,-4.501929359365252644e-05,1.840015950391976456e-04,-3.091136075131660954e-04,5.357771825081379734e-05,-4.210428175449536627e-04,3.366895626376846182e-03,-6.500732833304410235e-03,-4.044827442651729478e-03,-2.087164371295705673e-02,-1.328348453683465998e-02,-2.050756996107338474e-03,9.556987456482049070e-04,9.535782534510067743e-03,4.108938079238228652e-02,-2.736183274077767791e-02,-8.375178513879880104e-02,-5.407415382658550124e-02,4.130787343674192230e-02,-2.042064914529737596e-01,-1.861896452610156405e-01,2.992677217959405916e-02,-1.137238743700455176e-02,1.112995940620029323e-01,2.539684965910328496e-02,-6.940311959216725890e-02,1.190000730315086408e-01,-4.869822632271601504e-01,-7.991157173487177801e-01
-3.377978471398408928e-04,2.103270691752394102e-04,-5.609870676188551640e-03,4.749529867894213692e-03,-4.234293355089699916e-03,-1.212671628115327346e-03,-1.830383459701587570e-02,7.861078461497378322e-02,1.005267343755661680e-01,-1.216292332568579687e-02,-1.146557956991391958e-01,-5.971064141766004030e-02,2.888786491142110724e-01,-3.017153970734902380e-02,8.975840813927588036e-01,-1.514002506028052919e-01,1.713003693596323040e-01,1.389913979073246486e-01,3.469982914656412343e-02,4.400966107468833044e-02,-4.782672363630841549e-03,-2.456200765166871580e-02,3.009258114521821958e-02,9.021998769478912703e-04,5.767264717416723495e-03,5.254301996416153864e-03,-7.494594438287401419e-03,3.973041799344662582e-03,2.080857484181018822e-03,-5.778331966530081062e-03
6.831162205191136812e-05,5.046568854259233638e-04,-5.178223409824225798e-03,2.788898851958343181e-02,3.388782254317534992e-02,4.583396021297874269e-04,5.142118307790881360e-02,5.608398414005534294e-01,-1.639317416480549905e-02,8.096480067182019180e-01,-1.441684892507080484e-01,7.502417498356667505e-03,-4.279405229733303923e-02,-6.748602666365658212e-03,-4.437051608722377555e-02,-2.377833799744287491e-03,1.315037230444930649e-02,7.833148063787216675e-03,6.439258888466174550e-03,1.682730941350365399e-03,2.026832049105556106e-03,-2.840163875592387373e-03,6.144469007490054209e-03,4.157596920718409882e-03,-4.520432071631113810e-03,1.276763667553181989e-03,-2.291390382698306396e-04,1.479082645639637726e-03,-4.649099713471256212e-04,8.471532020518131724e-05
-2.443164682185973782e-03,3.098771097997596313e-03,-4.025318828757130929e-02,5.498138189464208542e-02,-4.076290699638902837e-02,8.853072010527207603e-02,-1.630014197216012040e-01,7.813534947350065929e-01,2.504763912972864381e-01,-5.177410837008122879e-01,8.270664248429238086e-02,6.076147211635711531e-02,-3.545324094983126617e-02,4.029674938476593871e-04,-7.451615415300150147e-02,1.592110735011291120e-02,-7.345734342236394203e-03,-1.317780860007590829e-02,-8.320541875187610625e-03,-5.950546433513418873e-03,4.003008489826596558e-03,1.536725815768403202e-03,-1.884009315746879671e-03,1.377939472162123535e-03,-1.751620047274438227e-03,1.655859513392021146e-03,7.395260503641162050e-04,-7.416798066469042997e-04,-1.637573669308054099e-03,1.897104209622341772e-03
-6.267088138239476636e-02,5.535723987474846369e-02,-9.862319290302674624e-01,1.056157537637999883e-01,-7.768144848481940701e-02,-2.503880683658683479e-02,2.215183426320365551e-02,-4.019229575643572944e-02,-7.160380694088211428e-03,1.936781679192714142e-02,-5.965178980167889361e-04,-1.063442400837512868e-03,-3.610203088793937786e-04,-5.161800953056620248e-05,-1.977368824375781362e-03,2.425247411511942744e-04,-5.153362701351126571e-04,-2.185990623900129816e-04,8.375954294442471235e-05,-9.922018555566568341e-05,-1.667528693362417113e-04,4.858583646656643873e-05,-8.394217779822475516e-05,-2.711350399922518318e-05,-2.152203391686628234e-05,-1.164245542968631920e-04,1.809329551370049982e-05,9.569262794677343810e-06,2.103038397796401504e-05,-5.176277332438475662e-05
7.770145860288398905e-07,2.512962134956406060e-06,-3.754237324003023254e-05,-1.557100345489151457e-05,3.546437409656298353e-05,-1.320831839837047385e-05,-2.980600616795016236e-04,1.534950119125105816e-03,-9.943429769002944379e-04,1.903756606871608676e-03,-4.187690983969145735e-03,-4.294891038261696228e-03,1.998947191602759750e-03,-1.232455662971799289e-04,1.138518131485498526e-02,2.348274652424578446e-02,2.080145320596937797e-02,-1.973871528007395404e-02,-2.592795833322736332e-02,3.882860734738159680e-02,3.579831011302149479e-02,1.565860330089488203e-02,-1.424628150849539809e-01,9.000073524825544236e-02,6.882010085876361094e-02,-1.393846857351767887e-01,1.305550337227458779e-01,-9.500907874042239243e-01,-1.232106269281137007e-01,-8.535146629218499925e-02
-5.968793585324433367e-06,1.518949627428032369e-05,-9.437152042579873684e-05,9.721995087808265852e-04,-8.549022638366899577e-04,-6.185107645552912143e-04,-1.852848077495855474e-03,9.016133744046483239e-03,-1.722801516011233935e-02,-2.280336010546674640e-03,-3.981674893521291309e-02,2.989315348818769036e-02,-3.435592556294262551e-02,3.202783927178568663e-02,6.949520910362659565e-02,-1.790313150552238011e-02,-2.960956458989884577e-01,4.733256665807779318e-02,4.866477757356544448e-02,2.169311016342676812e-01,-1.852503886095013264e-01,5.588513942261843365e-02,-8.200409591746338211e-01,-8.236567489504983616e-03,-7.392721404319925471e-02,3.353753397169612627e-01,-1.264284161256123695e-01,4.414921658667657345e-02,-3.591803290973850926e-02,5.739790495337875748e-02
-8.800236510130277610e-06,2.864290939059954452e-05,-1.700801536632223353e-04,1.087621508870645912e-03,-1.064637378716995920e-03,-6.154289027615227666e-04,-1.485759018386182458e-03,1.268451733953714251e-02,-2.155578049714241065e-02,1.642908666334618123e-04,-7.356902541913058757e-02,1.281215286962510413e-01,1.856078230413537034e-01,-2.190197134640682781e-03,5.683948017740721170e-02,-2.519871331939938647e-02,-6.791759759261716267e-01,-7.785681388453519203e-02,-1.976168107349260961e-01,4.735386756637340322e-01,1.544832019568856130e-01,1.156766717946187571e-03,2.688035034854239780e-01,-2.143825339352560810e-01,-1.066517292812870776e-01,-2.002441705887753887e-01,-3.340701377987268655e-02,-2.111123632686727827e-02,-8.909505792757313469e-02,7.439541094990953507e-02
-3.047050030337566996e-06,7.985273020108024208e-06,-2.917427977229591882e-05,2.736536150785841520e-04,-2.958371826967874066e-04,-5.726055976831160091e-04,-5.254660104544442087e-04,3.810995987530696287e-03,-2.409647549482020219e-03,-9.354368320298648122e-04,-7.896864376763705271e-03,1.616771312916433917e-02,2.024658592311304184e-02,-6.910417242088157108e-03,7.177407737838347943e-03,6.883553461097355330e-02,-9.642613047279256777e-02,3.988512757993392666e-02,3.841402035781703306e-02,1.149735699650661774e-01,-4.072167193834940087e-03,1.660885292187681481e-02,-3.175130658217949903e-02,-4.094330544325780821e-03,2.119402235603763326e-03,-4.104931992543421615e-02,7.152184830696482754e-02,-3.832348613001656384e-02,8.314710934304369028e-01,-5.175792108980395989e-01
1.000397887666177274e-06,1.602445172639106925e-05,-1.019334751737278541e-04,1.948110638729646453e-04,-1.627554472326099642e-04,-6.687376881298814771e-05,-1.038036211699412768e-03,6.031962726850999615e-03,-1.691084425154464402e-03,5.105327154102572498e-04,-1.171125505453959707e-02,-2.084288591852349534e-02,-1.270911148516346793e-03,-1.003599059774159669e-01,-7.625375212302136149e-03,-3.549779551187514509e-02,-2.171348351205582700e-02,8.521744817941881434e-02,-1.095967167526094993e-01,1.053731420302651996e-02,-6.815146662408565204e-02,1.624065348242022255e-01,-2.360358876915923942e-01,-5.925686786122762867e-02,7.538215019963205865e-01,-5.297339147664833492e-01,-2.312981843880161648e-02,1.509526125482789916e-01,1.370425808198106297e-02,7.430103120632601532e-02
5.589960911113677305e-08,6.231612277468512705e-07,-2.205156500988881998e-05,7.759973302149730183e-05,-9.836684988561410084e-05,-1.351647352315353036e-04,-2.901282815315465134e-04,1.626977524232792096e-03,-1.826569190529469481e-03,1.401685079784038650e-04,-7.193821003549931599e-03,3.715106919785705637e-03,4.693009279736959014e-03,8.599274398847200560e-03,1.508320616219622004e-02,-3.050732070987419620e-04,-5.481156747281524383e-02,-1.212390646297979886e-02,-7.820149042035470788e-03,4.973715154768695856e-02,-5.812258790976133904e-02,-1.101414549126487064e-01,-8.007813074289407695e-02,-1.737526034604170225e-02,2.437077274602753030e-02,4.760578105647976510e-02,9.709307105912574620e-01,1.425772671005608172e-01,-7.040275742857157737e-02,2.903832132564992952e-02
-7.048531201039672130e-03,-7.536554953117857204e-04,1.725652815200198059e-02,6.017899646998091379e-02,-5.908581375285096998e-02,-6.564483074209796765e-02,4.108821590738569174e-02,-1.827773029984342268e-01,8.645894621554627291e-01,6.713170560711580193e-02,-3.913412487406665030e-01,-1.525668064852779837e-01,-1.427019736772092845e-02,8.092322848264689450e-02,-1.284883478577042992e-01,-1.470037563705799480e-02,-2.888715572641184504e-02,-8.058708011346235947e-03,1.114114872838167444e-02,4.519139149810698711e-03,8.797151838726842768e-03,7.192526918424632654e-03,-3.711948706484306890e-03,-4.512109022794165251e-03,1.052052841891611482e-03,-4.567054885766435104e-04,1.948100623700726075e-04,-5.064734079056223796e-04,1.023647457203128146e-03,-8.013635298750078351e-04
-2.705483440479499943e-03,-1.437085758941665514e-02,2.119245498119206456e-02,5.734147256505289780e-01,5.807193916714409321e-01,1.294504792787688763e-01,5.536150237048838019e-01,2.669401029794723351e-02,8.374137029652365879e-03,-9.194286486132270675e-02,2.616362079633755694e-02,-1.207272085981710369e-03,4.705996728685213348e-03,2.312658137944633135e-03,9.301675316932461746e-03,-7.524818594634556396e-04,-2.848859882005610501e-03,-1.325815457783116038e-03,-7.679912417197898137e-05,-7.096034287030494620e-04,-1.181924820489489497e-03,7.520597847144938142e-04,-6.620723324896739086e-04,-4.742541823175760378e-04,7.795790763894938765e-04,-2.951533489809924173e-04,4.363021729227805712e-05,-2.524762641935743659e-04,7.963293992424076055e-05,-1.441534355184262818e-04
-4.912092177643779395e-02,-7.490404706566473338e-05,1.091488856886042164e-01,6.353548308077261453e-01,-5.952397527910258113e-01,4.421524864195894855e-01,-1.260788922906532217e-01,-8.238181495608423721e-02,-5.542311881169912496e-02,7.351217686027337883e-02,3.000804901398058597e-02,1.106784301213070741e-03,5.536999780938949706e-03,-3.761903551055210612e-03,8.945506670959295706e-03,8.061695749787307777e-04,9.418944473094212518e-04,-2.369243897613531398e-04,-6.144850164538416624e-04,-2.650676072326257427e-04,-1.214869346551361758e-03,-3.957040378516308242e-04,4.728989110484753194e-05,8.357797672620213142e-05,1.176551470782073039e-04,-7.360484176992570431e-05,-2.046236977609682900e-05,5.681149386735666660e-05,1.698698592514453684e-04,-1.302232972355530684e-04
-8.495403976048364614e-01,-5.251442422033497648e-01,1.941228329892763851e-02,-3.631694383800424669e-02,1.904496659574375639e-02,-1.956919807568245975e-02,2.904583138332141393e-03,5.693501356718063192e-03,-3.264934944618950487e-03,-2.958888361822449402e-03,1.402178876806835055e-03,8.622829613591964822e-04,-1.387312726229972943e-04,-3.084182781461055137e-04,3.209553196516269917e-04,5.125850972843335422e-05,1.081767381453296384e-04,4.364506196600145545e-05,-5.604356547502812924e-05,-2.963039065701505049e-05,2.235768066416766720e-06,-2.275714531483880829e-05,1.598338708701022411e-05,2.265638461912560550e-05,-5.481344118934142334e-06,4.699921860277676655e-06,-3.322886551865988811e-07,6.567794937588319319e-08,-1.311556914546145131e-05,1.143446861588251064e-05
-6.380448224242946365e-06,-5.588456544553404594e-05,4.136233153965612243e-05,6.054795840657660423e-04,-5.767137378220181824e-04,8.998315889688395441e-04,3.692448389218161257e-03,-1.733688557851341882e-03,-9.408987516937661680e-03,-8.016114350285303766e-03,-5.118549306221746586e-02,-5.558301084644249462e-02,6.163160417621243135e-03,-3.556971865600442456e-02,2.343453651761014112e-02,3.213412403071746470e-01,3.798535254440592035e-01,-3.076872240603612529e-01,-4.286088969719497599e-01,3.927329814478944803e-01,3.214007497474778985e-01,-9.628856067710859362e-03,-1.990246975602098789e-01,3.219026697130779047e-01,-1.538139952789687737e-01,-1.528501619774524367e-01,-7.698468702704869965e-03,1.352534827027165043e-01,-9.382105580486984828e-03,-4.016961135950035400e-03
-1.048809070392438698e-04,-2.121199050469326679e-04,7.834052916083739885e-04,1.012130503948877047e-02,-7.595707106353057590e-03,7.295098293898845225e-03,3.408248505639079658e-03,-7.375341619313033684e-03,-1.347864597786847252e-01,-9.805198400989086072e-02,-4.099667887442896563e-01,1.729836981401387253e-01,-8.010168718353599671e-01,7.098204380818076698e-02,2.646922939640461991e-01,3.365968907781162478e-02,-9.738950803330626016e-02,-1.433788796345216582e-02,-7.509036161428916424e-03,-8.230998703790926019e-02,1.829055449030156655e-01,2.770003256064562658e-02,4.644712807564530671e-02,-3.753186210529656230e-02,1.784500683932720155e-02,-2.274033329806023768e-02,1.111948454533424717e-02,4.742473816544710841e-03,-8.271282848418447936e-03,-2.685811191447497193e-02
-1.680609715097020182e-04,-1.624612318870489796e-04,8.917154141723408018e-04,1.101360876276337789e-02,-8.089597004672542321e-03,8.583031429878968874e-03,9.510009648547652905e-03,-4.441049520208986863e-03,-1.580007890864473241e-01,-1.044984990356585958e-01,-5.581941256508100579e-01,6.180773386630035171e-01,3.282134242670211033e-01,2.974678966453297296e-03,-2.028528967869534516e-01,-1.826746865602590641e-01,2.595129703240667829e-01,-6.142397320559946387e-04,7.853156072895768613e-02,5.344126244862548725e-02,-8.478201212061756142e-02,3.699314647535847933e-02,-3.422332893753367300e-02,-2.410792227396318238e-02,-2.547616802385730198e-02,-2.082802248001575096e-02,4.762668173893427719e-03,2.129108209832120645e-03,-7.973095677700488029e-06,-1.011789392926979239e-02
-7.149509389010308196e-05,-1.202491293316250503e-05,3.666742149024806779e-04,2.961601532520789087e-03,-2.722207802516387904e-03,3.128714612307751915e-04,3.871279925957915417e-03,-2.799600921554957957e-04,-2.348179436008824075e-02,-2.609501491129865083e-02,-1.111799236200352176e-01,3.482879177025792472e-02,5.550263588335013765e-02,-8.772962372856908664e-02,-1.597101390692536385e-02,7.072585425161416195e-01,-1.109571220609226021e-02,4.965640276092485594e-01,3.252278429417950756e-01,2.180934570932304972e-01,5.896815225919218792e-03,-5.474675045723012556e-02,1.282258877843115707e-01,1.143610254957082989e-01,1.397050258661916289e-01,1.053194204474233037e-01,-1.207126792465172162e-02,-4.040588472676853726e-03,-8.098909194393483224e-02,6.320836310802509239e-02
-1.636295114090902144e-05,-1.505055507107324383e-04,2.510336208277314071e-04,2.502984862624989867e-03,-2.403637726581518610e-03,4.123374223930590179e-03,5.125465777603631715e-03,-2.676913119007677793e-03,-1.419774935509722849e-02,-4.073104370863849660e-02,-1.401295830021354882e-01,-1.444672168935948742e-01,-8.647064441054298778e-02,-8.905527724993432814e-01,-8.429476937941694781e-02,-1.708570812314760545e-01,-6.348833754682946251e-04,2.171668498753458187e-01,-2.169325260206657058e-01,8.507405813475754641e-03,-5.638711908522734545e-02,-4.178520435106762576e-02,1.885596639260354521e-02,-1.683202518139512974e-04,-1.180898708486730897e-01,7.910538795901761455e-02,6.868018969321851123e-03,-2.724217851513187696e-02,6.873841977733521208e-03,-9.804924009247107872e-03
-2.107742209463761833e-06,-5.105934323091225908e-05,2.900977716421710155e-05,9.452433912087593055e-04,-8.102553979381271797e-04,9.442189677513869797e-04,6.890251970741833720e-04,2.731864127487972408e-04,-1.451238168438962611e-02,-1.305759837297708337e-02,-6.166224698985430658e-02,1.296846631786116068e-02,-6.939687251593534834e-02,2.901492828522617487e-02,2.347938020091942454e-02,3.496017151202072265e-02,-1.801037510560596962e-03,-1.643524051277487075e-01,-8.394753281648138776e-02,6.323505948125954235e-02,-3.525850708716009030e-01,-8.415925367589602857e-01,2.979263888554877296e-02,3.682668194776333309e-02,1.298001204128395869e-01,-3.602112617269862677e-02,-1.077290326352085964e-01,-6.127628423562742066e-02,1.663297878189194390e-01,2.326882516447393856e-01
