5.017696227836295278e-03,8.781816486862319138e-03,1.240320551477297473e-02,5.389714953284436422e-02,-2.377762663486943789e-02,-1.333018663745825505e-01,6.797061957568659163e-02,4.623519764103543872e-02,-3.415031877981081765e-01,-1.746137945784259904e-01,-3.754452908464696592e-01,7.214371629238688355e-01,2.860423154057642470e-01,4.818614524993092979e-02,-1.914463170606620634e-01,-1.368156053533365335e-01,-2.783157012699939356e-02,5.913268219290151312e-02,7.682119019511539360e-02,8.696301656544531966e-02,6.986476792065586527e-02,1.447603227048781943e-02,-9.218386589439733422e-03,2.482095350433621145e-02,-7.373907055012675696e-03,-9.173191270393597080e-03,-1.766530687190094422e-03,-4.442024596172771018e-03,7.924640836262927335e-04,-2.674576209274659764e-05
2.318612880436217265e-03,-7.535883953739695891e-03,1.759076805763046822e-03,1.833086057101449839e-01,5.415700862259412718e-01,-3.864461379392157836e-01,-7.193411396976115979e-01,3.408354149945364009e-02,2.129185907556898141e-02,-6.626213861059469801e-02,1.359870640460734623e-02,-9.966311791644545323e-04,2.416409268012645502e-03,2.050381952517921300e-03,4.480349632521717952e-03,-3.898935122146399840e-03,1.133339750989471265e-03,-2.527882443385169142e-04,1.006516560856903289e-03,-1.165703163595153838e-03,-6.303772326847064626e-04,-4.276234571936740549e-04,4.300483114731291218e-04,3.537566282348454313e-04,-4.076243797976328363e-04,-7.064453666071615016e-04,-5.853324211868517115e-05,-1.408062970903474877e-04,-4.254057307034684189e-05,-6.870858050317240750e-05
3.447148149619483348e-02,5.839519764136735097e-02,7.245113823523419150e-02,4.434550620455320891e-01,-1.936375445619890334e-01,-7.588295782269300904e-01,3.637155760771685342e-01,-8.165454954009060407e-02,1.287865556252808519e-01,1.221685763588536561e-01,2.039963380895376890e-02,-8.253522596487557206e-02,-3.003841436538581822e-02,-2.859037472940086002e-03,2.405892508691689566e-02,2.009388734537026489e-02,1.011085072585591119e-02,-9.580265708208567446e-03,-9.448708585944060739e-03,-1.180092269015964139e-02,-1.162567607337988695e-02,-4.525376064729664562e-03,2.005545533340459975e-03,-3.089834542810912174e-03,5.931246639598226639e-04,1.060788194450228063e-03,-2.335975826995842692e-04,3.664396166230979930e-04,1.425028646567549701e-05,-2.382553036071086394e-05
5.182735624696387378e-01,8.504787719339563790e-01,4.462840818835524942e-02,-5.026533908271180184e-02,3.381850091891809573e-02,4.513327379468242556e-02,-1.833324417075541529e-02,3.137405647049568234e-03,-3.869334165226848143e-03,-3.452648677722318371e-03,2.102735832132181411e-03,-1.334841095440938812e-03,-4.372877492901975586e-04,-1.871129246144878861e-04,7.319531751828363127e-05,5.474618412712279009e-05,-1.917180467106579752e-04,4.402433396348232015e-05,-1.176000097942770420e-04,-1.393968569813369598e-04,6.160340344399286693e-05,1.020531501440583667e-04,-8.246220168692331088e-06,-2.468080189788467052e-05,3.187285628529338589e-05,-4.641919980335366527e-07,2.522645642713576013e-05,1.747970437392645435e-05,-4.802441072178723826e-06,-1.451449880715766854e-06
3.375309670463750784e-06,-1.344376736383694417e-05,-6.864440069155886015e-05,5.292319519608772215e-04,-5.131443346058720814e-04,6.035886532598106749e-04,1.154857506145165079e-03,-3.842214808601551214e-03,6.552956503694314962e-03,5.809287595138250097e-03,2.990713251898013611e-02,-4.542711892865761159e-02,-8.849548456760987156e-03,1.620948009330350909e-02,-2.953531397099163833e-02,-2.413694488431717133e-01,9.548828658766639332e-02,1.778287910474911360e-01,3.533084116271960617e-01,-8.725303887296798067e-02,1.454100897932070723e-02,1.171643710261531385e-01,2.648700360482660332e-01,-6.796310402525259642e-01,3.816476694015724092e-01,-2.395628285960651194e-01,2.832629706015049598e-02,-6.789577274169444898e-02,2.636440871140207157e-02,9.564836356015010699e-02
3.577801041319332668e-05,-2.474582703921480992e-05,-8.827136221669866078e-05,3.126886620381089110e-03,-1.367112915922233645e-03,2.293500374192914467e-03,-2.074384255594612179e-03,-1.243730044110621241e-02,5.249276359089103533e-02,3.735649176916597258e-02,1.148787587701417812e-01,-1.098928753800718222e-01,7.211911347330980659e-02,-1.672570828539862720e-02,-9.755481168722450469e-02,-9.749327049916185761e-02,-1.519863908035011812e-01,1.807202820209601601e-01,2.333847237552564846e-01,-5.421505778991912022e-02,7.949337655156212268e-01,3.310178481390009808e-01,2.267091997002749007e-02,2.747416576067139848e-01,-5.967377025682054498e-02,-2.264239041175234585e-02,7.998199874332337367e-02,-6.309684504438624331e-02,-1.557977616192493010e-02,2.334927747937964176e-02
7.455467563746993984e-05,5.714660474255487245e-05,-2.795223605349338148e-04,3.219453897090879171e-03,-9.238357445638760695e-04,3.737504882152353769e-03,-2.980153532415667685e-03,-1.934088139965696104e-02,6.637743894529711530e-02,4.305283169894639356e-02,2.058430645367636258e-01,5.715411448447703380e-02,-2.224644062297916058e-01,9.388935659980406079e-02,-1.642138631611820832e-01,-1.188577507282961437e-01,-4.263610848629882377e-01,-1.943983753360683381e-02,2.666076664856094069e-01,6.556508760683834591e-01,-1.735912648349555443e-01,-8.209019929126315507e-02,-1.977321904194109803e-02,2.099500638549475218e-01,2.740282508020573937e-01,-8.833127256533195026e-02,2.558920862113080522e-02,4.018695971600374806e-05,1.379563380748229269e-02,-9.703587184791218415e-03
4.551535051637000529e-05,4.188226586378209008e-05,-1.328421996089104244e-05,1.490303806656858394e-03,-7.341376069172380866e-04,7.193221695043274530e-04,-5.300136837325899368e-04,-8.769333186738132585e-03,1.797465788601647352e-02,1.698243656332564661e-02,6.095431032351290163e-02,-5.201982961420296286e-02,-5.737888501676306763e-02,5.251629893067361748e-02,-7.897622371223346482e-02,-2.976388810062868817e-01,-4.443008635099539305e-02,9.903694299828242524e-05,-7.817918916421180350e-03,3.370064005096052306e-01,4.199277468954009523e-02,8.563044380151527135e-02,-1.811149539243446793e-01,-4.530617901238777612e-01,-7.036586192958262931e-01,1.781803123228627161e-01,-2.994338695327620689e-02,3.128731287224600227e-02,-2.097638858643693580e-02,6.234338001199718135e-03
4.112554621293572140e-06,-3.273072794696050934e-05,-1.232027974243998314e-04,1.116216217099074131e-03,-7.418516797362450154e-04,9.856109647426334816e-04,-9.606310361146673396e-04,-8.511440442330408737e-03,1.470355803156149499e-02,1.492572337824673093e-02,5.940907499080275156e-02,-3.959407033336543452e-02,6.071800230231037127e-02,3.315331934148748605e-01,-5.432192525328955607e-02,-1.700954998143416191e-02,-1.472181922946504407e-01,8.383240745687896567e-01,-3.391596522143891512e-01,-4.096794388745058496e-02,-1.488326385933207152e-01,-3.757736386103782428e-03,2.086922088338691653e-02,2.892917030343740079e-02,2.905942691373699857e-02,1.078468267705645078e-01,1.715785541905771395e-03,-4.883483791821237145e-03,4.709120364229816760e-05,-2.094388560799184326e-02
-3.214604923424669567e-06,-1.800338566562080427e-05,-4.737719272663992178e-05,1.783938751301082160e-04,-1.337675854574444821e-04,7.139793909506565077e-04,-4.708442661472480597e-04,-2.645985778049464703e-03,7.136797901196803226e-03,4.864314494337347757e-03,1.968280267504133457e-02,-1.480408931193748570e-02,7.277337507254886574e-03,-8.425618886516778776e-04,-2.101213723642723560e-02,-2.058296839501659245e-02,-4.005356796109509065e-02,4.322467394234172366e-02,8.131015165645090470e-02,-3.092609742788146251e-02,1.799372373215639975e-01,-2.165609352148400446e-01,5.654223481490140008e-02,-4.314817240187223540e-02,6.409909644806228990e-02,4.912616265736195753e-02,-6.987959837265994567e-01,6.122070437775066765e-01,5.832878751186414829e-02,-1.731454093358151813e-01
3.213221442746107292e-04,-1.399302790694331848e-05,-5.560849349885951462e-03,6.024942955972197381e-03,-1.538041271375340142e-03,1.104358190416599968e-03,-1.610980862831093083e-02,-1.011488187793066623e-01,-8.755257733673130205e-02,4.967311168136923083e-02,9.537563250438270412e-02,-8.778655041794133917e-02,-1.612124773431961311e-01,1.389965833449592625e-01,-8.718199294077229045e-01,1.470061099987849951e-01,3.427936138900993801e-01,-8.294046359425982784e-02,-8.980360742260178053e-02,-3.961205561456900004e-02,1.281762549290775023e-02,-6.634310410218972540e-03,1.738876753220163981e-02,9.322246232738173530e-03,1.866084682654347432e-02,-1.995448212092498438e-02,-4.272215696037646136e-03,-4.496359535852050351e-03,8.535932026997185285e-03,-6.051008483809227137e-03
-8.720568723659565045e-05,-2.234115240445477661e-04,-4.371735719647909697e-03,5.063569132225480968e-03,4.367187465126875362e-02,9.640190151999660992e-03,7.036803953788163535e-02,-6.640208533862398399e-01,1.452080847842197597e-01,-7.215426921407436245e-01,9.428151567858993054e-02,-1.736255355190689798e-02,1.620704169085528459e-02,-4.674376349036199300e-04,2.783695305955080981e-02,-7.215338457644559361e-03,-2.077327365535740038e-03,-4.242877211256245937e-03,-1.551761776992044732e-03,-5.047787238873218708e-03,-1.587096148001429768e-03,-4.542373470456788917e-04,4.080231261596374039e-04,3.541055185118670377e-03,-3.241249382602489487e-03,-3.703634200385751748e-03,-5.275708547346363728e-05,-4.743329204018028938e-04,-1.772201151514070871e-04,3.736321011153624378e-05
2.308881913805783254e-03,1.042092526643767329e-03,-4.067749297923403673e-02,5.472479010191801801e-02,-1.372251550611158256e-02,9.153584316974339163e-02,-1.430584101610025971e-01,-7.260309102417397131e-01,-2.186722104385530607e-01,6.032954124626748182e-01,-8.790700733980620629e-02,7.100209158580940427e-02,5.461659386492878632e-02,-2.206500720692503720e-02,1.014995697439858569e-01,-1.409598717364760057e-02,-1.923221313800005036e-02,6.720756026462078661e-03,1.100264613217180609e-02,8.069845852675547326e-03,-5.317087697905059120e-03,-3.794813036101961877e-03,2.904913562426645040e-03,6.290931587448266938e-04,-3.381638969536416173e-03,-1.392573050331829014e-03,-1.515846198024817357e-04,-1.045274372053356556e-03,-6.534902053031197257e-04,4.859209480280362106e-04
5.961305306176997026e-02,2.398507188630581016e-02,-9.907436908004841891e-01,1.055996951415055229e-01,-2.056051629466743372e-02,-1.841411988569708474e-02,2.291947695230726889e-02,3.544558096124265922e-02,6.248188382558149227e-03,-2.356925769459729259e-02,2.128453212558222528e-03,-1.306406245408800893e-03,-8.771288386903949331e-04,4.952864536886181690e-05,6.704846057537644771e-04,-2.756554033952692581e-04,-9.485820783282510093e-04,1.483945668260839971e-04,2.796039176874872523e-05,-6.213959699656508042e-05,1.809454842592764061e-04,1.499602452608835501e-04,-2.086428169026346340e-04,-5.563920608131925978e-05,-3.281384523767238033e-05,1.424305355643706058e-04,1.500454067306669974e-06,5.524373128677480764e-05,-2.116588030524562780e-05,1.291840283433086522e-05
-8.893505035165548152e-07,-1.444884669712635395e-06,-3.585600632873852837e-05,-2.986481007023066933e-05,3.935193219894686956e-05,7.282394279835192484e-05,-2.626799338996269398e-04,-1.798216246428038399e-03,6.646073460347365651e-04,1.368344455619238372e-03,2.748687745308677714e-03,-5.354565892989516032e-03,-1.130274187539139288e-03,2.160803353705700240e-04,-1.416693624412105647e-02,-2.475268652640636238e-02,1.139537783554637682e-02,1.859278410705792958e-02,5.210251466686392080e-02,-4.416899375584978915e-02,-4.271032124182502776e-02,3.639149998419922635e-03,-1.831003654807200065e-01,7.115027041194377233e-02,3.800468019140134518e-02,1.389342370088084144e-01,-1.157561752557055706e-01,1.235089880614410052e-01,1.843256301819626297e-01,9.328450083948589544e-01
3.870527510237276472e-06,-4.943719174679697441e-06,-9.252178932911533839e-05,6.743500781732750292e-04,-2.491818427799774366e-04,3.708051356891374820e-04,-1.984851556268017042e-03,-7.238966509007329665e-03,1.874860922636758728e-02,1.281653079961184855e-02,4.100212859006275440e-02,2.744222248155331334e-02,3.133590324487996875e-02,-2.909209832008468818e-02,-8.002248237764292282e-02,8.960470201060838358e-02,-2.383741338462878612e-01,-5.142712286446489596e-03,-4.052746684427199764e-02,-1.970807607142671114e-01,5.021409113301986832e-02,8.534090256217147577e-03,-8.367819074635748366e-01,-2.053431455799364924e-01,1.735980598489149374e-01,-2.490479071835418889e-01,-9.353207552705807004e-02,-1.193003318009363406e-01,7.901572750730044559e-02,-1.305779492749517268e-01
6.240850756760709621e-06,5.676157065994351849e-06,-1.868667216941711628e-04,7.496189174827800348e-04,-2.476782338602387195e-04,1.542484222476889666e-04,-2.240251843929618857e-03,-1.262988264245954936e-02,2.589338490178710525e-02,2.030794875149034492e-02,1.045915970901523800e-01,1.716877597259928723e-01,-1.616988873668211701e-01,4.608327175959293920e-02,-1.739074299495124432e-01,1.713214414385111906e-01,-6.430848498261113599e-01,-1.418951997087185835e-01,1.179364828874802512e-01,-4.830238758528379028e-01,-1.587224953651616977e-01,7.701063720084180830e-02,2.821305869794889509e-01,-9.262217348856537080e-02,-2.167051526678448470e-01,1.142171047211566204e-01,-5.368612384059991138e-02,-7.279625902964249884e-02,3.746848118179264137e-02,2.579303508626398789e-02
3.168133253709974574e-06,3.059809783107335096e-06,-3.376799651074253230e-05,2.943762509746836371e-04,-1.735630307030541991e-04,-4.291369095944836559e-04,-2.924998484037513789e-04,-3.677121643290950231e-03,3.352041879452901177e-03,4.888867138572071218e-03,1.186032521263048409e-02,1.672927095247503729e-02,-1.452189541622135593e-02,1.331601175994556220e-02,-3.907388252457380529e-02,-6.077244343887652778e-02,-9.829989377917459914e-02,-3.575674454860561235e-02,-4.474496168410405095e-02,-1.143617341303257706e-01,-2.026922816392310450e-02,3.838034059940036158e-02,-8.843348265162241650e-02,-4.433569837833585547e-02,2.678631421642260063e-02,-8.648990570875117467e-02,6.222333567216830064e-01,7.408045002436883797e-01,-1.097018637088926774e-01,-5.642012772127050733e-03
-1.986172514117323557e-06,8.210921345943822822e-06,-9.054776686191812250e-05,5.133249495807303789e-05,-2.842322207753331605e-05,4.535929381791783504e-05,-9.478647500395485665e-04,-5.481164338573834942e-03,4.811324576275716343e-04,7.100836746522803554e-04,1.116192919232180530e-02,-1.285268679541994887e-04,4.089613878293781729e-02,9.651198934018166697e-02,5.424996387415332959e-03,2.084617062691875716e-02,1.688432593296313941e-02,-1.135642725587154983e-01,8.309343145382097617e-02,8.195218725919032124e-03,5.355023930569013935e-02,1.207347016738066769e-01,-1.416063265526310844e-01,-1.436372752552395327e-01,3.590947488656655029e-01,8.674374421960115988e-01,8.696141742879892611e-02,-1.658434670387194665e-02,-2.944172109846232913e-02,-1.414554147324398603e-01
-2.815950536754782640e-07,-2.188211513029728541e-06,-1.967287097867263533e-05,4.103421811606157606e-05,-2.653973351286052597e-05,6.346912430392451948e-05,-2.783755448634365180e-04,-1.406446197246085132e-03,1.945268778132766118e-03,1.590512666102010444e-03,6.670870292577926915e-03,2.840114521198401198e-03,-3.107911190794579882e-03,-1.829263925702236896e-03,-2.519075580606286793e-02,1.397708643911829696e-02,-4.706274419466106862e-02,6.387950345418074230e-03,1.669739612571088244e-02,-3.303863703863448714e-02,2.574489398287081732e-02,-1.148856359937035637e-01,-5.569688856562110546e-02,-2.729743337868164449e-02,3.527524148940276022e-02,-6.688981221404675069e-03,-1.211944216751456582e-01,-5.373983553361074555e-02,-9.638665178766639974e-01,1.727930752509901358e-01
7.002171849611018434e-03,-6.646088914315255100e-04,1.473587364391543662e-02,9.259909320502233976e-02,-2.971611628755828002e-02,-5.896558323445201533e-02,3.397858486646920806e-02,6.030149737772706048e-02,-8.500195688832782315e-01,-1.627287077363147316e-01,4.153290564308036448e-01,-1.932859675633204211e-01,-4.082166369275019163e-02,-6.608735761603964920e-02,1.201200040625229754e-01,2.661146179149982346e-02,-4.061427894070643307e-02,3.837042183091189489e-03,-1.053889941781838493e-02,-6.961247644904649916e-03,-7.898183727923576911e-03,4.654578725418159930e-03,-2.998836740317238885e-03,-4.574680629304404833e-03,1.845138700422185168e-03,3.685115481618170350e-03,1.661747364331470685e-03,2.616227131235202442e-03,-8.745367501190386920e-04,6.102606927418937439e-04
3.107410976180308582e-03,-1.743467904468709237e-02,1.979082409849800689e-02,2.816887796149366019e-01,7.680615222678561782e-01,2.278947531372682578e-01,5.194737332754519876e-01,1.024202810676666693e-02,-1.573746087006264865e-02,8.694677521107015139e-02,-1.687315660720022439e-02,1.264490544115086379e-03,-1.961561787257694051e-03,-4.500820192114374859e-04,-5.054710977752658804e-03,2.634770672440779529e-03,-7.235518280684766473e-04,4.910305075371400752e-04,-5.998681649309967404e-04,8.701609170442537160e-04,6.440580421787798701e-04,3.533483753338415544e-04,-2.095327443655723668e-04,-6.645533311302323021e-04,4.244041788038139021e-04,6.245359078734662476e-04,3.684781931339030080e-06,1.346848659072434097e-04,3.051105041585841136e-05,3.482734989540612317e-05
4.816626964488632257e-02,-3.129412910700158333e-03,8.685966146842133417e-02,8.124382833870298359e-01,-2.723097249529628505e-01,4.353122646183764655e-01,-2.190396741941607328e-01,7.238156737935912133e-02,5.881251326226578924e-02,-8.785205581360214233e-02,-4.125897796627478464e-02,8.375552194988337626e-03,-6.769161243959635581e-03,6.583191640202826905e-03,-1.250085449303278695e-02,-1.960982672496134737e-03,4.033130244443414408e-04,3.100354595361520327e-04,1.134934688694008058e-03,-2.590728890163152107e-04,1.402676229103585765e-03,5.654485535964037151e-04,-4.630989976199855938e-04,1.519817299538977898e-04,2.062647043707823520e-04,5.517003959850299969e-05,-9.567520863956181212e-05,2.833820609204184054e-06,5.567420153698401019e-05,-7.735922779175921269e-05
8.510204470052004089e-01,-5.217769580053303047e-01,3.421136299059156227e-02,-4.349204908890939858e-02,2.484419006582498190e-04,-1.885954526125673339e-02,7.009398304553949785e-03,-4.142235696134477507e-03,2.964022213729432774e-03,4.245971021999589944e-03,-1.074378039635497106e-03,8.477285823209440270e-04,4.705264895592025038e-04,1.312757445150978261e-04,-1.363172164951856867e-04,-7.168522371514002972e-05,1.861188529505960402e-04,-3.092139555180543914e-05,3.745413138195045530e-05,6.694981069681321391e-05,-1.327707990325049809e-05,-4.768381264223980670e-05,3.337552037618363615e-05,1.828685382717200073e-05,-1.503057068665404274e-05,-1.934368969434854227e-05,-4.205991516407015615e-06,-1.564217312059303639e-05,2.938893229135967252e-06,2.524778330157804578e-07
4.499059733077506253e-06,-6.949710521109773011e-05,-2.265851663532391840e-06,7.682613221252423963e-04,-3.074269227378168944e-04,3.158111503485286787e-03,2.401744421402038192e-03,2.310631362761286778e-03,7.413845141939301962e-03,1.262484622852444102e-02,5.266112499536697994e-02,-6.176976545155393739e-02,8.688169260514036485e-03,-1.087800123063212797e-02,-4.242892338279093123e-02,-3.942279717378548431e-01,2.178095191740136161e-01,1.615431512139145764e-01,5.719514830683223305e-01,-3.121483730066607065e-01,-3.671874364437738292e-01,-1.277243401731649290e-02,-1.913506172203173761e-01,3.363618246760209929e-01,-1.634042918794775257e-01,6.840283754286759221e-02,-1.326103942667481925e-02,-3.351452894037894054e-03,-3.033707159154036201e-02,-1.429396882744782549e-01
8.676683676029056224e-05,-2.615259127450672181e-04,4.224731989670281072e-04,9.350425996966596834e-03,-2.936540181915190013e-03,1.914709742669152420e-02,-4.717680170620760713e-03,1.694375930000008301e-02,1.472023675294331646e-01,7.236329565048621459e-02,3.714941871712945098e-01,-3.068813777999028838e-02,7.719523058480125544e-01,-3.794698356589666366e-01,-1.944262060721539953e-01,5.674864919279239139e-02,-7.380118216355906202e-02,-2.938420552961219095e-03,-2.962018906588049019e-02,8.598241722076907512e-02,-1.714243639185190071e-01,4.023420084506797861e-02,7.581897605478658819e-02,-2.842038436543624022e-02,-6.955555496389506306e-03,2.187135730398313133e-02,-8.702497813264460993e-03,2.161631853742492990e-02,-4.915468012841150980e-03,7.909692498956517881e-03
1.470103725059370293e-04,-1.673667756767314334e-04,4.034354692668853351e-04,1.011641732358034562e-02,-2.345431396970266372e-03,2.155680420360959332e-02,-2.673663069258473690e-03,7.757902960613032375e-03,1.780678709747071931e-01,9.608415918965168556e-02,6.315871332558987694e-01,6.018982808939812301e-01,-2.390939797870746675e-01,-6.189883277167591152e-03,1.687503312877433048e-01,7.376402469995338440e-02,2.993813488759206609e-01,6.087944477449172553e-02,-4.171457145108058845e-02,-4.647943868859250038e-02,7.890244404419537172e-02,1.824770560126584215e-02,-3.188513952443346178e-02,-2.149969456986847854e-02,-2.472413098772192550e-02,1.444794357325496562e-03,2.479106771635754009e-03,1.208281311338831911e-02,-8.593876208388195881e-03,9.502589870865859115e-04
6.982487491039323952e-05,-2.629414492468075558e-05,2.487332910622627302e-04,3.459028762565246468e-03,-1.489086393461551677e-03,3.634212914490913496e-03,1.685833956810386643e-03,9.021274546370679193e-05,2.776944846382331522e-02,3.194881048153461883e-02,1.289433095223390946e-01,6.900583667999323455e-03,1.119608151974061175e-02,6.650555523854501105e-02,-5.459431518922637505e-02,-7.552888424280211899e-01,-1.005822137319933030e-01,-2.739421235058652204e-01,-4.712437022870407666e-01,-1.815399935168296452e-01,5.072995247113042117e-02,-6.068753727644347895e-02,6.476200079464847215e-02,9.812397824432601834e-02,1.771385464104360818e-01,-1.332558781504367129e-02,-6.100945640643851836e-02,-8.774991998095683920e-02,1.491172146798412472e-02,6.790673624700887048e-03
7.980930480491023866e-06,-1.441314537296485045e-04,2.068646572839918994e-04,2.697394195610366106e-03,-1.300415641889843656e-03,8.267523307471911359e-03,1.295900029211128962e-03,1.340727402849821101e-02,1.357370266713721352e-02,2.542748276498174587e-02,1.487220953126535683e-01,-4.994957402155351250e-02,3.725524910621361152e-01,8.303623755949646190e-01,1.348689570028637763e-01,1.006015452693029000e-01,4.981309177910812208e-02,-2.741486162800326198e-01,1.327424615710691980e-01,-9.839679373734878595e-03,1.277904833794285544e-02,-1.691616410055969688e-02,-1.760429309682069688e-03,4.539688564914566571e-03,-5.522283671606761923e-02,-1.349435578576167749e-01,-1.123033715324994394e-02,3.452504297373325953e-03,7.977708241564221989e-04,2.150488871493075327e-02
-1.862322818242664849e-07,-5.362421172085584037e-05,-1.133527669702571400e-06,8.376529864457879374e-04,-2.481242952057795921e-04,2.900451117393499940e-03,-5.019808625914604604e-04,9.513368976316889224e-04,1.568091239368082576e-02,8.679586428862707051e-03,5.263171326344553980e-02,-1.426060185863563777e-02,5.849911594483155758e-02,-2.954412058192967469e-02,-4.145685023187428708e-02,-1.066026258101395244e-02,-5.047686005961543598e-02,7.349964928830257649e-02,1.293906615875664579e-01,-7.459636845335831934e-02,2.636501120985156876e-01,-8.798040686130923493e-01,1.464511595461441031e-02,-8.137164197841428859e-02,-6.272498257751971118e-02,1.004768441559825004e-01,2.536639752329342690e-01,-1.431200268114245222e-01,1.007484584140080630e-01,2.999265222911845150e-02
