5.062370826341187381e-03,-1.012296164982457586e-02,-8.403303507980170936e-03,-2.345868216970535200e-02,-3.637624800045970164e-02,-1.361173269141272568e-01,1.470157707017009582e-02,1.658696265066946229e-01,-3.180188539186160623e-01,-1.205894495761070939e-01,4.128372030843036056e-01,7.140813981063007798e-01,2.980970812359392541e-01,-9.575189276234627456e-02,-1.125231717311755142e-01,-1.638425614181164558e-01,9.148343455402747904e-02,5.374821141436041810e-02,-1.369294722859691268e-02,-4.485397174806015491e-02,-5.438370704138448947e-02,3.700661598028665705e-02,-1.663220469085678610e-02,-5.009807698892143613e-03,1.812329053870256022e-03,7.321203375750223556e-05,3.736157006743508029e-03,1.782958907306385907e-03,1.616382112886210120e-03,-9.405192319068215578e-04
2.065664792818948121e-03,1.090812649837398550e-03,-1.592265490740654363e-02,-4.427431904625808157e-01,3.963994600286430692e-01,-7.245127359543299117e-02,-7.927987401526820355e-01,3.909313292800481107e-03,-8.766637549724398681e-03,-1.080393677607311559e-01,-3.094424649456048795e-02,2.227372420544884973e-03,1.930999958709661655e-03,-5.661107890633874234e-03,5.431659080527323664e-03,-1.136014732753149251e-03,-3.443852109200386431e-03,3.112194414634568852e-04,-8.134947850700015217e-04,-1.058439644709915114e-04,-2.331540264627755853e-04,-4.077827797464194303e-04,-4.326851290941590637e-04,5.457743864842384482e-04,-3.213574096489925499e-04,-7.253476058521312600e-04,4.506886574781113208e-04,1.149427107897896819e-04,-1.298559650082656888e-04,1.759587492883158398e-05
3.501322623355278274e-02,-7.018524525773359168e-02,-3.706267126406453949e-02,-2.532534722060378884e-01,-3.387981822431845313e-01,-8.783325289596786156e-01,4.206548589241770192e-02,-1.298677014670182039e-01,1.002381426673285003e-01,6.656589287773437280e-02,-3.884320095051930436e-03,-8.054064140832702112e-02,-3.676892447293347160e-02,9.019209102487959345e-03,5.463087845208212598e-03,2.248704564556566407e-02,-1.646141567593908256e-02,-6.671690785315682361e-03,-3.622718605905209392e-04,6.264561649557388000e-03,9.202593171260698562e-03,-7.262103710625634513e-03,1.991253746439402596e-03,1.641063622195565582e-03,-8.475671945710070094e-04,-5.780922381483917342e-04,2.722883497003417491e-05,-5.628817225616570934e-04,8.921811653570895135e-05,2.266362331410625027e-04
5.098200813017552679e-01,-8.555636713710280672e-01,2.757730151949355779e-02,3.374131189211636989e-02,5.498722841509162684e-02,5.569974516182213398e-02,3.358030192362867518e-03,6.355337386253380808e-03,-2.165086272766623184e-03,-1.640424012039418805e-04,-3.241036306578880862e-03,-1.394335961849513684e-03,-3.227018122453921469e-05,3.527276780733146731e-04,4.885922096570738610e-04,1.187460631945463479e-04,4.793594464906970919e-05,-4.099870580919111812e-05,1.235202617938379742e-04,7.940879648817529622e-05,-6.996516646269734384e-05,7.487862335043310338e-05,2.496671749645898948e-05,-1.779477269453953682e-05,3.811815291769078137e-05,2.185780473363459230e-05,-3.102516848314129948e-05,1.189181787288655279e-05,-1.797756281961827683e-05,-6.634069506141962577e-06
5.386661841078496650e-06,7.183002347512654650e-06,1.727546756919981280e-04,-2.805887553757277519e-04,-6.117256700428632364e-04,-5.616068841024925802e-04,1.414364073084898579e-03,-5.761730931876559922e-03,8.186033679356470930e-03,-2.014341303261493830e-03,-3.457242599070232958e-02,-4.018396421650906325e-02,-1.234914429462366341e-02,-3.296949521394472449e-02,-4.462426418602230549e-02,-2.231851434859578598e-01,-7.776926306635204185e-03,2.721332162721882830e-01,-1.886297868907358677e-01,1.082065786975844185e-01,5.489049414921689206e-03,1.302385461241939435e-01,6.325301516899248799e-01,2.846182828183027036e-01,5.508972538564194110e-01,-8.910430627459968445e-02,-7.324397713956587452e-02,1.790343673814866763e-03,8.682447129437212419e-02,-1.434492107852263290e-02
4.275276030541129413e-05,-5.111711907198850097e-05,3.769466625684548731e-04,-2.734283574989302378e-03,-3.119724709467038004e-03,-1.956122000145743035e-03,-2.994811245768178704e-04,-2.744181286928865093e-02,5.319080580548678217e-02,1.935870237447619505e-02,-1.169810609213231128e-01,-8.942176597103568270e-02,9.955102691072977017e-02,5.942803163083578560e-02,-3.317158160405733747e-02,-1.518941658158865504e-01,3.114994091574687651e-01,1.614364474022392526e-01,-2.827083566579384130e-02,2.691497246052842462e-01,-6.829328485676980920e-01,4.521886858445727242e-01,-1.971515795617584388e-01,-7.849450026295913541e-02,-6.444773207695840556e-02,-7.185091846604260701e-02,-5.571245069494121238e-02,1.097817400751741335e-01,4.096331183688108057e-03,-1.163490106725395762e-03
8.169112372072244292e-05,-1.374560228999987578e-04,6.685128781330276770e-04,-3.141491802013577674e-03,-2.332720071179589065e-03,-6.335610970443455016e-05,6.480202715076170813e-04,-3.477135582177895423e-02,6.948647098157120783e-02,3.177445384359840752e-02,-1.863880142600740086e-01,4.571254207308838441e-02,-1.837855727372819381e-01,-7.304567619267191003e-02,-4.008289030391304353e-02,-2.322582126505924605e-01,5.688676646592213393e-01,1.107805441848850603e-01,-1.036806084199354619e-02,-6.024109883331494331e-01,1.560802023818267936e-01,2.900708125373603532e-03,-2.813009447412438968e-01,1.316420838591746689e-01,1.998446066511243013e-01,-3.414229394480933211e-02,-1.807739220041891526e-02,-5.226954079909688043e-03,-1.595322904470572456e-02,-3.546736772619882554e-03
4.942615981177839825e-05,-7.418144729539454397e-05,2.743643101760796224e-04,-1.022729043365392223e-03,-1.247459640333370770e-03,-1.116583982223585438e-03,3.825035269535959591e-04,-1.295735570530258049e-02,1.804891157153630868e-02,8.877839203871397411e-03,-6.425406848863454701e-02,-4.561730549693816111e-02,-4.291574906312851934e-02,-2.163987709597555917e-02,-5.236170044877686697e-02,-3.414787309553372618e-01,7.532070910804322672e-02,2.214351575036026254e-02,2.713100880105506763e-02,-3.023017408523578364e-01,-5.657250893672165909e-02,2.164513514638551073e-02,5.707684106726040874e-01,-3.836456608465343976e-01,-5.292401810845304144e-01,1.188201524183255808e-01,2.210602191664128371e-02,3.390629022142242072e-02,-2.423773956528520526e-02,1.413218200961919788e-02
1.008064007436516351e-05,9.414105840658647110e-06,2.879818373515460992e-04,-9.551629547671471390e-04,-1.145959722265469652e-03,-5.394296604204531489e-04,1.621292004419227009e-03,-1.090239445352371786e-02,1.666992518531896367e-02,7.003738560131926756e-03,-5.338942617448186323e-02,-6.332382399166271159e-02,9.740160602216688113e-02,-2.999992617768655889e-01,-3.016826418899507672e-02,-1.357528398389056257e-01,1.391465167177779461e-01,2.961789485570353597e-01,7.915779924239724208e-01,2.934384427957755226e-01,1.831799645679541011e-01,-8.708769430725997462e-02,3.512842828614598338e-03,-2.366009739054342198e-02,3.483505212151831454e-02,1.032933058713441515e-01,2.037899256871006370e-02,-3.138884025365531929e-03,-6.485875625124335429e-03,-3.996069830468620618e-03
-2.181048712813653971e-06,1.221286288550999042e-05,6.825857023776265848e-05,-2.044710492731795725e-04,-2.771509031480280313e-04,2.180136139950114105e-04,-4.644719126794696033e-05,-4.254116653363199108e-03,7.062791736620504732e-03,3.489852566942582609e-03,-1.903193587117722393e-02,-1.472224335675542672e-02,1.054268901921080574e-02,5.441642648148142802e-03,-2.266259730098157781e-03,-3.655587927869017456e-02,7.592047951777348980e-02,5.376214432406069277e-02,-4.322291618436073513e-02,3.928957078719626933e-02,-2.056435807419061124e-01,-1.575619376293858898e-01,1.548483560324370387e-02,2.463664419480575407e-02,-3.844038885486694528e-03,5.747633090322981642e-02,2.585827304991836217e-01,-9.199749905702007124e-01,-3.265347665556854462e-02,1.506467947206232422e-02
3.079077803768181837e-04,3.515771644045345267e-04,7.961103921386936122e-03,-3.067549722987984728e-03,-2.540002731645952996e-03,4.330602034669360501e-03,-5.597372206292524494e-03,-3.539473068911212772e-02,-9.385212225665458263e-02,2.536278150158662384e-02,-1.037518566611342757e-01,-7.113195609438946465e-02,-3.949843916327234333e-02,2.063086175860856259e-03,-9.761016162436819688e-01,8.823065270388533166e-02,-3.803722533123036348e-02,-8.580992889039848470e-02,6.322969153148593532e-04,2.520098071953041571e-02,1.016951968648394967e-02,-1.519689458689438451e-02,-1.885658993265072053e-02,2.246244072593694269e-02,-5.689577837163824724e-03,-1.746910374616647207e-02,1.160740427780146758e-02,-3.012910813355455623e-03,4.127683332821744169e-03,8.945935552680804245e-03
-8.580330872774510838e-06,-5.350940758092045729e-04,1.280785333152025147e-02,-2.328905321296246764e-02,3.675911294174056404e-02,-1.019935012566663794e-02,1.522949933036712999e-01,-4.723054530690368735e-01,-1.496536516746690137e-01,-8.361016494099261509e-01,-1.690393036405976879e-01,1.739308597328251271e-03,2.613219671543410248e-03,-1.028121222400031447e-02,2.893640526893088288e-02,4.872735643228179488e-03,-1.897490118457184627e-02,-9.264027286412870182e-03,-8.224442199484680504e-04,-2.805136391549429339e-03,-2.455492854470317510e-03,-2.168342725483808197e-03,-5.365551045569164415e-03,4.710320289661827989e-03,-4.175814971163072618e-03,-4.059798541909933473e-03,2.792359813370898745e-03,3.718718114962382259e-04,-8.389954802777634547e-04,2.459695896488543363e-04
2.133160673630197894e-03,1.271542007154451582e-03,5.309908091677867370e-02,-4.039766257514426639e-02,-3.718523300702952783e-02,1.173285921889126032e-01,-7.384392241489186326e-02,-7.633074935218497892e-01,-3.899470010696055033e-01,4.760733550308308137e-01,6.269278631533374557e-02,5.917680621368677507e-02,4.004028259580900279e-02,9.053800178544437350e-04,6.427924640457254035e-02,-1.151340078556033555e-02,-4.626170107813151397e-03,1.501724243117705075e-02,-5.082073671403860779e-03,-3.792969093149252402e-03,1.399936709703896408e-03,4.558181609866138293e-04,2.797571867769187452e-04,-5.309796284268005059e-04,4.500505542902661542e-04,-1.394228668220712231e-03,5.745325446461900130e-04,1.086761128480751753e-03,1.567577005727149560e-03,-1.171386922895344086e-03
5.171956330007688313e-02,5.696654320857064135e-02,9.901401936484135469e-01,-9.439002082043954078e-02,-2.608506007363415105e-02,-1.241191764690709534e-02,2.292068430425154082e-02,5.341776210685249965e-02,1.996340672209209743e-02,-1.278542550378423959e-02,5.662461178011754569e-04,-3.535504801975701311e-04,-6.119587281438713814e-04,-1.219619075857217798e-04,4.061637583739794236e-03,-1.176516461179321493e-04,-4.897375266029399418e-05,7.658631123310904293e-05,1.230594088908960112e-04,-1.500426595215409204e-04,-2.506819617530964273e-04,9.266709498201084860e-05,1.168336811427976801e-04,-5.854057735390633393e-05,-4.418246751583849324e-05,1.156474372007526102e-04,-8.991872125295986514e-05,-4.861455318403925824e-05,-9.219378258791319073e-05,-1.803782074653849526e-05
-4.346845531095577005e-07,-4.525362411847730931e-06,9.667398112757131818e-05,-9.166985238518593899e-06,9.575854357753072518e-05,3.654169091233458856e-05,-6.102854796137181277e-05,-1.415038970037386977e-03,7.956969234027044856e-04,-2.736118058355995006e-03,-4.134281860488892880e-03,-1.231382869486138953e-03,-4.084056528091075831e-04,-4.505443487625590765e-04,-6.861131680544944531e-03,-2.366335220925120178e-02,3.278016410044135714e-02,2.656531745814844428e-02,-5.067786920531460598e-02,4.731139741909721336e-02,7.930182889949703717e-02,-2.624653994572378676e-02,-7.802534216162408665e-02,-6.572799134941897936e-02,-1.010535484420011787e-01,1.039778468448194493e-01,-5.320930776363651526e-01,-1.781355516137883843e-01,7.989957140109792411e-01,-3.344415732321068951e-02
5.440089956407946529e-06,-3.216966176933703207e-05,3.411262657159910123e-04,-9.228596368858034762e-04,-5.060471353088117101e-04,-4.485823985644696722e-04,-5.394690846870739713e-04,-1.073206942104007293e-02,1.727290292510703582e-02,1.005908656996784252e-03,-4.081569156385503327e-02,3.258240847551252539e-02,7.474538628724780587e-02,6.735977012402848130e-02,5.511558198145256882e-03,9.832684360311505500e-02,3.061950774426853150e-01,-1.851992017046375782e-01,-6.803989593809998959e-02,1.813840896279369785e-01,1.042107482035100618e-01,-1.793020185953116408e-01,6.640370187458156936e-02,-7.281710398605114598e-01,3.858788258833685259e-01,-2.585442817203864041e-01,2.648654807226369715e-02,3.439073652583672820e-03,1.804614735253880914e-02,1.304278098582200285e-01
7.500789805573532369e-06,-4.977525223035799578e-05,4.696964972131235081e-04,-9.791748327443085959e-04,-3.461895956588720009e-04,3.961875396066664176e-04,-7.957244989069989791e-04,-1.530713330959801270e-02,2.584493903223364711e-02,1.246489906868392811e-02,-7.635788854845584894e-02,1.297779192910132329e-01,-7.377010758052406081e-02,-1.500841267164630850e-02,3.862289982583572145e-02,1.549708361393236089e-01,5.764674894754714396e-01,-3.300720168188488457e-01,-1.375427684406498041e-01,4.114867286849115402e-01,2.139704541317948017e-01,-7.213209794510284760e-03,2.130052621293476445e-01,3.382422715748014674e-01,-2.838887426641301670e-01,8.713849449040876605e-02,1.314795373533356182e-01,5.297715677933834827e-02,3.746445574800582462e-02,-1.712851144924318336e-02
3.423334709673516473e-06,-1.533253622109167707e-05,1.327109330830932347e-04,-1.965722855716301462e-04,-1.827687815753456849e-04,-1.926220693416887900e-04,-4.416998642282137194e-04,-4.421536441758310704e-03,1.108140417413477994e-03,1.026800746913790604e-03,-9.080518263378155319e-03,1.662369873746641358e-02,-5.168971693669257954e-03,5.069536283936352215e-03,-4.051522868124797852e-03,-4.544437919459810848e-02,5.319462611160611504e-02,-1.110175065975126940e-01,-8.632642747041915574e-03,8.767110429676747141e-02,3.976174021251006191e-02,-2.487707537527606913e-02,2.415826250705997019e-02,2.812578808802427069e-02,-1.860437315493373989e-02,6.291551108476424459e-02,-7.712297345883082356e-01,-1.903845542418493852e-01,-5.674208235734204964e-01,1.169731325437307623e-01
-8.293975051447242653e-07,-1.183973277000662421e-05,2.114302018548853187e-04,-1.617236108014034706e-04,-4.445252467462698772e-05,-4.828275937196107649e-04,-9.886973763981915834e-05,-5.838915898312285746e-03,3.171818581002152498e-03,3.829098809135995928e-06,-1.238497425843839914e-02,-1.452206443678170401e-02,3.513518642921357321e-02,-7.470733629983250523e-02,-1.221414531180113616e-02,6.191769931607696981e-02,2.543499468801086946e-02,-6.016548832577743589e-02,-1.260006388262753518e-01,-1.763515112732200315e-03,-3.881837903436231862e-02,8.807606661320613317e-02,-3.111957738956823774e-02,-1.691448656232271142e-01,2.721343815461560456e-01,9.188291029542411392e-01,7.267726668772982179e-02,6.891147828138025067e-02,-3.729386996243990587e-02,-8.841786175010739324e-03
1.105305075213882825e-07,-2.377885140894532033e-06,5.386347586281822124e-05,-8.146714445153867322e-05,-6.262428552035928368e-05,-1.152453623245811574e-04,-1.116369455802067317e-04,-1.493153868283374989e-03,1.731523600344362984e-03,-3.788115922046956033e-04,-4.912792716070109485e-03,2.184110771282005235e-03,4.486793197541301230e-03,9.579191496175049753e-03,-9.420519348218282796e-03,4.958312882392321846e-03,4.493888285248815589e-02,-2.339041098186687984e-02,-1.249072892979438860e-02,2.320828982743722638e-02,-4.178333335928416381e-02,-1.210054892876388649e-01,1.481216412552670281e-02,-9.026825946121311284e-02,3.818192065039812538e-02,-2.886486300436698696e-02,-7.480081307040431504e-02,-3.891914303777571464e-03,-9.200254938792362669e-02,-9.774238852999459493e-01
7.174360927910516071e-03,-5.966462060875460556e-04,-1.226484623008993434e-02,-4.816725723300453038e-02,-6.278482054862073725e-02,-8.229777502497595543e-02,2.695810478622204936e-02,3.683450919611460095e-01,-7.840400486545321401e-01,2.884387915610149219e-02,-4.396506133803138594e-01,-1.426993826506725294e-01,-4.869405861603163382e-02,4.506956202621336532e-02,1.243113204953609358e-01,3.353859468794499754e-02,-1.389689832366801945e-03,4.112753201396172550e-03,9.845840362311416780e-03,3.057138974866437618e-03,3.853272498193753646e-03,5.709691333552517015e-04,2.250816223554285862e-03,-2.319407085527014616e-03,1.974156444778913701e-03,2.742886908033761399e-03,-2.729784567999048693e-03,6.491948037035176564e-05,-8.020411680415229444e-04,-7.900967548037102087e-04
2.917970559805430943e-03,1.107012066610339393e-02,-6.042931608231905810e-02,-6.264184000909202021e-01,4.994914450931495220e-01,2.477410859545904273e-02,5.805636420681048460e-01,2.345853445600930287e-02,1.244676816318293112e-02,1.209333947428909289e-01,3.538274901410746326e-02,-3.095010426464252836e-03,-1.342662925907521987e-03,4.266459433526802354e-03,-5.620228387020561982e-03,-1.381513238486815540e-04,3.456682349091846559e-03,1.799677134390326844e-04,6.167457730218179213e-04,4.027653890735893969e-04,-7.516319037667247344e-05,4.242936072754363835e-04,7.540987163499069399e-04,-4.804462470211246796e-04,4.088939279940400273e-04,6.914459476274696084e-04,-4.482535314112592547e-04,-1.075465567559476905e-04,1.156124791612523462e-04,-2.648599796011853250e-05
4.957382276506013680e-02,-1.181033812647653940e-02,-7.337848943894213771e-02,-5.752910945985029167e-01,-6.828231343321926605e-01,4.238806838393709420e-01,-4.833721177871490998e-02,5.713280208458083875e-02,4.976261585622420575e-02,-7.698804038375610392e-02,3.183180842231295854e-02,3.200333868119244109e-03,-4.034206369792987280e-03,-4.587690647209829303e-03,-7.429258760021164275e-03,-1.956571330816762270e-03,3.236660638053150390e-03,-7.795866271006791914e-04,-3.229422674775346406e-04,-1.137346776799176811e-04,-9.490301178502063856e-04,4.077073746879451583e-04,1.622184723654913918e-05,-3.319712072752040773e-04,5.467750416793689631e-05,2.359836101970243314e-04,8.230811722490560312e-05,-2.141859243573570316e-05,-1.157200485835937012e-04,1.090401896655088704e-04
8.565223331632940695e-01,5.093834511178029212e-01,-7.017834663001484841e-02,3.311476068058803041e-02,2.039613399121985304e-02,-1.974486591253917650e-02,-2.498085557496786731e-03,-7.233736790704153354e-03,2.462992964027280532e-03,1.685664441260930702e-03,1.475026673266853017e-03,7.034205391260105016e-04,3.284923198133549421e-04,-1.200341550118646958e-04,-5.045372137893049417e-04,-9.734580354606331713e-05,-7.036211364923329571e-05,-1.144017562494984057e-05,-4.943001171132671166e-05,-7.412864492318897895e-06,3.169312661686433512e-05,-2.331883470861482516e-05,-1.668390225214277901e-05,1.980348093061112439e-05,-9.758329713073196269e-06,-2.312491165264350681e-05,1.438406667711929547e-05,1.587276397123170729e-06,1.106105709117438646e-05,2.253892908033368262e-06
6.772536501033258868e-06,5.587817540590940443e-05,-8.901722058697028508e-06,-6.176804655662895219e-04,-6.759571047832280263e-04,9.801674496129522251e-04,2.932701043118794790e-03,-2.133047366107544782e-04,1.354310965877262088e-02,3.604983252166317747e-03,-5.718279507209867579e-02,-4.641623532858013546e-02,-2.239539013579559378e-03,-4.249259138450270368e-02,-4.596515617274353482e-02,-3.771943277941121053e-01,-6.317582589643204460e-02,4.568811099142848220e-01,-4.728785682097962906e-01,3.389313891961889258e-01,3.714904178570099802e-01,-1.010068133012221592e-01,-2.781041925597094733e-01,-1.217760618689583546e-01,-1.861001373517419955e-01,2.213903384761542470e-02,8.664268115560509742e-02,3.188384985963240575e-02,-1.136694596725041362e-01,-1.764011525247960151e-03
9.394977153947415953e-05,1.295852121262952756e-04,-1.366999737013300685e-03,-1.051868587775831726e-02,-9.961578924623423412e-03,5.654448731440933282e-03,3.579338338335970402e-03,-3.103836385072208243e-02,1.658765452701378984e-01,6.093773424136562228e-02,-3.738105306887367085e-01,5.475070571579894463e-02,7.644320199661621684e-01,4.263447620351318301e-01,-8.093933453164104536e-03,2.029901031414007087e-02,-9.944144896966313971e-03,2.754315630642596019e-02,4.037348279034654736e-02,-1.110910826175930538e-01,1.725582183511397971e-01,3.395774086690324378e-02,2.507920420830487065e-02,9.311182648795270078e-02,-2.865188059373528079e-02,3.757230232256962565e-02,8.766302296154016363e-03,-2.341788834335610525e-02,-6.537744201398444643e-03,-1.607316281174197420e-02
1.517689462988091296e-04,2.906930111352915248e-07,-1.379859833115225452e-03,-1.159277331629999380e-02,-8.840443153098022019e-03,1.071091280897537579e-02,8.368173718049346996e-03,-4.964773849048679383e-02,2.176398762432559530e-01,1.158445003148756147e-01,-5.858765859450991709e-01,6.276432326645730031e-01,-2.957584017289117684e-01,-1.215025745580256278e-01,2.303697944249521665e-02,1.280727358083631195e-01,-2.289421817418288152e-01,9.065725555533951652e-02,2.044231726412391523e-02,6.580821553148832881e-02,-8.759470591467016787e-02,1.570469626681453290e-02,2.512662979939430177e-02,-7.606309700594157674e-02,-3.789612665131214357e-03,-6.417364708791176847e-03,-1.358396520863134477e-02,-5.518803488517273585e-03,1.124854611000374862e-03,1.450912276024374529e-03
7.157189981839241419e-05,-2.963891405475824743e-05,-2.927007825377774290e-04,-2.743439127226320919e-03,-3.258751313274182906e-03,2.030919297198632682e-04,1.807076228657253196e-03,-7.187201417354619447e-03,3.434583041139928350e-02,3.114072446322024151e-02,-1.211175158395522283e-01,1.700784322524307585e-02,-1.086460978235162696e-02,-8.276177530205512320e-03,1.735665212606167171e-02,-6.951079799520870628e-01,-2.036930119393160210e-01,-6.165125985538773001e-01,8.907106413071538831e-02,1.280307485659541444e-01,-1.012715507928622395e-02,-8.089741041158183751e-03,-1.363814987521137223e-01,7.466073089249514183e-02,1.365331173542258525e-01,-1.112734606190477621e-02,7.443386589968849221e-02,-1.033676266674894489e-03,6.714711916007889969e-02,-9.705548729013949508e-03
1.763791957558547563e-05,1.243787224865251361e-04,-7.575332201606425507e-04,-2.727442554653720583e-03,-3.158423895160361247e-03,1.730641323367584873e-03,6.685205233254855155e-03,8.129707632999183791e-04,4.159467962251092027e-02,3.941917721104123279e-02,-1.463571580606851108e-01,-1.372745650308879461e-01,3.999692381229134619e-01,-8.228463980525650978e-01,2.752048565726530199e-02,1.114245918217269260e-01,-3.931656274380246341e-02,-1.395494191499436765e-01,-2.345489364481483097e-01,-1.014998461286063663e-01,-5.611252624593988242e-02,3.199424868113195236e-03,2.132242987285349733e-03,1.323392227410275304e-02,-3.685820183504139730e-02,-1.211911962632199885e-01,-2.017472186226333675e-02,-4.613306077086232540e-03,3.443267516836363059e-03,8.664940810887901846e-04
1.294928488984077674e-06,4.650696290973228077e-05,-1.064252606057896863e-04,-9.526127339944009910e-04,-1.071040659477592210e-03,1.056579079593363566e-03,6.516128674789842430e-04,-3.989265714524152170e-03,1.955294663407648043e-02,9.258309706818682733e-03,-5.169460769507003284e-02,-4.294698156290129715e-03,6.858845636543797752e-02,4.626496795741953660e-02,-5.667253547076622419e-03,-7.436620370018884318e-02,7.623361715762851099e-02,9.031966515203262991e-02,-5.628579977394887468e-02,1.637778124513675562e-02,-4.248837162142763968e-01,-8.224541826241281717e-01,1.898046599450713134e-02,1.582566214809843219e-01,1.625510454256283129e-03,7.915892861008821946e-02,-5.264319741251757140e-02,2.514186985511998040e-01,3.225659975318356104e-02,1.065572946433791107e-01
