5.125005305368945593e-03,-1.020722310744612803e-02,7.406484758616203347e-03,3.093277099899957236e-02,-3.806120148938717251e-02,-1.320348253576077990e-01,-3.139615259711602685e-02,1.104493973471057794e-01,-3.603062992180457447e-01,-7.612962753893239010e-02,4.770087846132498033e-01,7.004659314568334461e-01,-2.584103679147928267e-01,-1.140078330792299727e-02,1.191682861973922258e-01,9.245978795685957929e-02,-8.403419616079763066e-02,9.026734599664916481e-02,-2.855204689436869128e-02,-6.983283699077459661e-02,4.237728788611998254e-02,5.818910100003006798e-03,2.235789950213315155e-02,5.411947067693895913e-03,4.736935260608573194e-03,-8.065798859454821005e-04,-4.684944734379830299e-03,-4.788822229380879612e-03,-5.863912568689433422e-04,-4.675062650331463280e-04
2.497909139806955055e-03,2.928129072820161594e-03,4.353976227734400635e-03,3.976523864353929127e-01,4.165325208080989383e-01,-2.229523344957145270e-01,7.814432580745024337e-01,1.206981854612981450e-02,4.572864361324598115e-03,-8.713693151574773699e-02,-1.249786462795507598e-02,-2.589662874318491691e-03,-9.826353537832478550e-04,5.097572911577949277e-03,-1.031553589997686064e-03,3.851394688409277237e-03,2.849103839532237097e-03,-2.656978626218585611e-04,1.649350607491337131e-03,-2.440999007119945270e-04,-9.893625743444289279e-04,-3.956398764158724764e-04,-4.152816146562900688e-05,1.270637428726091708e-04,1.173618524741548686e-04,8.954218091725347269e-04,-8.362828977068297303e-05,1.545660493014482087e-05,-3.409813006706822471e-05,-1.622509600137673341e-04
3.528304988058403313e-02,-6.992487516951079174e-02,2.827204779041228230e-02,2.985370185229999085e-01,-3.372006030225363493e-01,-8.392496845425143626e-01,-2.001712818210228395e-01,-1.250211952717264485e-01,1.112962620831638577e-01,9.661110308788674328e-02,-2.009295383589577294e-02,-7.824249130770880023e-02,3.178011497158979987e-02,4.409877048644971279e-03,-1.168880949265401793e-02,-1.445884501754510915e-02,1.558662810001812046e-02,-1.306762081818127995e-02,4.244974059365064396e-03,8.800737261619945642e-03,-7.348243853081477817e-03,-2.333259376874347989e-03,-2.767802251691794339e-03,-2.534787559252497111e-04,-5.360361711634891325e-04,6.532958713506829308e-04,1.542555468064749156e-04,5.916002403460940071e-04,1.761652899020486201e-04,2.954322704956066398e-04
5.067357707453639115e-01,-8.576225073687420153e-01,-1.037608442733237504e-02,-4.078932374375717623e-02,5.519451864300670835e-02,5.255429393455509496e-02,7.550035368934441236e-03,6.438799573157740277e-03,-2.393987097964735480e-03,-2.639693821081673386e-03,-3.053330677333356436e-03,-1.412065252218090055e-03,8.811709452319258743e-05,-2.037525005921389726e-04,-3.208248345961915715e-04,-1.073294420041041670e-05,-6.117233826469316890e-05,-1.202942548992519715e-05,2.110998534991889735e-05,1.562811211991826108e-04,7.268878768650389208e-05,7.714235425410184352e-05,-3.503370611906026508e-05,-1.243475795779471998e-05,-2.097876318571429650e-05,-2.169884977890204565e-05,2.830909716333996146e-05,8.412427155471176112e-06,-3.127720362454404901e-06,-1.286796921007616794e-05
5.471431848361280886e-06,9.659451377319370094e-06,-1.557856995553940813e-04,3.289222883333962140e-04,-5.832646294969397139e-04,-2.963936857834132310e-04,-1.669150071607447723e-03,-4.335186911503965609e-03,9.415722717287192817e-03,3.373836555505077550e-03,-3.098480607381757720e-02,-3.724666201745874955e-02,-1.645528583157591235e-02,1.698865720356606060e-02,1.262326930104033518e-01,2.470938777681549736e-01,1.000077671951972169e-01,3.418232236229706289e-01,1.566584007263535361e-01,-3.923171926153792843e-02,-1.882471254534736488e-02,1.977506071638040208e-01,-6.602218681106905018e-01,-2.374118491302702749e-01,-4.609213319431487710e-01,-8.726717670608237498e-02,4.296357151969885935e-02,-5.581358973119612127e-02,4.813408802969323767e-03,1.014402604668897256e-01
4.223532432106075505e-05,-3.903521865098998154e-05,-4.238416464966045108e-04,2.731275488164992826e-03,-2.534899843078826116e-03,-6.829085524104321504e-04,8.140105952343002112e-04,-2.240922031101668516e-02,5.885330817187356400e-02,1.734977395379736637e-02,-1.242944571873741549e-01,-8.935135886713838071e-02,-1.116554122540160954e-01,-4.919468345095018291e-02,9.201644797454726354e-02,1.583846363703278748e-01,-3.284164367087850089e-01,3.204611654475360560e-01,1.751091639443922432e-01,-3.718501427495877337e-02,7.076767106449139977e-01,3.114339292020135708e-01,2.041597057387411485e-01,9.800238223548594918e-02,1.206452408313976876e-01,8.068692587993556153e-02,6.568678310044219482e-02,-8.231390238076052857e-02,1.787918938414019120e-03,-2.108180589644440776e-03
8.544068323669052646e-05,-1.251755183098784627e-04,-7.059264956948523018e-04,3.018911080793602267e-03,-2.074217612136501371e-03,1.666337315131404635e-03,-2.853469185187761364e-04,-2.339380221116797373e-02,6.969064763976219601e-02,1.624308385546875677e-02,-1.981632553574618760e-01,7.062392420102528434e-02,1.731575774701863135e-01,1.011543781618358395e-01,1.388155293704438631e-01,1.464284911624039731e-01,-4.260990340433969403e-01,1.241741664347513208e-01,-3.834125463635713049e-01,-5.810446703502530896e-01,-2.127179542330647766e-01,-1.123731417541960625e-01,2.114617241409399301e-02,2.983240605745087759e-01,-1.902516379859930939e-01,5.636636043386173550e-02,2.792346467096137527e-02,6.711652527285482013e-03,3.898581345864320612e-03,-7.158724643327461822e-04
4.955841438219902776e-05,-6.990167062158275473e-05,-2.685688519152362795e-04,1.127140021054765136e-03,-1.060954617657651824e-03,9.886579001998734560e-05,-9.631440668996554995e-04,-8.923034642452297785e-03,1.941554493837165454e-02,6.577140617976652906e-03,-6.558378628721339698e-02,-2.858197295569952362e-02,2.418595802768456690e-02,3.344327628150024767e-02,1.782639610912115924e-01,2.776741264029410905e-01,-6.750667281373176620e-02,-5.259273808268946637e-02,-1.964754347850072302e-01,-2.206074784188069293e-01,-1.256209696238173683e-02,-3.559484861804456529e-02,-3.689258890568886118e-02,-7.032171914191819306e-01,5.162230218305771112e-01,-1.426040598099355683e-01,-4.048156813376760366e-02,-1.099855214333285251e-02,-1.711879022070193074e-02,-5.500563603783104050e-02
8.861034145012730096e-06,7.330958239884162225e-06,-3.436847962100671953e-04,1.094531785354852481e-03,-9.539490451990805323e-04,-2.092916495880246591e-05,-1.203378800551267161e-03,-1.033513161751744777e-02,1.883562804078340799e-02,1.546595547330227149e-03,-5.346115437718640395e-02,-4.579766163913492200e-02,-1.658252227814719093e-01,3.076124173863647449e-01,1.067635519963250623e-01,1.162185392386130139e-01,-2.961269982822063440e-01,2.017738934776751869e-01,-4.503449427145971851e-01,6.877351542568407305e-01,-1.495614116809773353e-01,3.177548028071093544e-02,2.095818082008984659e-02,3.144265391223157596e-02,-1.464597237487678082e-02,-1.293657282051980106e-01,-3.191208432488213537e-02,-2.030460794730460511e-02,-6.503477469622594848e-03,-1.117865562310741551e-02
-2.740144818128689694e-06,1.478926338517514742e-05,-8.226913939038823728e-05,1.686378979524560896e-04,-1.889914553052609214e-04,2.168993094453753278e-04,2.594873667719951307e-04,-3.616958205625038676e-03,8.494677487798510743e-03,3.414698660614237224e-03,-2.043080857704334535e-02,-1.399604494569757149e-02,-1.289205204587291591e-02,-1.086427633501901684e-02,2.103101828404567442e-02,2.815599326530567048e-02,-3.741369315742257284e-02,9.968070867383811706e-02,3.921880749513242254e-02,6.608716170292986899e-03,1.848116128898231458e-01,-2.323711976727080575e-01,-3.924413787087798616e-02,-8.641426046977290776e-03,-7.209227399822422389e-02,-6.931388270313375288e-02,-5.489872331129750371e-01,7.637282222052603764e-01,1.657720664564976687e-02,1.190419678706734243e-02
3.008068958334914056e-04,2.258024305243425394e-04,-8.454572456226017510e-03,3.208609415026659160e-03,-1.250688972926637058e-03,4.338592031780350543e-03,9.498542109691587854e-03,-5.290408883696241793e-02,-9.721730942737995262e-02,5.901481618089935571e-02,-1.005208616724145021e-01,-5.727168874448051311e-02,-4.230368493182051076e-02,-6.996113968253368787e-02,8.909065822513375643e-01,-3.847733480507221082e-01,8.381537153118183425e-02,-8.185645730512287888e-02,4.819362541094160401e-02,2.858797103322594652e-02,-9.597551651477844933e-03,1.435988298800399549e-02,-1.811297423041817456e-02,6.286060919946931391e-02,1.642861479686057516e-02,1.798213430807485760e-02,-1.147803373045167864e-03,5.311464352181528847e-03,9.675246475356029038e-03,9.017304072704032322e-03
-1.025220929194512423e-05,-3.074225406634957568e-04,-1.268490463618983030e-02,2.092181566447609206e-02,4.539098243382888587e-02,2.408361043486829944e-03,-1.094943831664567102e-01,-6.179384734545774194e-01,-1.534407109768927968e-01,-7.564432731169229429e-01,-8.530218263839682569e-02,-7.122971425379868125e-03,-5.174561757170213945e-03,8.220720265357088236e-04,-1.190626129405977091e-02,5.936813054961952510e-03,1.017958085815258602e-02,-3.856381162392877662e-03,6.519657301365861836e-03,-3.050757345356805189e-04,6.847818239165346906e-04,-3.545118528714029035e-03,-2.529961997775006014e-04,2.211327665627278900e-03,2.037455583811854411e-03,5.707902799847113830e-03,1.357092151047856795e-04,7.796777181400716295e-05,-4.494952793043900869e-05,-4.261199901554826473e-04
2.127853904360498677e-03,5.978043004525056053e-04,-5.748312278484581095e-02,4.144089849119848845e-02,-2.948367295615440808e-02,1.341581834930709038e-01,1.147191434140499150e-01,-7.110160359018489196e-01,-2.595195111872203309e-01,6.133461684049069662e-01,4.918454816225722309e-02,4.220627685741218382e-02,-1.410153758890460643e-02,1.537089968620931240e-03,-8.790348900023674250e-02,3.739152985806887264e-02,2.340438757741173000e-03,1.163693980219741506e-02,-1.046590729949028846e-02,-4.542476173814452567e-03,-2.193040945346530924e-03,-2.673581216167914693e-03,3.050608546558883014e-03,-4.722935337634228022e-03,-1.829357830815649989e-03,9.486155752098852402e-04,-1.800187965664678180e-03,-2.771258959436678510e-03,-9.209305649761700486e-04,-2.497612692947822569e-04
5.024808072158521571e-02,3.828214641791265888e-02,-9.939131451658143046e-01,5.820043298032060580e-02,2.366285556950356583e-03,-1.555206343020080519e-02,-3.343326661906748792e-02,5.245491030836459817e-02,1.215218249246423354e-02,-2.201012902959070816e-02,-6.044085915381255210e-04,1.884999564278938458e-04,1.892754298793832360e-04,7.469946703988788095e-05,-2.861840050762375250e-03,1.066040629943658521e-03,-2.803060839610827383e-04,2.923452220350565534e-05,-1.319446806018252397e-05,2.987614264996240576e-05,3.754708845338255606e-04,5.538186775674704354e-05,1.415342315122933047e-05,-2.409483149939743967e-04,-1.293767816991143935e-05,-1.438588239494187208e-04,7.204029951323106531e-05,8.451802748549453175e-05,-3.121644311958188120e-05,-5.565768360326252414e-05
-8.964274845351632175e-07,-1.170432650475007934e-06,-7.967905787109401915e-05,-2.212025975527218092e-05,6.059354971990274378e-05,1.141697770386387254e-04,2.434505732187554634e-05,-1.209608996702014362e-03,1.426535149718168678e-03,1.022747866333246716e-04,-4.277642897975880189e-03,-4.153388840199040595e-03,1.210427164807597965e-04,-1.974212863886595868e-03,1.032815016989128802e-02,2.913892320896787833e-02,-1.975490977790525168e-02,3.372329338543832850e-02,5.261167829446362215e-02,1.178626647447174325e-03,-7.972354455585803357e-02,-2.190545962932198554e-02,1.743249934734006357e-01,-3.906016650823165848e-02,4.989349988580608908e-02,-9.295838275255888239e-02,1.828779603920795416e-01,1.240955352445820697e-01,1.599626299696767923e-02,9.464265519425489881e-01
6.064786304149895416e-06,-2.394595578367381656e-05,-3.354300540791225874e-04,7.117804211770723498e-04,-5.475424029526183584e-04,2.015076400393213136e-04,1.290851231911939500e-03,-9.317451804517994790e-03,1.898651673209009877e-02,3.863774282465192236e-03,-4.164575511137549174e-02,2.034453433080201518e-02,-4.988398346833105429e-02,-6.453596929395929993e-02,-2.409962408509760121e-04,-1.146662916061581827e-01,-3.913793568441240600e-01,-7.327787480573634549e-02,2.613565605760783672e-01,6.597567582045452128e-02,-1.664569738703969570e-01,-5.574006692088276371e-02,3.779812246916077756e-01,-5.008636707436067148e-01,-4.720056160069873163e-01,2.438592733463005313e-01,-8.556594843381021276e-02,-7.161302569826231978e-02,1.567858372702339576e-01,-5.039999355272706261e-02
1.023468852564265090e-05,-4.226666028616318668e-05,-4.375575862423831822e-04,7.618339937111918460e-04,-5.408773422168881200e-04,5.862450892047624956e-04,1.478409933252943431e-03,-1.210712270886958597e-02,2.573107808674839764e-02,1.062878285965119726e-02,-8.519765892584744982e-02,1.305133383895508425e-01,8.915082282346036002e-02,2.293414007754553813e-02,-6.063867922686551337e-02,-1.326452800244540264e-01,-5.391300249520389887e-01,-5.547970690423858348e-02,5.020161950601025325e-01,1.057711385501896167e-01,-2.208224401290147798e-01,-7.941795227568416993e-02,-3.858751256084335113e-01,1.487585316272542202e-01,3.785172366183655601e-01,-7.511251653714949572e-02,-8.952543780130660378e-02,-6.184404498393825805e-02,-2.664868647356567408e-02,2.290076855585098173e-02
3.584630527298103760e-06,-1.318562011331542493e-05,-1.289678587192858784e-04,1.672080542524537010e-04,-2.367376396804623205e-04,-1.038536197418623040e-04,3.521965998251000039e-04,-4.187781731800321525e-03,1.907914084082687999e-03,3.560064637913649358e-03,-1.050002724009746827e-02,1.728518110636842117e-02,8.998940288155170709e-04,-7.547965854612604872e-03,2.285180141813016735e-02,5.762764840988394283e-02,-1.024233518318741348e-01,-7.556919792883287634e-02,9.486189675858650028e-02,6.072289752350035208e-02,-4.601691251556709605e-02,1.161126518103328641e-02,-4.849677809120220631e-03,-3.975414934009481593e-02,-1.930228199727668584e-02,-5.038568180995688789e-02,7.682185234026619458e-01,5.596793269205806443e-01,1.793604764151015066e-02,-2.372313656988594699e-01
-1.037055612561488520e-06,-1.300351375636162168e-05,-2.074577395414150616e-04,1.619692343485841111e-04,-2.680712672283075860e-05,2.926990453584399289e-04,3.003276283089786566e-04,-6.102815264773939902e-03,1.595464499169540985e-03,-8.925154757920035356e-04,-7.820596896477360199e-03,-6.591491149455412993e-03,-3.690788102498328282e-02,1.010949176391679749e-01,-7.628496710347099086e-03,-7.143849462631157721e-02,-2.620325624447019525e-02,-5.344441020175925983e-02,1.524462053987089283e-01,-1.301477630559493004e-01,2.488282699164558794e-03,8.149882173330380564e-02,2.383381663904797221e-01,2.562504323802376749e-02,-1.810867008243157994e-01,-9.066051127059057135e-01,-4.106293146838970592e-02,-8.810345035452207818e-02,-6.530401326456816355e-03,-1.051812919300802729e-01
-5.314174110005024843e-08,-5.966565021836612148e-07,-4.711984860003449457e-05,4.487689800788452666e-05,-3.937932471311162731e-05,-6.930158093046300167e-05,1.802197243694982391e-04,-1.124242931048487996e-03,2.065139173953460267e-03,8.426191909017232123e-04,-5.654828995296039794e-03,-1.105140469181339511e-03,-3.789147279998484556e-03,-1.122647019915519288e-02,1.407749536257378760e-02,-1.619438669663872399e-02,-4.857175476091005195e-02,2.486503914605642674e-04,3.831602053594169305e-02,1.782114992606412956e-02,2.915980415334313430e-02,-1.223039204079886672e-01,5.570332067403242771e-02,-7.660703002250542071e-02,-1.087714594003549862e-01,3.542896295329731743e-02,2.392322233586186356e-02,-1.575314237958953811e-02,-9.780007453321367672e-01,6.502663459482344206e-03
7.367582941380187468e-03,-6.408808398541419914e-04,1.022621020653257176e-02,5.907748622540537342e-02,-5.735109480595233095e-02,-7.035047915024872367e-02,-2.607916634039031054e-02,2.682509995929930890e-01,-8.301913923498104309e-01,1.813826687687099043e-03,-4.242986311162704749e-01,-1.685769841084924225e-01,3.763995598769190321e-02,-2.054957352794108821e-02,-1.241948879078061674e-01,1.642049511895346883e-02,-1.028090941227142313e-02,8.113251544821290222e-04,-6.124765177298347775e-03,7.044643827333920728e-03,-3.904726562743407285e-03,1.764094751373890312e-03,-7.042247178597531255e-04,-5.591018808582245980e-03,-3.350444209631573550e-03,-3.765598579368189917e-03,1.121993699766809984e-03,4.215987706292061979e-04,-6.706129995089824252e-04,-1.001307796931942204e-03
4.055862774266798601e-03,1.307741979966284794e-02,5.206539173531932185e-02,5.807642862610488121e-01,5.708778144120715270e-01,1.189498124113131661e-01,-5.547216924772297997e-01,2.669512113141511364e-02,8.853509311168236001e-03,1.042837249262378169e-01,1.853061909560354409e-02,1.825212451905937469e-03,1.785401779427812051e-03,-3.351709564969255865e-03,1.541459006330956824e-03,-2.456188331672661332e-03,-2.850606919502384710e-03,2.802682031462618234e-04,-1.268699057473228085e-03,3.954120953834496617e-04,9.203603318267726064e-04,5.216992020504481299e-04,-1.440394238449927615e-04,-3.446908227549018953e-04,-2.672223866359689113e-04,-9.467505441316774331e-04,4.486492414669675217e-05,2.289562642246823572e-05,3.082223250320773749e-05,1.455562942335899667e-04
5.083687138502588493e-02,-1.192646334509479648e-02,3.295695425912039539e-02,6.343539734414375131e-01,-6.130558144915315699e-01,4.333606737159222400e-01,1.158127531724827269e-01,5.984510245750350454e-02,4.670360248382996599e-02,-9.774683504706103976e-02,3.473331887473093960e-02,4.329076586420316231e-03,3.874960709515361604e-03,1.893129159951719960e-03,1.249846907586288705e-02,-2.541328082351979652e-03,-1.823712277019994303e-03,7.748614664344299864e-04,1.479002770512438452e-03,-7.416309944044744123e-05,8.278519153873406880e-04,-2.747888405770233569e-05,-2.779218895155632419e-04,3.868450161862458389e-04,3.397837963272371388e-04,-4.262226204812748665e-06,1.299482806817171365e-04,2.397363038826487230e-04,5.904347059208320893e-05,5.215172396654016207e-05
8.583453781361378709e-01,5.076432244487211198e-01,6.095033425370851438e-02,-3.387005404221059973e-02,1.433390954443963285e-02,-2.014272480098700663e-02,-6.609471711446673935e-04,-6.613843267339803399e-03,3.186305026419554431e-03,3.295436557359496341e-03,1.479076663385538951e-03,8.063397883018629062e-04,-2.952012918360051043e-04,9.775669511712605409e-05,3.300845391470037544e-04,-3.194143588109663598e-05,1.001420351238004519e-04,-3.288076458049605318e-05,-6.790747326440551144e-06,-5.681787713744561791e-05,-3.730543165137813671e-05,-1.501385994671097629e-05,1.373883396650275666e-05,2.176316649218630093e-05,8.778362974974683605e-06,2.362116516643455178e-05,-1.193238225849947342e-05,-1.216752958467792677e-05,2.272325446561431666e-06,5.852338300766376227e-06
7.759617363151055395e-06,6.168096713492298799e-05,4.559019587345440090e-05,8.028740565529172675e-04,-5.617187624041867708e-04,1.594278975949795559e-03,-3.985307260575473957e-03,2.755294952622527882e-03,1.508881044699664047e-02,8.283469791050015324e-03,-5.383156400232719241e-02,-4.129165136590547125e-02,-2.154221751666203152e-02,2.958496760628251485e-03,1.537922123850604395e-01,4.017256030224643504e-01,2.649803309331340007e-01,4.714266808969357903e-01,3.715842311570090040e-01,1.943040186307012918e-02,-4.237266321373157618e-01,-8.693339474198794048e-02,3.468958290839697090e-01,1.448678665726584880e-01,1.598640055652518766e-01,6.571534725720357129e-02,-4.529330575875366999e-02,-3.129686066067633148e-03,-1.282798033368705466e-02,-1.346460667141761158e-01
1.107581221668208345e-04,7.293519046808639040e-05,7.890141377743202641e-04,9.949133222608708138e-03,-7.245776806534280981e-03,7.315597617552863086e-03,6.570854207944332214e-04,-2.122045123046432252e-02,1.519722858345863292e-01,2.911757453636395002e-02,-3.444823154391106201e-01,6.611206253061729932e-02,-7.374490681123130331e-01,-4.844914059633820824e-01,-1.146489016010474593e-01,-4.990049413624743357e-02,2.180500668931879219e-03,-7.506135822262636169e-03,-1.122298717325652534e-01,-7.705640418790443702e-02,-1.621401686963470645e-01,3.796868634096319667e-02,-7.033201057172003279e-02,3.997052106253363296e-02,4.345686542477740499e-02,-4.848266517519570634e-02,-1.087254164337078839e-02,2.316975725677329623e-02,-1.996900693366251978e-02,1.165069641560571726e-03
1.846693765159422747e-04,-3.507373704722680700e-05,7.572642670006566159e-04,1.035994707053635583e-02,-7.195757358698452559e-03,9.764738782403269146e-03,-1.694478299104348407e-03,-2.662156260555137086e-02,1.742779306355397018e-01,4.692720755843692720e-02,-5.884492656182317427e-01,6.505221876764368805e-01,2.787654464730310311e-01,9.746727266084430352e-02,-4.450730705867043946e-02,-1.010567215558077075e-01,2.248940553031050504e-01,6.230426763031460952e-02,-7.598235147388976950e-03,1.347295518122908764e-01,9.990476376629631172e-02,5.752472947428071554e-02,5.760697901570368401e-02,-8.916486688929682602e-02,-1.624885362200991987e-02,-1.838521563171774485e-03,8.112061684099679953e-03,6.441236672293474720e-03,8.301660492933496957e-04,9.277846164486504732e-05
7.831682431186875017e-05,-2.771144369241123451e-05,2.308949238840830496e-04,2.825420932459314551e-03,-2.760230699595214027e-03,2.205838891290933749e-03,-2.636931062294759105e-03,-2.971270401386797745e-03,2.977029093887256783e-02,1.704637961765081977e-02,-1.216494477254751738e-01,6.239295972727398887e-02,-4.619555271824089121e-02,-4.977646868596342054e-03,1.872159465836762959e-01,6.438244986372719803e-01,3.539226146234338032e-04,-6.516723746508950033e-01,1.253548342818440187e-01,1.294334181027130826e-01,8.792809586644353970e-02,-2.050075016179548487e-02,-8.043786965560347640e-03,1.780411222052028786e-01,-1.389496473330790738e-01,2.355457701429666817e-02,-8.316364932266973042e-02,-5.222373797959328073e-02,6.245045122252401194e-03,4.211421763153590930e-02
2.230670750344706656e-05,8.951965753381032622e-05,4.076400609265407428e-04,3.089504864362235294e-03,-2.154963857021205929e-03,5.071294952508214292e-03,-5.667065657817499900e-03,3.002588769445311331e-03,2.487859407731902658e-02,1.534904077267620209e-02,-1.142622889277676718e-01,-3.470040866346865704e-02,-4.662132078468576024e-01,7.892893292107279191e-01,-4.502131608773129318e-02,-1.126061554167026718e-01,1.151511355081503013e-01,-9.038209087071638614e-02,1.666210475691647375e-01,-2.221864140927448383e-01,3.666701378185414917e-02,-4.446244559589962453e-02,-2.884730999102021534e-02,-1.910057262587924048e-02,2.091679823206703953e-02,1.582140541736449524e-01,2.134815273973841854e-02,2.283180358786240580e-02,1.629953398935204056e-03,1.547396352846911599e-02
2.376703463959438464e-06,4.433159035288626560e-05,7.365589169601621832e-05,8.415609900167468453e-04,-5.987655880835504076e-04,9.138792224798643208e-04,1.630303675966625441e-04,-1.361167599387824029e-03,1.832131279957372599e-02,6.285686571672238591e-03,-4.847152900275493448e-02,-5.879461978091803619e-03,-6.696698162379345620e-02,-5.784538628679442018e-02,2.792629864923871011e-02,3.033716357088563423e-02,2.337129753756521724e-02,1.388422140559693041e-01,2.190344605701863290e-02,6.971510284497341170e-02,2.902630841312963117e-01,-8.651009150416312243e-01,-7.876496366092994306e-02,-1.390993046971983685e-02,-5.989409559774529906e-02,-9.333294923025931000e-02,1.954005926876786203e-01,-2.382223292428869155e-01,1.274742698141183572e-01,-3.714040878517474095e-03
