4.896503057534472812e-03,1.053181348061465322e-02,-1.311588336936364389e-02,2.239143515101773077e-02,-3.897283580702386868e-02,-1.357303396209544877e-01,-1.507700240737954583e-02,3.424257340966557761e-02,-3.745737773103279822e-01,1.057219767008959893e-01,-4.171182559657499178e-01,-7.426857266908931665e-01,-1.673797366566781852e-01,1.001391487268863123e-01,-1.339052012581944395e-01,-1.371454565484116483e-01,5.244726015741290465e-02,8.217719052791769285e-02,-7.895162221404076336e-03,1.064856173322082794e-01,6.329788938417066357e-02,-9.065052060603618136e-03,-1.980737412952271459e-02,2.295540588766532136e-02,5.923295914251911019e-04,7.840014188447774063e-03,1.422382994020542123e-03,-1.685598241585008032e-03,-5.251170741533165917e-03,2.622842752226838773e-03
2.470737664401837560e-03,-6.222592146480773138e-04,-2.372681695266748436e-03,4.464275396922687267e-01,3.574724506628187970e-01,-1.370479243421138249e-01,8.018243729872306380e-01,6.761648190431196470e-02,4.205616690657605454e-03,7.471623385250832083e-02,3.030413239955590671e-02,-3.291705133861639785e-04,-5.736310479637681675e-03,5.060638054249749773e-03,4.579367434029472939e-03,-4.165214562916035382e-03,-2.733450072451764756e-03,-1.130497535398916663e-03,9.252127866098390236e-04,2.003601811532127234e-04,-1.013021927043248173e-03,4.661500325406544979e-04,-6.203479308265839312e-04,-3.464280976619469135e-04,4.134966563000419407e-04,2.395200126668076363e-04,-4.170359163347778800e-05,-5.804481491582069816e-05,-4.626782809635781452e-04,-4.224004475988170273e-05
3.358772129437258280e-02,7.020483353770209933e-02,-8.005646011714781518e-02,2.429992782623681125e-01,-3.519289265362487429e-01,-8.696446288991188656e-01,-1.199566251984912624e-01,-3.337935638202814415e-02,1.422825618775463430e-01,-5.843422399236963133e-02,9.667997799383501456e-03,8.635880297068224132e-02,2.173648351195188455e-02,-4.994731876211213478e-03,8.804540653360020189e-03,2.084678219213680073e-02,-1.064115480665616016e-02,-1.157930583078837714e-02,2.271881484466601285e-03,-1.580238593894578783e-02,-1.010654222644672383e-02,2.768830698248605972e-03,2.360863856826926621e-03,-2.550980371369763935e-03,3.614766491540859065e-04,-1.010258582204046681e-03,-2.517452019059672561e-04,4.587598983090316967e-04,5.049298537358553295e-04,-6.681975953199675161e-04
5.011998519477209868e-01,8.600111496091582541e-01,5.131294171513942765e-02,-2.979320064248283315e-02,5.225536114358582396e-02,5.380058857151672619e-02,1.501879334136515566e-03,1.354253908074392514e-03,-4.106752544312882933e-03,5.112273402016474007e-04,3.203736663183977783e-03,1.337810871824486559e-03,2.578511283721510626e-06,-4.917684146090238288e-04,4.584820420243507070e-04,3.201802600269350568e-05,9.006859512518569611e-05,-1.268564211789028704e-05,-3.289361174934701224e-05,-8.016404373105233535e-05,4.391315901756271940e-05,-6.583710897570249892e-05,2.130263737439835051e-05,-6.527191211778579324e-05,-3.974229637066656746e-05,-6.689548537486223445e-06,2.247891996861819901e-06,-1.191987902811633548e-05,1.664177743115122295e-05,1.011788491108986611e-05
2.928965800811177050e-06,-2.622901995355767866e-05,2.726991169844622233e-05,3.565415657534627279e-04,-6.469708104705435090e-04,-6.186515804288855204e-04,-1.283175597188128706e-03,-2.354402747685384756e-03,9.243430674183702317e-03,1.998284457025609163e-04,2.599099720870005556e-02,4.986741597270864107e-02,-1.239389493294136958e-04,1.177087257013674851e-02,-9.806954611464824278e-02,-2.233829335605211630e-01,-8.867609418104380192e-02,2.839050694981330447e-01,1.723700993901739753e-01,7.516920006778057828e-02,1.874805123058014000e-02,-5.897402729335524119e-02,3.938130246036995463e-01,-5.900081029043208192e-01,-5.301900966017819572e-01,1.457186423495882288e-01,-6.275551721753491047e-03,5.465626363675284843e-02,2.865436524333820831e-02,7.047121142481591570e-03
3.424819576598189748e-05,-6.717387673762776796e-06,-6.738565139981770495e-05,2.760190024177622183e-03,-2.778797407569537532e-03,-3.219834213174843423e-04,-8.655294634235500498e-04,-1.122097255216658769e-02,6.216649274549728571e-02,-2.120841032106428672e-02,1.191677240813217159e-01,8.792517538225540219e-02,-6.065464816911103618e-02,-2.898469403384392948e-02,-8.631762296389476619e-02,-1.664314078794259522e-01,1.910849278297672704e-01,2.585873338603641436e-01,3.158450986987918624e-02,6.708507772050915918e-02,8.305145640795467132e-01,-2.564309372767172301e-01,-2.068097612142512087e-01,5.504095459234840254e-02,7.924803490896294156e-02,2.941568505810005299e-02,8.304972404173794134e-03,-3.987679439243036091e-03,-1.000640159673946497e-03,1.285343785559732444e-01
7.282979651220900311e-05,5.037149408445773719e-05,1.424010110762148498e-04,3.094854763103098687e-03,-2.685960590703860649e-03,1.258777267877572974e-03,-1.578013698795790185e-03,-1.501335489449131914e-02,7.499138181599052100e-02,-2.286025638967023946e-02,1.869737228954672925e-01,-5.476791557873403327e-02,3.058262513434660823e-01,5.967783598934089939e-02,-8.994885866889107406e-02,-8.349587507135293463e-02,3.976348060260379014e-01,2.949128639578739788e-02,-4.174246746815763603e-02,6.818151012111092202e-01,-2.398604735670182841e-01,-3.928141335743266967e-03,-2.713844659845544571e-01,1.353402440761911629e-01,-2.493798182114693174e-01,7.765838454103729527e-02,4.197419282293673982e-04,-1.264801243457675146e-02,-9.922663774323874032e-05,-1.226620151909540166e-03
4.400762744694026427e-05,4.876092838118253187e-05,-3.112996156824581026e-05,1.072931923157323213e-03,-1.286356781294484405e-03,-2.141589484234888248e-04,-1.409542204393901283e-03,-7.575653163296990414e-03,2.137725413828615514e-02,-9.328734927878050420e-03,5.889560865746160112e-02,4.664548802201497202e-02,7.190573611985429103e-02,2.594115955213792749e-02,-8.968807999786868046e-02,-2.967590011233482428e-01,2.724892265407186445e-02,-4.121232611597824835e-02,-8.602204159360685165e-02,3.707591245411567260e-01,1.268550674676095259e-02,6.745053022782368513e-02,5.836887802126592417e-01,-6.752788662961967114e-02,6.183294484642666289e-01,-1.025848327872221910e-01,2.441649893163256625e-03,-2.118178886947890555e-02,-2.068748496761224978e-02,2.814753875353652804e-02
4.802730234783755319e-06,-5.094777806456066166e-05,1.201028465860402129e-04,9.050200002619810617e-04,-7.073032339095442411e-04,1.000047209134285846e-03,-1.436924951663886381e-03,-9.931919570545455489e-03,1.290597391740565952e-02,-2.494008633900356067e-03,5.673530250614541165e-02,5.941478612376661222e-02,-2.861968614493822990e-02,3.003708930192482418e-01,-7.540287807042640733e-02,-8.661996831046539502e-02,9.305100905402187428e-02,4.790355014765299013e-01,-7.500945272276834386e-01,-2.261173774760227850e-01,-1.539840331018940134e-01,-2.070722142693450299e-02,1.968382339407816553e-02,4.805591369246833833e-02,-3.627759663515218308e-02,-9.282355864536996626e-02,-5.738773108840174685e-03,4.641543127303108195e-04,6.179921899082121799e-03,-3.234249610275254615e-04
-3.070618740105306192e-06,-1.858156240180033558e-05,3.632445623182872373e-05,2.006542834774861751e-04,-2.502129657555094539e-04,3.334648026426246777e-04,9.927541587046692954e-05,-2.724849144316429141e-03,9.360431260579019086e-03,-3.059511657863782114e-03,1.911739834776967142e-02,1.316103915954567466e-02,-3.447346691241961678e-03,-4.095511953221133566e-03,-1.585735103507212446e-02,-3.046864189150456231e-02,5.708357432989030061e-02,7.743200372481005844e-02,2.577448697514149803e-02,9.825576872499679204e-03,1.565353441727829475e-01,2.141369423280306272e-01,-1.500975178903725740e-02,2.445956180774286597e-03,1.019053306787970868e-02,-2.697639979781132902e-02,1.508606676323870702e-02,-4.103118040480631390e-02,1.303405598273426891e-01,-9.475296909784195476e-01
3.102312932131597034e-04,-3.990157161045648207e-04,5.784752868473979140e-03,4.176925993568828509e-03,-4.460105042143346771e-03,8.667408053398103140e-04,1.455499264915015474e-02,-9.897239245113569062e-02,-8.799474226486229955e-02,-3.532233212748465967e-02,1.131858706615562621e-01,2.534653168547332247e-02,1.672647644009864210e-01,2.295991888222131266e-02,-9.189991892785827066e-01,2.162670495319512498e-01,-1.136453883137662629e-01,-1.372575950054672478e-01,5.903924143612486984e-03,-1.157786683944091732e-01,2.862893285813173164e-02,1.649357876801956987e-02,6.947051224951119458e-03,2.239760584762259463e-02,2.027184841189630989e-03,2.504959016335095087e-02,-2.022121555841951122e-04,-1.306887090914153268e-02,-1.138538432165480188e-03,-1.096573967686501234e-03
-5.936290841406528915e-05,2.627368880953484141e-04,7.505611368453918991e-03,2.646972773650646885e-02,2.936653412772258914e-02,-2.064550313569465945e-02,-7.271668410807273497e-02,-5.096236691727764612e-01,6.684868212575846569e-02,8.414196702181512277e-01,1.336272120826589582e-01,-7.201683964884598825e-03,-3.257391397401659255e-02,2.773449105121816513e-03,2.833267844803650376e-02,-4.882684875295364817e-03,-2.167369865571229168e-02,-1.017904324710193660e-02,4.831678509569232137e-03,1.098505316020373553e-03,-2.216712551957415560e-03,3.444780626967230020e-03,-6.589811405848193700e-03,-1.562728721191515785e-03,3.653905831554346041e-03,2.922541273956572993e-03,-4.603498070753086905e-04,3.131775730620436600e-04,-2.878843676531005983e-03,-1.651956570690011033e-04
2.185038430523254891e-03,-1.366326665374889690e-03,4.228958863048204453e-02,5.115595032555947386e-02,-5.249966376868793472e-02,6.501982215411933330e-02,1.257341131413133584e-01,-8.452607379248867625e-01,-5.156306133660467500e-02,-4.843679311979239843e-01,-9.816245717766614032e-02,-4.102424135763889368e-02,-2.761669560606568388e-02,-2.101397269533099906e-03,8.967803614906487419e-02,-2.131218138233927778e-02,1.127546725055080749e-03,1.512501948764535115e-02,1.968718348005325455e-03,1.236685360663364840e-02,-5.872306177038068981e-03,-2.080064467572383547e-03,-3.538710484470347986e-03,-5.279778047133590162e-03,-4.876084295608749323e-04,-1.457786891179557644e-03,4.417111915244049914e-05,2.733378004737182284e-03,-3.588811418093708003e-04,2.486578154715828395e-04
5.723053248862796510e-02,-8.030345871716940143e-02,9.805052689113294973e-01,1.206398576986694587e-01,-1.028285276895442441e-01,-1.922026596766857054e-02,-2.766348391132381415e-02,4.779191616663940739e-02,-5.760757506210956863e-03,1.710830284451568539e-02,2.967438339500515134e-03,8.356763432786600953e-04,-1.075507142242289793e-04,2.947133147545471962e-05,1.694946667260604535e-03,-4.623979995240350160e-04,5.804160541027083642e-04,2.113317704188679563e-04,-6.169753283884164157e-05,2.715409899127957426e-04,1.717554494192533292e-04,5.398318512997950366e-05,4.547808213229957182e-05,1.250188578852726010e-04,5.599572990753954904e-05,-8.121980225832899254e-05,2.177873344394182677e-06,-9.686202416632478637e-06,-5.174790144015994335e-06,-1.311765710687881769e-05
-1.072729231440379590e-06,-1.415507432501058213e-06,4.312789440532461941e-05,8.676069173992815488e-06,8.320597282459567398e-05,7.006218251751458165e-06,2.837202826550931254e-04,-1.377038209898404130e-03,1.213586394475331962e-03,1.818007876183605443e-03,4.369090849405112172e-03,3.941338068099077552e-03,1.362744871069189586e-03,-9.100589588284142828e-03,-1.699819836180406496e-02,-2.530629310244214905e-02,5.523069611060146301e-03,5.719020380590206232e-02,6.543915140060126145e-02,-1.849019093924796076e-02,-3.091121618550569591e-02,-2.152532461679419057e-02,8.859812765725443018e-02,2.266244273415702615e-01,7.582072489816719767e-03,6.554571237476324030e-02,-9.881716298812628918e-02,7.840758169331484284e-01,5.479622993692321309e-01,3.515628735818174949e-02
3.554225934528276712e-06,8.360765427120721370e-06,1.362126016533591081e-04,8.258107960441826755e-04,-5.696644907292738392e-04,7.266315077056795160e-05,7.454074010977827141e-04,-7.427888687079896995e-03,1.953112294326918297e-02,-3.117892458628644756e-03,3.906956130833434682e-02,-3.818733675416443457e-02,-2.445872710042664572e-02,-4.087493663399391353e-02,2.472205842412398755e-02,5.179716384095379295e-02,2.652256786532297683e-01,3.542920019043539759e-02,8.315271072524549334e-02,-1.784765635335469058e-01,6.590140875058278849e-03,-1.046360318660092548e-01,4.908338141013874889e-01,5.502062547267346782e-01,-1.804761523974359183e-01,4.806436241657519592e-01,-2.729561470410219945e-02,-1.247245923348419688e-01,-2.087452879461907940e-01,-5.033288572908591746e-02
6.269266593115276629e-06,2.270320111723716868e-05,2.829436876664590591e-04,9.209122681394707726e-04,-7.389267661630727563e-04,-1.636427006142439236e-04,1.349604351148718734e-03,-1.282681117547616705e-02,2.663131157249560774e-02,8.494534611377690426e-04,8.282871159534022087e-02,-1.454612658569265915e-01,1.953677643443126333e-01,1.005083806618515575e-02,1.396571632574282549e-03,1.155980965985087122e-01,7.014991672879861140e-01,8.906381763079584957e-02,2.576873693200010251e-01,-3.878888703345204081e-01,-1.224591766520229386e-01,-5.811537708935163478e-03,1.059939252423210479e-02,-3.101773738180230167e-01,2.074117628537464064e-01,-1.829997940285976454e-01,-6.273989829019677167e-02,8.670760796084338307e-02,-5.314339731889664020e-02,2.084487704992450674e-02
2.948401719032798810e-06,1.401902818245553252e-05,8.458702368635654138e-05,2.323279963233568788e-04,-2.281451587262345673e-04,-4.238887236114153938e-04,2.729311618432307316e-04,-4.241327489736815802e-03,3.693968515652271047e-03,1.261196106643243300e-03,1.001789492171431886e-02,-1.721475089012594606e-02,1.916221841370381943e-02,-1.096208116676740282e-04,2.290883027044551563e-03,-6.072753520169577035e-02,9.582930173292321385e-02,-3.579953274312688838e-02,3.789257221386796437e-02,-8.757311757903131488e-02,-2.648456904095424294e-02,-9.837634821145947728e-03,6.014129239252273551e-02,4.302099125538797614e-02,-2.943246204531217367e-02,1.445068148554767753e-03,5.286434674018703622e-02,-5.745464969739458860e-01,7.866121415018284546e-01,1.309516326176053957e-01
-2.002115746648933551e-06,3.208647667177829362e-06,8.873728680033054225e-05,6.676190441612079131e-05,-4.440691676944363196e-05,1.424628853185883157e-04,3.092951299555519746e-04,-5.061351890208389166e-03,4.832195641884342620e-04,2.262948191193892618e-03,5.189590046102046661e-03,6.394218495299877625e-03,-8.683447594913962231e-03,8.339076746434671839e-02,-1.143021641560360534e-03,2.151626804650002417e-02,2.201159335549865426e-02,-7.665124747541804395e-02,1.030400694662015476e-01,3.698234905233475228e-02,9.146073647439914578e-02,-1.180976861362993541e-01,2.698255631207165939e-01,2.988504185943938185e-01,-3.549517482185343686e-01,-8.124230168702455401e-01,-1.827206389472254069e-02,-8.570150153046823815e-03,-5.628510438649305531e-02,-5.979948269134195520e-03
-2.732634872324543185e-07,-6.384864500570067816e-07,2.659315328149552615e-05,6.530885276345423053e-05,-6.120711120550529282e-05,-3.147396483182048325e-06,2.005291544157943506e-04,-1.476734992062748520e-03,2.727291943027827445e-03,2.541755221504449365e-04,6.895197370966655442e-03,-5.553658018382565814e-03,5.449125460366595515e-03,-4.011086233532552316e-03,-1.941360750044269362e-03,8.694884309891650481e-03,5.684868440255490957e-02,2.092763184903153814e-02,1.995569032673571996e-02,-3.052626965596426378e-02,6.755441402272516563e-03,9.920554876924107812e-02,3.138873317329511636e-02,2.592274642413988639e-02,-1.803526315540762703e-02,-8.742232379536413536e-03,9.841442710537369187e-01,1.131024460263336806e-01,-3.003389781557285441e-03,3.872288923377629338e-02
7.074853546447027255e-03,1.236300843809478092e-03,-2.204918396607269404e-02,4.674194013046602258e-02,-6.579578032782849861e-02,-7.218093777777818965e-02,-2.141759930308959406e-02,6.114913978602596126e-03,-8.650628860725001479e-01,-1.809517028113712437e-04,4.278274805361543254e-01,1.797942132534676163e-01,8.278825875743711996e-03,-6.355350883766953951e-02,1.379262866609489435e-01,4.679103597280981179e-03,1.572748311412737812e-02,1.901398563751597378e-03,-3.678394411908586861e-03,9.995063362049968342e-04,-7.143509164390946312e-03,-5.577446196904793478e-03,8.670359087095462448e-04,-4.455496275059134953e-03,-3.330052673189424356e-03,-3.254143460288812413e-03,6.146230741539583512e-05,8.080698099067811987e-04,1.214140999244861605e-03,-9.118195028408466714e-04
3.394460425432744774e-03,-1.044998700905870083e-02,-4.021655894415879923e-02,6.468612793608062850e-01,5.009695888614750237e-01,6.353475897159682750e-02,-5.615484391992370261e-01,-1.816727044982815661e-02,-9.596400598596335416e-03,-8.896458560070309718e-02,-3.229423906954780737e-02,1.857695911892810314e-03,6.719700690937783008e-03,-3.440310005123404114e-03,-4.920143082576381582e-03,2.931094701800790198e-03,3.263799325046772871e-03,1.212864106997619228e-03,-8.431561599782706100e-04,-1.421190790492812123e-04,1.123307495057909418e-03,-3.425764394426118915e-04,8.730871356195585905e-04,1.436975064098062094e-04,-5.022626629773009437e-04,-2.865524269228831981e-04,5.732053873111965135e-05,1.946806763131252467e-05,4.403941709894831913e-04,-6.248863767413112334e-06
4.857840622413824722e-02,1.340944692705587499e-02,-1.354947529326452904e-01,5.479373749926982340e-01,-6.882717469854966463e-01,4.344099223584763081e-01,6.386630564673935473e-02,7.238679431815107923e-02,2.951281162876575118e-02,7.114081621567826252e-02,-3.174688098066767716e-02,-7.072106845701501762e-03,3.182589480258533020e-03,2.266378116128976977e-03,-1.047231744243339209e-02,7.005228498455564755e-05,5.759825269056753974e-04,3.988677981210793865e-04,6.158661032006246971e-07,9.375801327864357151e-05,1.107923044471932454e-03,5.017106236096295852e-04,2.736994872861698799e-04,6.251284413127379492e-04,1.449074515613652317e-04,1.846956762635129277e-04,-2.115635425566204198e-05,-2.255561127597405843e-04,-1.485898306914641795e-05,8.396064179802142805e-05
8.613586957160915825e-01,-4.985974170692197283e-01,-8.392859284161302558e-02,-3.553160356521756907e-02,2.686818710455455422e-02,-1.927952470601100934e-02,1.889949103037573191e-03,-4.968417385980705009e-03,4.923723073744892646e-03,-2.297350194309268415e-03,-1.714000403977117412e-03,-8.506936585926026763e-04,-1.467588173786859012e-04,2.897691865454162636e-04,-3.875030788598876749e-04,-1.549306101854335617e-05,-1.113115765573587730e-04,-3.108751649531115617e-05,2.077373379575209297e-05,-7.464236331864497297e-06,-1.378351362652053004e-05,7.590292158555836276e-06,-1.120091735022596661e-05,1.162390809250269110e-06,1.398931434860673986e-05,1.139139072113461854e-05,-1.899649636801048743e-07,3.088381760947130910e-06,-4.485869102017616219e-06,2.707939260668714356e-06
4.491265692532371376e-06,-8.797641755868302335e-05,-1.581073166879885187e-04,8.267813539262166330e-04,-4.766420273091136780e-04,1.471569457163671331e-03,-3.494105235239788974e-03,2.467870236608593875e-03,1.406590417988828022e-02,-1.047734129576043463e-02,5.225246887406578833e-02,6.190173085832855610e-02,-9.070652774931601756e-03,-1.984415062714579847e-02,-1.238889835822634122e-01,-3.668286467819512620e-01,-2.323233817184580385e-01,5.352473063249951757e-01,4.778052254655375530e-01,-9.681695521200935073e-02,-3.209386096380711373e-01,-4.590256487015696718e-02,-1.975253948199322263e-01,2.586955715102166042e-01,1.749571524187403249e-01,-8.113165149598437764e-02,1.210634633347826110e-02,-9.669679757787918994e-02,-8.262743727909228897e-02,-4.586468807543949040e-03
8.767876370635857965e-05,-2.373879404945915576e-04,-1.480507618240975388e-03,1.024962703707144561e-02,-7.679086166598948944e-03,9.295167331896579677e-03,-1.291156810757588917e-02,1.634752406389124169e-02,1.628333284889273425e-01,-9.295582740202344707e-02,4.102116465113888055e-01,-1.558176779978229232e-01,-7.957650941503684461e-01,-2.234593001626948294e-01,-1.397621275862592771e-01,4.090395762544372926e-02,1.311622068521269002e-01,-4.285684276614299543e-02,-3.104020541121847027e-02,9.576538026933829884e-02,-1.667774109655985049e-01,-5.591747769838949916e-02,-1.890307912534019280e-02,-5.949052500737293109e-02,1.112537185151147613e-02,-4.880639479533306624e-02,4.224341639944586418e-03,8.187154927803688351e-03,1.577797202691828826e-02,-1.923816968453567755e-02
1.540424605534750633e-04,-1.541196775371151773e-04,-1.401823629851418158e-03,1.114635645299278180e-02,-8.335029379408690972e-03,1.114290070137829818e-02,-1.419864640958848519e-02,1.227256657351495119e-02,1.880238709669370401e-01,-1.047564651766459687e-01,5.776556875333670460e-01,-5.748831295856601242e-01,3.351256944669635529e-01,4.366128722226067516e-02,1.712879857552318807e-01,8.270556448140969907e-02,-3.359322353101613090e-01,4.370249001031543956e-02,-2.679003839853575861e-02,-9.216012343106064209e-02,1.015237074839730053e-01,-1.746445870317593282e-02,5.699113796998517278e-02,-1.530470628959527827e-03,2.025378157201100648e-02,3.718657991180965208e-03,6.625035053954318048e-03,-3.036437109256000418e-03,9.092780315528365548e-03,-5.929910016062306909e-03
6.898068415764597539e-05,5.760877649531049743e-06,-4.932538567346934173e-04,2.690591983176673311e-03,-2.742191963882952346e-03,1.560126865704607613e-03,-5.910584317566225029e-03,-3.028071869681382266e-04,3.515503177801528045e-02,-2.671793264029839049e-02,1.125968834523989603e-01,-2.423362022313792566e-02,3.676927165406323333e-02,3.880237675289101990e-02,-5.971478581431170773e-02,-7.629115410552265164e-01,7.425404658288593807e-02,-4.932912747463935044e-01,-9.793993434525632980e-02,-2.993378291810862568e-01,-1.223964153520131284e-02,4.753437740964209374e-02,-1.306100811935970163e-01,2.609791175233100793e-02,-1.349716274967422414e-01,2.760975526881076156e-02,-5.956049289257434563e-03,6.479752118581870446e-02,-6.750998304843594533e-02,-1.757386566555995538e-02
1.488164646803397657e-05,-1.675972524405685996e-04,-7.243849265433802229e-04,2.145848268837295854e-03,-1.744749149509963520e-03,6.619158433166011726e-03,-8.848813555938053049e-03,5.823801034421887193e-03,6.477650775403623849e-03,-3.147649349033079802e-02,1.148218239333132218e-01,6.983421556291012633e-02,-2.177015648069958731e-01,9.091029690289411658e-01,3.745680010459644799e-02,7.931758949457470842e-02,-7.447841409927304090e-03,-1.267884528399550181e-01,2.543813865493982362e-01,4.272323707975928669e-02,3.124701867830863636e-02,1.855445602558188425e-02,-2.243066430670916447e-02,-2.072512105264177895e-02,4.978164594542631299e-02,1.083811033000738749e-01,4.135667043620179506e-03,3.407631960236174803e-04,4.726756195751194260e-03,1.484088520145742827e-03
1.059085231142713883e-06,-5.852246244216423283e-05,-1.285768469733528454e-04,9.248545510659851804e-04,-7.182931926352097065e-04,1.414952003518411827e-03,-1.183717329521046012e-03,-4.621244599494603636e-04,2.118692310160334713e-02,-1.342147016649369862e-02,5.972005745446638814e-02,-6.102250624920959633e-03,-6.872381618494005640e-02,-2.899601079764236797e-02,-1.275936593648237423e-02,-8.732958394109023928e-03,5.797118681791554873e-02,1.368379716986553585e-01,4.864175170733114895e-02,-7.207035906546460820e-03,1.777821325273946651e-01,9.143484250923822332e-01,1.450758774660803815e-02,9.421958291678604602e-02,-1.094366508580453951e-01,-2.984706123434635247e-02,-1.150961539999086763e-01,-8.848187876393033210e-03,-3.670991079638495636e-02,2.473633166307282194e-01
