4.845326144976336118e-03,1.026709594723822748e-02,-1.211500996965498775e-02,3.477326361317199105e-02,-3.817736162633442870e-02,-1.383278423464286699e-01,3.623650155576414733e-02,5.778960973956857872e-02,-3.726411803637588172e-01,-1.260007029427411829e-01,4.623477521969538429e-01,-7.346325086738577648e-01,4.686556537030561048e-02,4.468950629409677855e-02,-1.428335410330947852e-01,1.392686921147925083e-01,-8.484187776193359565e-02,-6.791319657901941087e-02,2.098203116219483910e-02,5.976838549950690832e-02,-5.892918565701242561e-02,-1.703570959007510294e-02,3.403877474880204201e-02,-1.353924315398828682e-02,-5.076415145609422010e-03,1.066513198767147716e-02,-2.129086506473818700e-03,4.328745563727903929e-03,1.027333086954296260e-03,3.281752918352916584e-04
1.986754015609278490e-03,-4.266557609008746893e-03,-5.401048377012925526e-03,3.842027449568605757e-01,4.306099324760431224e-01,-2.307963436954821868e-01,-7.788782813948746941e-01,2.207501449133581622e-02,6.651812825770275946e-03,-7.531157092679657827e-02,-2.668447002939167839e-02,-4.848165632142210739e-03,3.298804997119464486e-03,2.187156404253704726e-03,4.726458590488411861e-03,3.247982098170871558e-03,2.060682063103926043e-03,6.501826270867030498e-06,7.477694153336047643e-04,-6.834279204425005531e-04,4.125124748982767197e-05,1.580324700552538969e-04,2.602772808853088290e-04,1.068783574624713957e-04,5.783629296235257445e-04,6.544906985525440193e-04,-1.074752883942307208e-04,1.310909294758026602e-04,-8.943453599273887863e-05,-3.695342096356035299e-05
3.336300768892844909e-02,7.047543104649343915e-02,-6.788638564905323525e-02,3.244079856360859715e-01,-3.319225867780491446e-01,-8.258752277116969687e-01,2.121782451949313086e-01,-7.439083139063067118e-02,1.599904030097517860e-01,8.366540506871611438e-02,-3.076994431849339271e-03,8.631729131228424445e-02,-3.322072614103459623e-03,1.042630725456147097e-03,1.246711927946128444e-02,-2.037815308159228456e-02,1.801128895370802258e-02,9.813893332155553678e-03,-1.453945446327982709e-03,-7.928358388279809280e-03,1.006272838168667527e-02,4.458182720938708675e-03,-4.295647984665790405e-03,2.540512566817648352e-03,1.186187999436285256e-03,-9.421078182167802158e-04,-2.465141572333963654e-04,-1.015728893364562912e-03,-8.850501310620947080e-05,3.624366324064403093e-05
5.031274907918832362e-01,8.595733997722809772e-01,2.636337448815167725e-02,-4.141742063634946264e-02,5.456387136164670554e-02,4.980408208398443004e-02,-8.308346849748037000e-03,3.819636824525245340e-03,-5.242831528817862644e-03,-1.442854091854746390e-03,-3.661078696689475977e-03,1.118059307836353003e-03,-1.393651912668659434e-05,-3.870318464671819664e-04,3.727855849818034382e-04,-8.397994387341213129e-05,-1.644491747046752570e-04,6.002504759491759087e-06,-1.100898883891240747e-04,-1.029985832997670135e-04,-8.245199477350596048e-05,-9.531264683824526367e-05,-2.388849195754169579e-05,-5.437273617404907928e-06,-2.388821348455665781e-05,-2.776532175806733943e-05,2.648152821249766310e-05,1.481946134805649130e-05,-5.170456459562293092e-06,-3.109030817860990872e-06
3.735987400965105029e-06,-9.787860314425523683e-06,3.982245437037856757e-05,2.598392687653786493e-04,-5.005175330872737791e-04,1.424724334360968154e-04,1.314222675285991061e-03,-2.406896314710126397e-03,1.065519419833878614e-02,4.774841075760117952e-03,-3.162171293320920062e-02,3.471387683536122232e-02,2.472309553904500010e-02,5.186723643290791497e-02,-4.325212804424496960e-02,2.510007253555442408e-01,9.450833136940511858e-02,-3.566546506215135248e-01,3.648045241240729236e-02,-3.785256897129231357e-02,-1.441349326048320667e-01,-1.323819376913262791e-01,-6.349095968392376443e-01,4.987571411798999432e-01,-2.699013288137552813e-01,1.235905457464125667e-01,-1.048483900312356838e-02,6.303087214299198104e-02,9.057848357523302918e-02,-1.375206017876535233e-03
3.609061265827164395e-05,4.700909570292904449e-05,7.162982708093320228e-05,2.812028809201793083e-03,-2.424300168078712299e-03,1.165330898861483195e-04,1.170347670274143881e-03,-1.418335764993044167e-02,6.422949131350925989e-02,3.120632783127152976e-02,-1.160665280263935423e-01,5.589796521305818305e-02,1.281049999373122250e-01,-2.846345181484795372e-02,-3.713295787025418931e-02,1.975540815149128826e-01,-2.767866050015156398e-01,-2.364691777223223712e-01,-8.421243432559866182e-02,-1.841010912898163321e-01,-6.688563692302114116e-01,-4.097859222535851220e-01,2.884065898631517633e-01,-1.763478555289213490e-01,3.816682021282474802e-02,-4.920491366041273608e-03,1.542718596726637241e-02,1.224139375225598153e-01,2.563849438313048346e-02,-3.963140256029260705e-03
7.895026369667089829e-05,1.488387537607499295e-04,2.581798347915218068e-04,3.374820229416870647e-03,-1.963030088134859810e-03,1.828724040188430596e-03,1.107453327896260704e-03,-1.729525325112330619e-02,7.772409192265095079e-02,2.931340999297976993e-02,-1.585735324171572702e-01,1.312345852152352853e-02,-2.146004839688972765e-01,1.053939112544060308e-01,-3.090128603137905217e-02,1.793316605657191420e-01,-5.322744125672065341e-01,-1.385302205849496537e-01,3.192208982871550527e-01,5.323245114518755372e-01,1.365703278117656461e-01,9.723805931067100450e-02,2.447793001773110877e-01,1.161512212690429258e-01,-2.704130493985115735e-01,9.850113006317814945e-02,5.928255464897348725e-02,3.713435903016300277e-02,-4.567072918628829400e-03,1.241814356697267321e-02
4.587470210149965504e-05,7.972493550245455249e-05,1.375566545736886233e-05,1.073935781348455158e-03,-1.003733033598311558e-03,2.523765546896859042e-04,1.035097130865774828e-03,-8.481908117657387114e-03,2.210217744942810994e-02,1.308344574062020142e-02,-5.793341634166010445e-02,3.819735319559745823e-02,-3.060432788248615421e-02,6.343474930772652343e-02,-3.251760411200460554e-02,2.963122780726166194e-01,-1.090784824260598584e-01,4.161188967294728730e-02,1.100667993952266221e-01,3.477596756387953403e-01,-8.042295893167646093e-02,9.112476635843439962e-03,-4.830227643371499680e-01,-3.618841213042541249e-01,5.911091491301030398e-01,-1.480698511964657349e-01,-7.694750668377862979e-02,-6.374623570733083111e-02,-3.364174491755823199e-02,-2.601284764193229765e-02
5.522359645831484700e-06,-4.435217946520390778e-06,1.462650296176486891e-04,7.838688679265298645e-04,-7.550801686002323954e-04,7.845369353078323347e-04,1.083400819470010500e-03,-6.531489853273527053e-03,1.343955399044644873e-02,9.102694079201903432e-03,-5.276643179710698711e-02,1.144817325011977457e-02,1.214385306483967836e-01,3.288490958086352500e-01,1.045998661565438522e-03,1.301310350431357787e-01,-1.548236554553324429e-01,-1.540401932545888974e-01,-8.463044593674369231e-01,1.566606154932510819e-01,2.473547505491033027e-01,1.200894556707807030e-02,1.138863587736462131e-02,-3.825140510112768483e-02,-4.782728270594398257e-02,-5.434916589549950577e-02,1.533971601365596285e-03,5.457830645740630558e-03,-1.575545118522652527e-02,-5.969547927324223881e-03
-2.871787075159052875e-06,-1.480847087797698886e-05,3.773822326146362792e-05,1.483854242959190472e-04,-1.939461106774222402e-04,3.408677263040912658e-04,-1.058697414068114043e-04,-2.720461798663921862e-03,9.007675598614451121e-03,4.513288476321147304e-03,-1.920331400579263978e-02,9.273024305455401795e-03,1.606171503433534084e-02,-3.993003214075064276e-03,-1.247747338058634650e-02,4.096580286678238453e-02,-3.983464459878467007e-02,-6.882628661022983929e-02,-3.603529155607575196e-02,-3.463095983746742462e-02,-2.090663746587616834e-01,1.692793230556497164e-01,1.220800604425149351e-02,8.417250937314152762e-03,-1.168632720051810819e-01,2.659243084323383716e-02,-3.243601691786231894e-02,-9.333734484023835654e-01,-1.460563749148205137e-01,8.937436592577553685e-02
2.994999638125895257e-04,-2.508441857309462062e-04,5.483068797294933863e-03,3.408248889276666634e-03,-3.070151336725410272e-03,1.879888767748233880e-04,-1.110360131464205140e-02,-9.403144673452495939e-02,-8.445918401376338591e-02,5.515834166806979355e-02,-1.077634865475236431e-01,1.246566319040643550e-01,4.016335080343998859e-02,1.204632248618784512e-01,-9.495310577314280964e-01,-4.048907611531693540e-02,7.161737737151881167e-02,1.510071996776028713e-01,7.331913908711371573e-03,3.259893323067184368e-03,-9.393057085857201352e-03,-3.950226191201227852e-03,4.485343805120157318e-02,6.170105074244742333e-02,1.384135556186302275e-02,4.729405651592999069e-03,7.067334266159826369e-04,9.219117525221883110e-04,4.722965467759101393e-03,1.120205457518488358e-02
-7.901194361269174733e-05,2.642809434650517271e-04,7.354951306908098091e-03,1.998293309931026621e-02,4.155275107183704908e-02,-2.196260835472097330e-04,9.338740549670863922e-02,-6.261826855321612761e-01,3.208675518982423425e-02,-7.624175266867072587e-01,-1.165548801169317972e-01,-1.010395411726382545e-02,9.612063231966307825e-03,-5.802835478095456564e-03,2.640452992644767502e-02,5.988054860115243384e-03,7.375541067414342553e-03,3.360908463617339088e-03,1.046257993849036578e-03,-6.072764592514524884e-03,3.497729994993937163e-04,9.620554189450548259e-04,2.499098800376953460e-03,1.213428167805825344e-03,3.593871883254874840e-03,3.444852564968652140e-03,3.894867078326848578e-04,2.380723775022289463e-04,-2.513140455882088126e-04,-2.920384261904550500e-04
2.062683039689627938e-03,-8.691688862309131149e-04,3.879126323840545454e-02,3.953847890015799171e-02,-3.367927113134968481e-02,9.720725350177941704e-02,-1.106036186058291654e-01,-7.613661322193921999e-01,-1.121896269783382027e-01,5.960320330163112468e-01,9.846006592505419930e-02,-8.305576183540117063e-02,2.115306956596445676e-03,-5.110673883462754814e-03,9.661568782844208447e-02,-3.252732227355808158e-03,1.209192824850659036e-02,-1.957785558399728620e-02,4.135036486218125577e-03,3.409201293305090443e-03,2.931693299400880363e-03,1.472996890528743700e-03,-3.099995910614726340e-03,-4.780167760847025236e-03,-1.251323633179543451e-03,2.891982716212812554e-03,-3.018045251587070203e-03,2.943143580708267341e-04,-4.028237901967408473e-04,-1.414113215662635365e-03
5.503390127009222255e-02,-5.217161678874707165e-02,9.870914675705968477e-01,1.150122241893469510e-01,-6.398253455315457139e-02,-1.277270464515217058e-02,2.182873901591482479e-02,3.896518735869464178e-02,-2.811540729245615242e-03,-1.995619229334353109e-02,-2.802567451862371037e-03,1.552866140909499532e-03,-2.450300367274820890e-04,-6.202526086862870935e-04,1.649458477211874531e-03,3.893997679056284788e-04,-6.730889353799790562e-04,-1.512713878932365151e-04,-1.187235808990286354e-04,-3.922528042191087588e-05,-1.726373352824848073e-04,-2.418741982462029302e-05,-9.327380465330477463e-05,-1.935812777969665710e-04,-4.266321106015918540e-06,-1.289212368484178800e-04,7.207107919254026988e-05,-3.347670561197559660e-05,-1.200444034343872169e-05,-1.378853364480380956e-05
-7.502375030517844393e-07,1.051952606503847460e-06,4.999401831829587792e-05,-1.015923470264003923e-05,7.081019126195550024e-05,6.340641113512953102e-05,-1.936846616713228596e-04,-1.782628169318606088e-03,1.199885165617040408e-03,6.318023817189269680e-04,-3.740243084462156319e-03,3.412672146462427964e-03,-4.955063794179489318e-04,3.046765210476521085e-03,-1.598652809560352842e-02,2.994758427454098301e-02,-9.921810619084311250e-03,-5.581855023689386713e-02,3.218671054144711663e-02,-4.918013234404502998e-02,8.226903034618353316e-02,2.601703493511483417e-02,1.521666545269248494e-02,-1.466006088610343205e-01,-3.539841321392512424e-02,-1.286306955225228199e-01,1.539245502995781611e-01,-1.629516777445975118e-01,9.456967003334528776e-01,-2.414511878536580378e-02
4.458839715606740448e-06,2.830849526813373240e-05,1.752401573002944086e-04,8.568732569009372300e-04,-4.034498689662167513e-04,-2.194582575377778723e-04,-4.939063544706344963e-04,-6.907202092234686341e-03,1.961214579332551389e-02,9.445088353484577468e-03,-3.582583742403301630e-02,-3.539676575286408722e-02,5.287470519956841142e-02,-6.309800984540075985e-02,-7.116282006684644668e-02,-6.339163830703870017e-02,-3.989411393441600895e-01,7.191358620745412489e-02,1.052203263823418486e-02,-3.688413148501206162e-01,1.490145167368682744e-01,1.131972779066860030e-01,-3.271323953528544326e-01,-4.676590168587718144e-01,-2.334414467970230833e-01,4.897429167732975097e-01,-3.319820826679698023e-02,6.510752074873944750e-02,-2.373958456568035433e-02,1.400486170925549778e-01
9.228029693062916362e-06,5.142516492003794285e-05,2.292125829168971385e-04,1.120610082939591575e-03,-5.151589609663750945e-04,-1.309602643598123406e-04,-7.735007800248708569e-04,-8.726933167710703917e-03,2.620865563687927238e-02,1.309561209256894856e-02,-4.570728558276023618e-02,-6.706560691945492869e-02,-1.008081706761714130e-01,-1.431760380405790872e-02,-1.898033873466898128e-02,-5.282671262280452112e-02,-5.470320398466734790e-01,3.380345348527970945e-02,2.029822119238753816e-02,-4.650817991550590946e-01,1.886444154504135218e-01,1.964164465881620969e-02,-2.528506368749817296e-02,4.149098855633087668e-01,3.340193226473711641e-01,-3.290880390995617466e-01,-1.711883037167273303e-01,-5.078745990930700477e-02,6.433350908755556055e-03,-3.608596348122555114e-02
3.045454995321705030e-06,1.493457237527838370e-05,5.987718651624869705e-05,2.115326900230521043e-04,-2.056550609703394902e-04,-2.237287320648163153e-04,-2.584463656927596148e-04,-3.205356924022502527e-03,2.854390775155020519e-03,5.056923577882769909e-03,-4.211117466619270465e-03,-1.166697083526583266e-02,-1.086436378488907228e-02,-9.499231159625991586e-03,9.972029249512460048e-04,6.993668050243720402e-02,-6.474348712017909124e-02,6.153100484288390182e-02,-6.952788566668673467e-03,-1.086338378718217368e-01,2.439474555700347005e-02,8.847078985855781966e-03,-7.084513078712935397e-02,5.252112507710700318e-02,9.408372437111302278e-02,-6.566136817516995960e-02,9.586282594919500744e-01,-1.191043780703670771e-02,-1.587818430827119542e-01,9.454309566881988203e-02
-1.914891130074083076e-06,9.916811283105139685e-06,1.027283496052883323e-04,4.176722346946719626e-05,8.189070219742095459e-05,-1.761966236744347877e-04,-4.987740621746367554e-04,-5.290067611615962596e-03,1.083881325659968474e-03,-2.596049163781149246e-03,-4.900243058722849807e-03,-8.040551326113346345e-03,4.087817830973127647e-02,8.152847388255662908e-02,-2.366520414577680601e-02,-4.188123204772757624e-02,-3.549739909620266975e-02,2.689794874201993993e-02,1.132720619345212593e-01,-5.178853393527287768e-02,-9.921985757363686442e-04,-3.712357891124944131e-02,-1.865824819038031934e-01,-2.974891129669579026e-01,-5.126470379824002999e-01,-7.460132068558117391e-01,-2.986944477981244572e-02,5.450942970054062364e-02,-1.524269717661579926e-01,2.479700971340850421e-02
-1.415344237965160623e-07,1.345727399847021997e-06,2.682824292414488193e-05,6.298368928459087434e-05,-4.534136527822097876e-05,-1.079502717446317964e-04,-1.413118565742515272e-04,-1.221908440219107977e-03,2.447373404585906527e-03,1.454333227181440038e-03,-5.475617790819363451e-03,-1.268635171385346615e-03,3.363997890303261316e-03,-6.579638867704671636e-03,-2.175698209592483862e-02,-5.609977931086873766e-03,-4.963013590678339720e-02,5.714200643658947330e-03,-4.562097536309523034e-03,-5.667389171149867649e-02,-3.990230975371546196e-02,1.121086764814449160e-01,-4.003973849702420484e-02,-6.396577226399478844e-02,-7.648606149757614103e-02,6.063537732665327112e-02,8.911026253029764865e-02,-4.437897675613083903e-02,-5.372160691463592069e-02,-9.754447806567549950e-01
6.952184780011314361e-03,1.209838232959029427e-03,-1.937157854449168479e-02,5.917947725148291899e-02,-5.879347029137082375e-02,-9.386721299926997775e-02,3.466380356551453101e-02,5.272218251570645609e-02,-8.506608943058424632e-01,-3.137442965888961530e-03,-4.651509517649956571e-01,1.349275639088055589e-01,-2.578880497122375964e-02,-5.181930691483567497e-02,1.306990774371248887e-01,-2.611673375331573232e-02,-1.237923568442116790e-02,-9.822351337153215067e-03,-6.433623078518466328e-03,-7.457016528929123929e-03,3.975021805583457170e-03,-4.859112408229163647e-03,-7.986215258536263212e-03,-5.193880970076130213e-03,-3.251801809391620911e-03,-3.444492185375114084e-03,1.851669844881809494e-03,-4.875112450121339962e-04,-7.050423142874144697e-04,-1.008377003151007204e-03
2.816649720686123688e-03,-1.342889357913742802e-02,-3.666141235144576571e-02,5.582387843552857332e-01,5.929430826590875725e-01,1.325167061491654419e-01,5.542225130671041278e-01,1.614178217906406948e-02,-8.595025153407466478e-03,9.585224886776264053e-02,3.029771308190521914e-02,7.252803686756204363e-03,-2.554302203206598298e-03,-9.250610192065836148e-04,-4.676423710027682347e-03,-2.145152344847503414e-03,-1.913805529270204897e-03,-2.245877657812666553e-04,-7.875601530788659639e-04,7.004800670939638095e-04,-3.482117703888292447e-04,-1.451050040451338033e-04,-4.516247690208786318e-04,-5.523934238274263151e-05,-5.261641217986541422e-04,-6.246668234900704716e-04,5.619070949342198267e-05,-1.503237039924996076e-04,5.380674932581985110e-05,3.839927538061639790e-05
4.762424404027785357e-02,1.557608874656792562e-02,-1.096247712110680478e-01,6.421552765327993573e-01,-5.810777125888509920e-01,4.541386463729925604e-01,-1.290118698249355378e-01,6.176562384148880092e-02,1.977750760637434629e-02,-8.636564985361121216e-02,2.770142958076867584e-02,1.263330446218314043e-03,7.906611488804807497e-06,1.192726812999704740e-03,-1.081899181369787993e-02,2.937367889206655980e-03,-2.885153313842876710e-03,2.703040017084874292e-04,-3.142220057569097206e-04,1.906957415783279365e-04,-9.825285794085123620e-04,1.962731989886066077e-04,3.698254019861187125e-04,2.132952578006709577e-04,4.981024458010340910e-05,-2.019094262004115863e-04,1.854296902935237336e-04,5.827816780838839401e-05,4.405088821389347391e-05,1.044030377317311202e-04
8.604445070355439817e-01,-5.028875859723797026e-01,-6.958657135709321595e-02,-3.474594842606339162e-02,1.506156916359784222e-02,-2.001932235474580130e-02,2.148972349414737023e-03,-4.317125593309185418e-03,5.161003809868411861e-03,2.704055399431045878e-03,1.988098213842247070e-03,-8.496163184594329558e-04,1.220466469641477041e-04,2.827326784371415923e-04,-3.490812530443818899e-04,2.940185724349311854e-05,1.563517959561760453e-04,4.887378859916774237e-05,5.041541105059397105e-05,3.316346857814033339e-05,3.344551885949143254e-05,2.427545010810596953e-05,2.627065997317436455e-05,2.426430284592974399e-05,1.573302108586918890e-05,2.782815498997581150e-05,-1.519191655464867974e-05,2.323263239142534055e-06,3.563368600890312594e-06,2.419501803553263454e-06
5.890986170624199359e-06,-6.241522559965162183e-05,-9.644152002953692269e-05,6.525669465490739705e-04,-3.820682524743109366e-04,2.328298626503976215e-03,3.201196764408108329e-03,3.644912367642965268e-03,1.404270800284704822e-02,1.090686389550253078e-02,-5.934600858193064127e-02,3.452485875869450160e-02,1.591014642734568663e-02,5.270525528074304633e-02,-7.582031274831464718e-02,4.111503381311607530e-01,2.580852112590765191e-01,-5.697418356869059508e-01,2.152033907332270291e-01,-3.068640155275222936e-01,3.895041276644059525e-01,9.167596690732097986e-02,2.338204702023531090e-01,-1.978105714681861471e-01,1.078610006112412506e-01,-2.358953000093765365e-02,-2.520252718934865716e-02,-7.029998424482421411e-03,-1.363279567813877324e-01,-6.707356369219622146e-03
8.651504435087551889e-05,-8.967097395438625737e-05,-1.022729976945166907e-03,1.048711956155149068e-02,-5.496474754283802409e-03,1.184227544602502701e-02,1.121659072816681701e-02,1.658593416779015339e-02,1.730092562488520780e-01,7.187499114187476112e-02,-4.138421136024213465e-01,-3.400825545566719121e-01,6.740707555779605897e-01,-4.052006297529336942e-01,-2.951340245804111306e-02,-2.443676179477080948e-02,-8.752139008500513587e-03,-1.449814097286214682e-03,3.290566477843581000e-02,1.540639342518353161e-01,1.512753829611008238e-01,-2.555265500836270340e-02,-4.298045305209097916e-03,7.536758694402316550e-02,1.357227830626996090e-02,-4.328043266895332392e-02,3.971916146619272961e-03,-2.853918306589673520e-02,-4.033154374680598779e-03,-1.528987573606555017e-02
1.597194126868426323e-04,5.418754204083745473e-05,-1.059616897442968667e-03,1.300755361673979621e-02,-6.131716195601982257e-03,1.504878420595370109e-02,1.278206039232064432e-02,1.708358770451719882e-02,2.158782036347167421e-01,7.698159844154139897e-02,-5.299907201175245719e-01,-5.250727702233979333e-01,-5.312395962650962034e-01,1.374525367225929162e-01,-2.099317995037073767e-02,-1.423083946422439294e-01,1.943405738853891396e-01,-3.130127545081323043e-02,-8.100673428630836281e-02,-7.175303726015409833e-02,-7.911619988155087213e-02,-5.915051824222108956e-02,-4.425765910013141485e-02,-7.344646580870112240e-02,1.066061440593528593e-02,2.121695822102156320e-02,6.279946175457397535e-03,-3.120734888844603830e-03,1.754177084236358984e-03,1.467671421097969031e-03
6.893222798414025713e-05,5.152517742894219705e-05,-4.036550015354099796e-04,2.876709960662805678e-03,-2.189134869038256853e-03,2.336587592359690591e-03,4.626722896668150967e-03,2.127360747567421176e-03,3.313948663051662774e-02,2.962153840731250251e-02,-1.044475423288020732e-01,-4.707857867015754344e-02,-2.606623081755585561e-02,1.012732444225796814e-02,8.583173117461359580e-02,7.168002601910546945e-01,9.578188403154824782e-02,6.128500834059580349e-01,-3.554744170882202792e-02,-1.576196024653645500e-01,3.401072491305756704e-03,3.427352970588808806e-02,9.888058668417185060e-02,8.770500061727017072e-02,-1.581345521673808152e-01,2.586398956244025452e-02,-7.992139907983741853e-02,1.571375481405609328e-02,3.269729147162676874e-02,7.975587727271804973e-04
1.292331202390555667e-05,-9.828669570256439185e-05,-4.847503689712525776e-04,2.396926905030108759e-03,-1.488260011016689444e-03,6.072018815216670418e-03,7.026790799428495396e-03,1.506015135447379832e-02,1.369378902638198822e-02,1.302646775503314355e-02,-1.126287803686431416e-01,-6.670647642046974302e-02,4.011115699346737840e-01,8.098436889127602623e-01,1.542914751973838150e-01,-1.351892538459725235e-01,2.457518139184609873e-02,1.056941545064418037e-01,2.881047733586817872e-01,-9.257072724417686471e-02,-6.003457876505043783e-02,1.865850882912418671e-02,2.470975831709842571e-02,4.733136224195780978e-02,6.554441861404464165e-02,9.122039954897921687e-02,1.091618384438221637e-02,-1.077138444640525841e-02,1.901379158337072189e-02,-1.137761438731301660e-03
3.820307392010797133e-07,-4.313554394892671286e-05,-8.929753209811713648e-05,9.174631461199007736e-04,-5.167312466716557405e-04,1.560849964592918348e-03,1.370644554625279369e-03,9.280595850726058816e-04,2.144416330675817661e-02,1.125614718425219270e-02,-6.072981720906370229e-02,-2.605518296250692797e-02,5.669266645469857313e-02,-3.411389108871928921e-02,-1.375430748067292715e-02,2.898644349312291466e-02,4.628131358595638165e-03,-1.147736854659053979e-01,-8.240259966302394823e-02,-4.419400355937740804e-02,-3.833206931451894617e-01,8.566679245657851105e-01,2.401967479643101269e-02,4.771216046593352439e-02,3.023649625859656589e-02,-9.031298562849383871e-02,-6.795875339232722474e-03,2.543063945601938824e-01,4.546001444883337322e-02,9.039877872948354209e-02
