5.370413364482479017e-03,8.185086679361488343e-03,1.205074235509153747e-02,3.601179295130926827e-02,-3.499408427561533780e-02,-1.259875622049747290e-01,-1.691413160042871261e-02,-8.857626511829118365e-02,4.119200912633375067e-01,5.396148767372643124e-02,4.136860418811172391e-01,-7.367441152282078187e-01,-1.926469375611604418e-01,6.661464238141802385e-02,-1.309581763291199630e-01,7.778437471297078298e-02,-1.963663531371927229e-02,-1.007423101480629385e-01,4.714572146997880221e-03,-8.872576683970316569e-02,-4.930871828474221730e-02,-1.815033940369793070e-02,-2.160106021688812036e-02,-1.470496056142237169e-02,-3.455138132129255413e-03,6.008435203004244829e-03,5.968085336539599934e-04,-1.864471089619454142e-03,6.162123461045276862e-03,1.177986144370193325e-03
2.501278127976585500e-03,-7.758417050346210798e-03,3.364164026064927343e-03,3.327432992434744552e-01,4.512650490526067815e-01,-1.733366322942983262e-01,8.047287390718860234e-01,-4.636008800198691826e-02,5.635213526310937568e-03,6.737103369382031748e-02,-3.366337330476683321e-02,1.792388125755928685e-03,-4.296639134243295834e-03,1.611873700155261454e-03,3.516514398580465172e-03,5.865365359499428478e-03,1.556947119121368734e-03,1.357300610435728527e-03,8.802558794851811147e-04,-1.721578824037213928e-04,1.027590954949298076e-05,3.105113715422128714e-04,-2.752766426648974528e-04,4.600679667621349576e-04,6.237216858775095595e-04,7.428025179219799963e-05,9.868450787364194452e-06,1.630449070514949418e-04,1.315431491274869679e-04,1.667687022482251466e-04
3.683795826952192265e-02,5.456625478510916671e-02,7.116360535269604382e-02,3.509122563680147078e-01,-3.078965758044251988e-01,-8.472174183827584359e-01,-1.461506993656718212e-01,6.055768140388459453e-02,-1.404988003826549980e-01,-5.116367836024780791e-02,-4.268533173915446776e-06,7.870430730593731827e-02,1.620415140437299686e-02,-6.780869667195004238e-03,1.601120137493611609e-02,-1.301155002561675544e-02,4.963115634643087797e-03,1.802139594483891105e-02,2.141750293464608507e-03,1.150225766429614771e-02,7.329642577680020935e-03,4.294953778488345628e-03,2.249523720842281499e-03,2.172845184395619505e-03,1.032397209262022860e-03,-6.369451009213191340e-04,-1.164478933343265210e-04,9.278512332774402696e-05,-9.281304813541689730e-04,2.953892792199807010e-04
5.334350501795634969e-01,8.396134395362333525e-01,6.797426938479281255e-02,-3.493075285938727903e-02,4.506775028635826713e-02,5.062927828534921626e-02,5.959734819570026813e-03,-1.157755917556800834e-03,3.148354203663515215e-03,4.586657699732726141e-04,-3.390021291121756049e-03,1.562415704960213409e-03,4.269727364089881687e-04,-2.691933436820838051e-04,4.106883991715328458e-05,-3.434517407555449182e-05,-5.631363144109175048e-05,-8.442996116097185877e-05,-1.264120502760194133e-04,1.648400718078418456e-04,-2.240768309438915623e-05,-7.802936370856625636e-05,3.008634048475986578e-05,2.379552603934619208e-05,-1.123469680258728715e-05,-1.024522266796475944e-05,1.786192817131538536e-06,1.043787107790670012e-05,-4.898233924463548086e-07,-2.080005377219919138e-05
3.998727403952992451e-06,-1.347446593747933077e-05,-8.214016109114856835e-05,2.797944221071862114e-04,-6.084311935610877201e-04,-6.341891883332443540e-04,-1.948144658147314603e-03,3.733914479574432753e-03,-1.132653715422772718e-02,-7.071482942220892048e-03,-2.952359468601391604e-02,3.688438307423513862e-02,-4.259234384728576711e-02,2.038579722960233778e-02,-1.624168828020116639e-01,2.316185958133875900e-01,2.595544692009789101e-01,-1.799024263294629888e-01,2.102601968048516679e-01,-3.260963382987333223e-03,1.867185780282073007e-02,-1.840823484199000104e-01,6.679026650223259809e-01,5.116920303706663509e-01,-5.218436017890300260e-02,1.087352145677401155e-01,1.720074689086534964e-02,-1.001416866625222252e-01,7.053318608873488348e-03,-6.544717333228408651e-02
3.795757004142488679e-05,-4.006874883913507930e-05,-1.357947451922333405e-04,3.146852757671839661e-03,-2.540696320236916252e-03,-1.099257813232299395e-03,-2.106714343865860248e-03,1.645016001865969024e-02,-7.013015685207354966e-02,-1.912618981960473308e-02,-1.216799499176002414e-01,7.261992958924370911e-02,-8.459481330973216140e-02,-7.504370534977661267e-02,-1.215914219960383819e-01,1.307942763484744308e-01,-4.156480330919303662e-02,-4.245463619635775343e-01,2.536687845142966344e-02,-4.956782036998209212e-02,-7.398878235300694328e-01,-3.540606555710053005e-01,-1.477715797497327344e-01,-1.805685402293157327e-01,2.273936367838240435e-02,2.627422900995207006e-02,2.927330922611608762e-03,-1.359907572009898778e-02,9.412004044392238700e-02,-8.427707163756603670e-02
8.348518646186320682e-05,6.146896290457039768e-05,-1.982009691394730655e-04,3.773358740252036846e-03,-1.902187220599511376e-03,-1.115356049436531331e-03,-2.916943358686663670e-03,2.142985258504778376e-02,-7.883946842319169979e-02,-1.801075621794225382e-02,-1.638110771790875220e-01,-7.189952778867572322e-03,1.497591104663193728e-01,1.834541970754976214e-01,-1.469594671623985493e-01,9.891568061308270154e-02,-3.586969091955804489e-01,-3.616240015373404781e-01,-5.389887268321077313e-02,-6.332299995465265896e-01,2.637897177136822036e-01,7.764841548734675858e-02,-2.317256356693180863e-01,2.617584435932048259e-01,-5.852518283706990843e-02,1.090580788139853263e-01,2.455938230328291554e-03,-1.880231862495015244e-04,2.540471554921493527e-02,-3.876949228104013129e-02
4.868401597965099620e-05,3.221685680828473335e-05,-5.081618122835143383e-05,1.164800686152696850e-03,-1.089632659866464305e-03,-9.626991833251403530e-04,-1.514732459170796191e-03,9.457356159142797994e-03,-2.323012613339191929e-02,-1.003671043439772342e-02,-5.878940539904475848e-02,4.193012272962523546e-02,-1.161338251062760465e-03,6.578917509209943060e-02,-2.025194281398239593e-01,2.448557236211776345e-01,-9.286896069201708293e-02,1.892580741469285580e-02,-8.462123803295330815e-02,-2.911574075278846596e-01,1.017300257648010298e-01,8.258919589447798193e-02,5.118976029748465439e-01,-6.650286879260760564e-01,1.198356967385672683e-01,-2.086854674640558349e-01,-5.220551768212665714e-03,4.307655621830949744e-02,-2.245949719348875814e-02,7.788503419133159522e-02
5.701566340167556721e-06,-4.454389204805464937e-05,-1.436112652927378961e-04,9.861838826792632996e-04,-1.037405551293683371e-03,-2.471717974522505578e-06,-9.318854290439291003e-04,1.037720499843257024e-02,-1.707320685312049141e-02,-1.145907141140386012e-02,-4.585982381163059701e-02,6.817066708135009756e-02,-2.449658478922633054e-01,2.493972501853977952e-01,-1.096409330935295828e-01,3.252549019203845415e-04,4.008621296258485511e-01,-3.149194949060828974e-01,-7.324330708480113472e-01,1.610373073876378014e-01,1.514057847929289879e-01,3.454234603852526786e-02,-6.233849167518013684e-02,1.538281677812731573e-03,-8.247859249428581008e-02,-3.492444792881242016e-02,6.927914867664744167e-03,-4.848049719350627784e-03,7.940082201272789450e-03,8.333000618048086797e-03
-3.641246915601855029e-06,-1.746731258340461244e-05,-5.414628129998137523e-05,1.847806439741841208e-04,-1.983311935860431602e-04,1.817656635895198870e-04,-4.632516135753244192e-04,2.627926008368161245e-03,-9.897985830044994313e-03,-2.881152459178410244e-03,-1.946740482713589515e-02,1.235799201066743215e-02,-1.748752331183080905e-02,-1.057537418830744799e-02,-2.387968518630165238e-02,3.187244104412184642e-02,1.474443828389714571e-02,-1.261828305320214227e-01,4.836376649034155456e-02,-3.502127060290878904e-03,-1.805086251772802519e-01,1.801326356108982341e-01,-7.661416644552191887e-03,9.182803607045346428e-02,-7.443241877245400373e-02,-1.473876419923769894e-02,-1.996402273861349816e-02,1.464656232523287860e-01,-7.468945387135182967e-01,5.655779398268822034e-01
3.190175433258079542e-04,7.320083626559144698e-05,-6.549184949363115460e-03,3.910511481002880950e-03,-2.388127521665153220e-03,3.264268011988464657e-04,1.554938676343843584e-02,7.876871464336897277e-02,6.593266947993663141e-02,-9.205615227662493349e-02,-6.483865023064319666e-02,5.885762929812129313e-02,-3.182675525305616974e-03,5.231460110439816596e-02,-8.326755540954982049e-01,-4.841285569693685731e-01,-5.285009573003157657e-02,1.525267378851600242e-01,7.361929766050874513e-02,8.983492915333878004e-02,-3.169472286710394576e-02,3.014562274073823676e-03,-2.560360390255160892e-02,3.165181678855551184e-02,1.308081739569705824e-02,8.991078673541303681e-04,3.015002181751201462e-03,-5.789081827622082586e-03,2.256023629688512933e-03,9.252501195678660556e-03
-9.040767174693871736e-05,-3.876985480596030991e-05,-5.981954862925253219e-03,1.907321695512910129e-02,4.526233761824006996e-02,-2.713870288607948822e-02,-6.050385799166260042e-02,7.045785217430474701e-01,2.566723971609858879e-01,6.357102738987963075e-01,-1.590939341138824514e-01,1.981649791740550115e-02,-1.248821872227103003e-02,-1.677303834329036140e-04,2.429565561031087409e-02,1.187969467699333780e-02,4.066182329053047613e-03,5.622102281945440434e-03,6.451375469220565692e-03,2.722502885459103517e-03,-2.406041994061284390e-04,-3.959751709930375725e-06,-2.257511684658811656e-03,6.387183520949875305e-04,4.549406075598233165e-03,-2.674521025613164817e-04,1.343352745933927496e-04,2.184329070873541347e-04,7.792210455954969679e-04,4.554437537886849366e-04
2.271965323566572763e-03,1.723995836337209207e-03,-4.754962132544966052e-02,4.968486701865789529e-02,-2.884484442695123968e-02,8.977548363066219228e-02,1.165480463770496439e-01,6.697222881903575065e-01,-6.208720232570725519e-04,-7.002387700064155451e-01,1.149000898105762003e-01,-9.030729898843464776e-02,-1.449177206219053049e-02,-1.845375817474877861e-02,9.438392736768161373e-02,4.975602930921448758e-02,1.766195902835750869e-02,-3.127685794081805359e-03,-2.839416097998381967e-03,-1.661045838241578115e-02,3.073773011560575110e-03,2.704048747442565868e-03,3.676459100588580482e-06,-1.943975526372668456e-03,2.219720860804622574e-03,4.308722307445145099e-05,-6.110358801963296747e-04,-5.150070602075118792e-04,7.386228459485398188e-04,4.597086838023046801e-04
5.460760167647867036e-02,5.300311816316374824e-02,-9.906373706867620532e-01,8.722774118064402504e-02,-3.954535767947400110e-02,-2.800507267958304500e-02,-2.036191489582839589e-02,-3.932220361454262514e-02,9.131651730117945230e-04,3.023158946241085582e-02,-2.575182386008258422e-03,2.144409373581054011e-03,4.518136639190665528e-04,7.339389138876713280e-04,8.366826763455512302e-04,6.999379984290369063e-04,-3.620018797750744932e-04,-6.389593382521039852e-04,-2.320813144134388094e-04,1.381960771381172536e-04,-2.931548200330757713e-05,-1.110476064002146788e-04,1.381898597117034531e-04,-1.609638040815348863e-04,-1.115100923585619685e-04,2.034578050016629043e-05,5.601659454950421543e-06,5.747597027512091713e-05,-4.869916301941043253e-05,-5.366028575693378584e-05
-8.864300324252318088e-07,2.892385349402237038e-06,-4.285609889446032679e-05,1.861840112694310297e-06,3.687094279987891568e-05,-1.161142839721646239e-04,3.444856978597366924e-04,1.708560452519056541e-03,-1.503228947794624367e-03,-9.446594398532758008e-04,-2.426435335920208974e-03,2.255743534019040517e-03,1.267840619802517799e-03,1.047670226870188031e-04,-2.235628191678184010e-02,2.839640704281878522e-02,-2.207023478120871685e-03,-6.187619157697397954e-02,6.344245538835004139e-02,5.767381169837567517e-02,9.175984934000809556e-02,8.196366472608301521e-03,-8.559276173986063441e-02,-1.449558002921761679e-01,3.859245497610646562e-03,-1.029982902360885265e-02,1.008196123824481316e-01,-7.205840174195284886e-01,-4.885272195259028338e-01,-4.271758324815055907e-01
4.963435020657839848e-06,-2.642844968989063421e-06,-9.200006380805443487e-05,9.783253840094175216e-04,-5.934509590197643500e-04,-3.397635178793045912e-05,1.200140669935843493e-03,8.629651788121058334e-03,-1.965190967072048822e-02,-3.814157574115134217e-03,-3.340466170334646656e-02,-4.518540248534341774e-02,-1.222481032048969816e-02,-7.107767618865835912e-02,1.269577988019684328e-02,-5.476405140555996864e-02,-2.750112965266290344e-01,-2.614138163565469242e-01,1.701362991699874316e-02,3.403031616508315760e-01,1.762292799954517097e-01,4.406578026341545495e-02,1.428541286306368729e-01,-2.594035333991777659e-01,-1.191846331653121788e-01,7.602353600499274222e-01,8.592221665526482421e-02,7.827725058883512610e-02,1.071154225196731952e-02,3.814505247938933252e-02
1.121119826121002590e-05,3.140717290534870911e-05,-1.112047486562006330e-04,1.240289098209842707e-03,-6.308123934668705395e-04,-9.891639820656795805e-04,1.434288665278145216e-03,1.124986175944225029e-02,-2.611820963148376445e-02,-6.566492989463510420e-03,-4.375482484493382201e-02,-8.126143169923230603e-02,9.903025327012318635e-02,4.338705800063571982e-02,3.762996225303377046e-02,-5.489332517352165514e-02,-4.194352879244054866e-01,-4.185195132556274733e-01,5.817167831547816192e-02,4.703224228264231144e-01,1.717778747100586478e-01,-4.250106562369489194e-02,7.974209470020292290e-02,9.295119020838292501e-02,2.029847121376211483e-01,-5.052905371503232379e-01,2.302298162309156238e-02,-1.028801647031688804e-01,1.185017622931160142e-01,1.756240417060573322e-01
3.720472011891339975e-06,6.339378749646694111e-06,-3.914062352126107270e-05,2.391684043766170687e-04,-2.978566505338204858e-04,-4.891919550338439315e-04,3.720029378970499210e-04,4.050717625753224096e-03,-2.860298570659824784e-03,-3.021290105388325931e-03,-5.240994547937166681e-03,-1.107509931007768199e-02,5.227371597216111387e-03,4.706623063399834918e-03,-3.615243679430228674e-02,5.847178932956777209e-02,-1.027507812095567324e-01,-5.511795014514753871e-02,-7.077451063749364522e-03,1.359259258407685411e-01,5.438604085531244942e-02,-2.866860781085285234e-02,2.260892972171557602e-02,4.039484557170872070e-02,6.643868388870603769e-02,-1.264460436428045953e-01,-4.659775258752350130e-02,6.327123240796521664e-01,-3.642371100989525434e-01,-6.335836954106411900e-01
-1.188141702957088762e-06,1.294383837926917357e-05,-1.266325024747343500e-04,1.678806455883315174e-04,-1.061478095433021027e-04,1.441023923600281856e-04,9.378203760094837652e-04,5.911019307089700019e-03,-2.774190203730240306e-03,-2.841890671544260866e-03,-7.135273349590021130e-03,1.123652520231748116e-02,-6.859055176307843338e-02,6.254154740053982642e-02,2.899146460161976593e-02,-4.518684016976508983e-02,-9.747122780744178761e-02,-1.083353209073467313e-02,1.163560775484071969e-01,3.480676625956066056e-02,2.384066846687613386e-02,-6.270945487515200423e-02,4.071128945918412595e-02,-1.028394143655704945e-01,-9.387503439583436693e-01,-2.489915046154011768e-01,3.355989618706859377e-03,2.047140748568378188e-02,4.532123801953189673e-02,-3.790647713562645543e-02
-1.763449353941379143e-07,-9.186745036249373445e-07,-1.834636541249736304e-05,6.723188373636911183e-05,-4.338354023066669392e-05,-2.678313250031539780e-05,1.229556159462884171e-04,1.111070350600277352e-03,-2.343127125894225136e-03,-2.555691285353490095e-04,-4.911819851104577001e-03,-3.721093976816749419e-03,6.444754240755329485e-05,-7.725844424456001537e-03,-5.592891753014727838e-03,-2.385209874582367145e-03,-2.492041370849593443e-02,-5.517621942995316192e-02,8.990494086981345653e-03,4.750717965153964523e-02,-1.306996378677646037e-02,1.029956001122070280e-01,2.587430062352782945e-02,-1.503194697465439107e-02,-1.802532997735096024e-02,5.780823267189234144e-02,-9.821158407308105964e-01,-1.099084504344656904e-01,8.492568542930697614e-03,-4.255317279290543597e-02
7.368546258301995368e-03,-1.867145412413319817e-03,1.150114667253369048e-02,6.231296436495777080e-02,-4.795973106238756584e-02,-6.144879957067536647e-02,-2.593022253048248016e-02,-1.741087385533801046e-01,8.002006062864073233e-01,-2.552086350808633330e-01,-4.524495762550233557e-01,1.761859158085984922e-01,5.887119205532532346e-02,-4.930725354627773366e-02,1.037211044029014567e-01,2.032726198977594101e-02,1.613235938694039355e-03,-1.284376702276105071e-02,-1.442679090239928387e-02,5.987612087850787204e-03,1.112961760400942718e-02,-3.900886281881455787e-03,4.945272404730194360e-03,-4.482846110939171878e-04,-2.762171051906591335e-03,-2.060809415260655541e-03,-4.011641486861411139e-04,8.866321591529281862e-04,-1.526872327899717009e-03,-1.195609006229987267e-03
3.687592441597869770e-03,-1.900876056974193026e-02,2.380900758256768168e-02,4.965913222262141602e-01,6.589018801682595683e-01,6.964845268097806519e-02,-5.521395188248309216e-01,-1.091347996802130051e-02,-1.901597789483031736e-02,-8.172265193990177479e-02,3.720552381158451216e-02,-6.177546856037481257e-04,2.679442886951567508e-03,-8.830170258605727360e-04,-4.558071357392378189e-03,-3.867756742577915796e-03,-1.544849782702251801e-03,-1.420620032423539156e-03,-1.156075121918682513e-03,2.263541863316551918e-04,-3.969452941099872885e-04,-3.008374923433428322e-04,5.454339775023826472e-04,-3.633502875919450187e-04,-6.840442018910186314e-04,2.959181672836112134e-06,-1.427109154030311482e-05,-8.259337967944665559e-05,-1.531272122138644005e-04,-1.286958438794504089e-04
5.057011380195749334e-02,-1.003673965176570503e-02,7.467159839204468019e-02,7.072949435142590335e-01,-5.070593148788361537e-01,4.635487910071919293e-01,8.148707084478591656e-02,-4.223542653308525602e-02,-1.027028553748745958e-02,1.009083433286633025e-01,2.544177220734901781e-02,1.832891220313221780e-03,2.274373396393613352e-03,4.892260804507748452e-03,-1.051209865545392474e-02,-2.145495047057723904e-03,-1.156202918677790578e-03,-1.860862818562403426e-03,6.870256568498548516e-04,1.960766315562868388e-04,-1.052863794837016753e-03,7.355487190543911829e-05,4.910900415971218677e-05,-4.683308875868603298e-05,-2.497265735163929873e-04,6.078174937435502207e-05,9.208512169200727075e-05,2.015149761656427125e-05,3.704598507378919017e-05,-5.694553534605743963e-05
8.416901834316048436e-01,-5.372769424182022302e-01,1.342833520498047835e-02,-4.545325904318869153e-02,1.444513315937802009e-02,-1.973777862528218810e-02,-9.133398011195825554e-04,3.682611029058487518e-03,-4.767212019612171968e-03,-2.019617057004576000e-03,1.947163635046128983e-03,-1.162798689881785639e-03,-4.043218250672620364e-04,1.182501667803601263e-04,-1.114794313260394952e-04,-1.264667221262840440e-05,3.573010811420274232e-05,1.263568500020784829e-04,6.314318502016034074e-05,-6.163412143391091376e-05,-1.205583951401802976e-05,1.979059394861299134e-05,-2.718940236241705952e-05,6.618096470231546947e-06,2.030228687834704257e-05,6.482488594671726882e-06,-1.258948478019838800e-06,-6.865068948375761754e-06,7.715985710550226194e-06,7.586417559894261565e-06
5.830872257926295744e-06,-7.238394903094793166e-05,8.647269462839245923e-06,6.830188128491129686e-04,-4.618778529891737292e-04,1.158598509640476355e-03,-4.490735296653267095e-03,-3.011243439400102494e-03,-1.971002821117756598e-02,-1.246147253687791313e-02,-5.616335540219345029e-02,4.369462521700024499e-02,-4.564602109894329990e-02,3.516673916352028306e-02,-2.185679532390414903e-01,3.823174581911937264e-01,4.150791425368923759e-01,-1.713478920047355192e-01,4.993308085825153841e-01,1.382725997733733891e-01,3.293457256160692292e-01,-5.281882684726546193e-03,-3.921930493566007647e-01,-1.913205688385498093e-01,2.957219972132039271e-02,-2.597215473191315932e-02,-1.896148547115611427e-02,1.063594108863001042e-01,8.204321371766851168e-02,9.018724378327605540e-02
9.643403026036599570e-05,-3.647782588105165391e-04,5.107264268762662981e-04,1.151713530290428104e-02,-5.671849085927816586e-03,1.183299888145618144e-02,-1.489798167082868191e-02,-9.177665998633510736e-03,-1.915005889787620152e-01,-2.003561749373282408e-02,-4.319284018316665308e-01,-2.852303763447717189e-01,-4.924979180378801780e-01,-6.284957972144084026e-01,-2.089564865799116433e-02,-4.840800921690811137e-02,-2.429562738483030671e-02,3.625787265740014476e-02,-5.394748419441567494e-02,-9.298165603869250340e-02,1.692565904218496786e-01,-4.926968534060115201e-02,-1.072941430696710413e-02,4.707641076224761828e-02,9.735993821732631670e-03,-7.986798514270328220e-02,-1.119786799501324044e-02,-5.495162827837057201e-03,-1.432557001903202870e-02,1.879122000503029993e-02
1.759711986864059233e-04,-2.016221599162055643e-04,9.146766275743736622e-04,1.305814662562920607e-02,-5.248374331267058150e-03,8.264998257227706979e-03,-1.734468778535219399e-02,-3.691374911907210313e-04,-2.152508197650371824e-01,-3.196750756050971420e-02,-5.516778108997923979e-01,-5.403920306150757913e-01,3.612008233572200910e-01,3.622781636392165550e-01,8.665660599604298187e-02,-9.936905294982129044e-02,1.985005571871613639e-01,1.019014110109258686e-01,3.283856411026699756e-02,7.466621247313742771e-02,-1.035718467503399937e-01,-3.133817906613328014e-02,4.645744501572416502e-02,-6.412495253490782532e-02,-1.244514949289823001e-02,3.520258303191838023e-02,-2.758389476192929686e-03,1.031342967116400527e-02,-2.227294461305325685e-02,-1.365349203340957517e-02
7.581665032837971022e-05,-5.596498359227997923e-05,2.291036058429474296e-04,3.058555352146724669e-03,-2.574223113149161964e-03,1.079155277288219774e-03,-6.376718654681802663e-03,1.371135137075775315e-03,-3.701650537599048690e-02,-1.937379171967604924e-02,-1.152036856530416209e-01,-2.769722638305836121e-02,-4.704572652079302281e-02,9.007271975073673220e-02,-2.460320604103337638e-01,6.543282267350113424e-01,-3.372487657688212903e-01,4.218541881874061650e-01,-2.232880212118779906e-01,2.657941661782456944e-01,-1.119410996202629127e-01,3.844410633702238789e-02,-1.198028584389600609e-01,1.704683978237508668e-01,-6.365798507963614516e-02,5.919085963996202626e-02,6.796733039400992132e-03,-7.506101135734724594e-02,2.487546693724885724e-02,4.091821223808083524e-02
1.555409300746020700e-05,-1.821762330686284282e-04,2.556540956530165562e-04,2.852182717376320654e-03,-1.912608238045066184e-03,6.961397706173253798e-03,-6.608304153650651838e-03,-9.717347967218547752e-03,-3.020731605365955738e-02,-3.245262088532318429e-02,-1.245189124180648144e-01,9.623513850918739843e-02,-6.871455361826169783e-01,5.758041955416046687e-01,1.764876182476635968e-01,-1.219610771149692019e-01,-1.614836481126275536e-01,9.431017423359394636e-02,2.557602761302215089e-01,-2.884580287529184620e-02,-3.538579980948446807e-02,7.080547053325726183e-03,2.126406978445873411e-02,6.977803761277587280e-03,1.364879293939655347e-01,3.991412805475592906e-02,-3.647176313328511377e-03,8.826189599129468169e-04,-6.921127795448150932e-03,-4.888746427250265786e-03
2.931341539191515116e-07,-6.455065090618895753e-05,9.983209599767511977e-06,9.312972168938678675e-04,-4.195388301939683741e-04,1.428679290633839884e-03,-2.451748666198584267e-03,-1.544914880820151071e-03,-2.324906881117076371e-02,-4.588417233620443320e-03,-6.179898159569866684e-02,-2.168473199898326986e-02,-5.349370412934382341e-02,-7.455122869970970401e-02,-2.871075508587633829e-02,3.342357387532503971e-02,6.948797636572925929e-02,-1.605568821753639019e-01,1.030444430793318045e-01,4.838880619856808507e-02,-2.807921082888206188e-01,8.773485640604817837e-01,5.837598125385918407e-02,6.088882291353470144e-02,-3.454501473186376986e-02,-4.965371098747462658e-02,1.176530767435384345e-01,-2.359300350885270084e-02,1.904461767066446820e-01,-1.765859071141417380e-01
