5.041016361375947122e-03,-1.101765369987087358e-02,-1.221098678270833224e-02,2.164863016083900388e-02,4.353623597100704512e-02,1.271088963936253535e-01,3.234969223581858622e-02,-5.969003280119363972e-03,4.041031366923745205e-01,-9.886612745360782994e-02,4.037524726171405898e-01,-7.538848818007268804e-01,1.464954021173870691e-01,7.898075032831040898e-02,1.698014553304774688e-01,-1.700539532907636292e-02,7.588862302509107038e-02,-8.567221597783793163e-02,-5.073633108796851005e-02,1.592407193392415127e-02,2.849268213749748396e-02,-3.752099745204207082e-02,-2.270005600826418071e-02,-1.007422972722043716e-02,-7.489695653865416011e-03,-2.482444289366903152e-03,-2.287989254135496323e-03,4.145117191863868789e-03,5.838738911371421040e-04,5.398927056447451510e-04
1.962951512393681843e-03,6.153179043789586480e-03,2.272068955150092183e-03,4.840406609833892149e-01,-3.042944297668115361e-01,2.362368631401253749e-01,-7.760498220585529960e-01,7.504919116674282908e-02,7.974676854299271936e-03,-8.689101037390285776e-02,-4.046207685646936031e-02,-3.823576223637565469e-03,2.063707225743517757e-03,5.454905004288058100e-03,-3.893521792859150777e-03,-6.930944898048609949e-03,-1.623248829536167066e-03,1.096851728617698760e-03,-4.159887178887007445e-04,9.476270841625490399e-04,5.604314286907759266e-04,2.554126096153205177e-04,-4.953611560290369564e-04,1.208827757894992769e-04,8.336194239572893754e-04,-1.896016004636055037e-04,7.725338791955632743e-05,2.844789861341994277e-04,4.916502450960237689e-05,2.738990123469809963e-04
3.510357662901538583e-02,-7.307501743287241058e-02,-6.734796739036648383e-02,2.259885430256932393e-01,4.084685767262777323e-01,8.241040980616031186e-01,2.136669502990631575e-01,-7.518304583836533939e-02,-1.672924218990944900e-01,5.843811863747961494e-02,2.533908372869940820e-02,8.541824216195338659e-02,-1.451400244084117240e-02,-6.938022909846070299e-03,-1.873581427404310759e-02,8.188253644187687072e-03,-1.348569433436405327e-02,1.351546250236273193e-02,6.293553734840825684e-03,-2.262405789091719369e-03,-4.705832672259044509e-03,7.870129179580975104e-03,2.670555676755378537e-03,1.236828099932443760e-03,1.160980106805904874e-03,2.489035187162551960e-04,7.239008232601553371e-04,-2.458854833227705266e-04,-4.314396347445024295e-05,-1.648571586292806067e-04
5.130633395145617337e-01,-8.532359218435080495e-01,3.376501346020358701e-02,-1.989841396159494277e-02,-6.480399990168612956e-02,-5.372472902184513566e-02,-8.070438622981273430e-03,3.481152337941402237e-03,5.171269837599573073e-03,-5.017782365714925719e-05,-5.086921827738320051e-03,1.513595842819497744e-03,-2.610085989264194378e-04,-3.726368450411328003e-04,-2.894098269713622860e-04,-2.541098718967541525e-04,-5.750442666174918666e-06,-7.624703433120659938e-06,6.841315301326657793e-05,-4.179552377063685647e-05,3.803916742097889473e-05,-1.238525848709628107e-04,2.651911538485621206e-05,2.629182487391142387e-05,3.249674589092607414e-06,3.990761158844456909e-07,-1.402053051333248743e-05,-2.131785681647611945e-05,-3.094622252457814342e-06,4.131674571361021486e-06
4.604588734071005006e-06,2.357131550036821016e-05,7.266150036872205675e-05,2.693096395876248524e-04,7.215337282866173246e-04,9.610433368816312816e-04,1.686444935865160375e-03,-3.287800543033545658e-03,-1.185749126382404546e-02,-1.139833766502634403e-03,-3.011420853717211576e-02,3.864290669530030115e-02,3.597369978681359826e-02,4.640604597574943951e-02,2.070788507128590028e-01,-1.346736899965555179e-01,-2.068217286430218405e-01,-2.266939937194994981e-01,-1.879366771802767344e-01,-4.394330254972793337e-02,9.793878551538424959e-03,-1.770058127002230863e-01,6.262953490439475690e-01,5.863368419701073808e-01,5.343568832884250386e-02,-1.396988306028754678e-01,-2.686435666852544923e-02,9.982370397329406314e-03,-2.194341525349942628e-03,-1.043976705658851561e-01
4.737695030717067798e-05,8.427159659421743485e-06,9.347179614476381672e-05,2.537538903411176803e-03,3.566265568398162625e-03,1.589300214838613350e-03,2.326825034926119102e-03,-2.918979973565021067e-03,-7.161308608127051056e-02,1.880105819946831583e-02,-1.158315349214884826e-01,6.317454981678798098e-02,9.799149020349513795e-02,-4.615278029734358467e-02,1.626504498583261904e-01,-8.983958718241312480e-02,1.795537046524165736e-01,-2.889178822660467549e-01,-1.218337237317229232e-01,-2.600762600973025029e-01,3.668611534585970446e-01,-7.030764068783046383e-01,-2.368708728333203395e-01,-1.796444503360379030e-01,7.724030995565292317e-03,-2.854505212793937222e-02,-1.159576812438884025e-01,2.961487210820442847e-02,-2.515504009035856268e-03,-1.149143147302620661e-02
9.112190523907938563e-05,-5.125197462019670281e-05,2.512459944980616850e-04,2.987850487780760456e-03,3.344997730752578835e-03,5.891037043005873611e-04,4.803780969510001476e-03,-3.215921047561492562e-03,-8.095410634559906116e-02,1.975936006510412013e-02,-1.604116836735005325e-01,1.039257673458683466e-02,-1.604194022497716643e-01,1.966579929868242094e-01,1.934234142973337289e-01,1.408111498994214089e-02,5.737695704818909226e-01,-2.560284090208033714e-01,-2.976145243564418674e-01,4.338776988478034724e-01,-1.270886271628333397e-01,1.488232034599775711e-01,-2.631879099689461432e-01,2.712271800541929956e-01,-5.177770683366850896e-02,-8.767023097357752592e-02,-4.153833288482809000e-02,-1.382250113279630786e-02,7.042544617835996314e-03,9.546691724852854333e-03
4.981524388321623777e-05,-4.918732563128837439e-05,3.473164762521643124e-05,1.024134732342834924e-03,1.609767398507890761e-03,7.485442749635540629e-04,1.738203910313255779e-03,-5.653145661437117796e-03,-2.588371081990651842e-02,6.285569552290998056e-03,-5.371701583423053178e-02,4.344920929176884078e-02,-2.813677605575235288e-02,8.755530111917306235e-02,2.637587949154304723e-01,-1.772514601360369313e-01,2.025040533524206376e-01,8.168641116908971142e-03,-5.773809052309934742e-02,2.963435036095820596e-01,1.194885643727726376e-02,5.416340125099446167e-04,5.576440657551458013e-01,-6.181335772659800609e-01,1.245723445669668084e-01,2.035313716202797052e-01,3.878186950076368406e-02,-8.332310747049497673e-03,-1.185526914233741777e-02,3.081283194201520081e-02
8.778027537384812051e-06,2.011195763638555579e-05,1.758184507271258186e-04,9.569983100655074775e-04,1.171566937757389940e-03,-2.268519062890808104e-04,1.392221474465855837e-03,-5.618986582117337265e-03,-1.866146510442593873e-02,1.029365289743468075e-02,-5.255076657991341466e-02,6.172699908493897714e-02,2.361539408511132698e-01,2.493312676735303657e-01,1.054520958045656043e-01,-1.720963606663592285e-02,-8.091468207389760844e-03,-5.459154889571810054e-01,7.337120067715448002e-01,2.364756985830863273e-02,-9.440825461417265418e-02,9.677101806359447722e-02,-1.265079825496790225e-02,5.185295493690991221e-03,-7.484089810849152424e-02,4.745317306173785221e-02,1.239521193782507124e-03,8.346537520673007540e-03,6.283748011325400278e-03,1.331102493923949463e-02
-1.902726735715862173e-06,2.212968957186862851e-05,3.619273306467869745e-05,1.874963393925156328e-04,2.891626880249761108e-04,4.718324325052510364e-06,3.579152348088065040e-04,-9.734831539927410069e-04,-1.002049338211248239e-02,2.526540081864122548e-03,-1.800717481539231696e-02,1.137764346197163608e-02,1.018274853265508338e-02,-2.515991488583228537e-03,3.043679436951420014e-02,-1.732961337370445692e-02,1.380818768728144311e-02,-8.928695403180750279e-02,-5.709580360259104703e-02,-4.560983195447208122e-02,2.310483829636685582e-01,3.983579989962372780e-02,-3.141048244252093308e-02,3.767895504028288128e-02,-6.577525065162492801e-02,1.375511803162082249e-02,9.028147651658253725e-01,-3.247080812355862545e-01,-7.745366483528206246e-03,4.622305103713259672e-02
3.274460268230180451e-04,3.644687491261977140e-04,5.720145446650195392e-03,3.850292382910666233e-03,4.956339183889301933e-03,7.906481360638947667e-04,-1.761138816508416374e-02,-1.143021655850318258e-01,6.438932478098359502e-02,4.117913316596497064e-02,-1.156232327544546024e-01,6.566700505192461790e-02,4.253104969831984078e-02,1.882570084171474381e-02,6.172012300498014303e-01,7.204578925431833758e-01,-5.113307794230879250e-02,2.133392495698150648e-01,5.505590355290757021e-02,-9.662709671968443270e-02,1.754862641122726351e-03,-3.340652660912957119e-03,1.665459278488543851e-03,1.000108063009266281e-02,-5.953056227351037274e-03,1.089692433173462469e-02,7.388359468407865172e-03,-4.649921982983210890e-03,4.273974863154054137e-03,2.680650129505596918e-03
-4.129592912146221880e-05,-1.783148476127858681e-04,7.507304615011718002e-03,3.650959450654914229e-02,-2.288722151817350683e-02,-1.495125706228330256e-02,7.773914569068678115e-02,-5.228273543557304670e-01,-6.888765968668700279e-02,-8.269204978846721454e-01,-1.641391807631608912e-01,-1.934186845143425967e-02,1.065110105714770286e-02,5.653943739051750170e-03,-3.521017818287536932e-02,-2.721980529257289963e-02,-1.427411825554351227e-02,1.262540453040669058e-02,4.334843933554515492e-03,5.319528942335089751e-03,3.668080982809351475e-03,1.428772931018956619e-03,-5.440091282775889707e-03,-4.471471310502055248e-04,5.215294769779266898e-03,5.610200737292716762e-04,-8.711190340451039271e-05,8.310213141525825669e-04,4.466529298864149039e-04,1.626847848865240094e-03
2.373096350349978515e-03,1.910598546375752048e-03,4.136098796375735354e-02,3.966962192638753132e-02,5.692440738989102550e-02,-1.080532288641134486e-01,-1.701940506544919185e-01,-8.241802256097053858e-01,-4.377170628653696133e-02,4.974804779604618532e-01,1.006741824491305531e-01,-5.857008898545914416e-02,4.481153384280589860e-03,-6.550543489190123123e-03,-6.250802463951600496e-02,-7.554350483580260511e-02,4.190410189547482273e-05,-2.346983120567949083e-02,-1.212875784425576815e-02,1.317178458982313886e-02,-1.254867282721128848e-03,2.495810874731354840e-03,-1.928807506190986093e-03,-2.140949889303636112e-04,2.249232262775078921e-03,-3.032840125159954638e-03,-4.492891833979026730e-04,2.706540561558916889e-03,-6.910374484460944178e-04,-7.012841088153305962e-04
5.774598597065532662e-02,6.373747210382967043e-02,9.868364112056795534e-01,8.083357260391774157e-02,9.527752196887763481e-02,1.459426349009788904e-02,2.714371804051543893e-02,4.281182702323448053e-02,1.093016832445138989e-02,-1.526910503829552457e-02,-2.508470577268073678e-03,9.318910765282721219e-04,-7.808244248275996162e-05,-1.520629965629380831e-04,-9.928172562632846861e-04,-1.165145261080115669e-03,2.393181848390129663e-04,-2.568766235180133827e-04,3.322993294990854711e-05,1.457625244372943096e-04,9.415364225044918478e-05,-9.347924030431575685e-05,5.285405729562672473e-05,-9.627734947777226914e-05,-6.442519011376389101e-05,6.566472988501821531e-05,1.802762287546219587e-06,-5.336166958948391576e-05,-3.344544327088663051e-06,8.224437041993247336e-06
-5.273207588051491100e-07,5.024960026786474122e-07,4.879326565636744032e-05,3.155080010443691560e-05,-1.675083416853802014e-05,4.193327252026060316e-05,-2.407026188701977645e-04,-1.565490659547043393e-03,-1.553644567166078717e-03,-1.826316372874710629e-03,-5.284776509114158527e-03,3.932987939638772808e-03,-1.509305097575603912e-03,3.837077974272711921e-03,2.468815933052717626e-02,-1.438176746805750437e-02,-4.255305195823525823e-03,-2.883816667793404065e-02,-3.713388289148931987e-02,-4.619514785579259541e-02,-6.466744368800105003e-02,6.321370958656036265e-02,-5.604611367188256504e-02,-1.097094233320297374e-01,-1.085255074639713546e-01,4.567535082603183666e-02,-6.707906706287912295e-03,-1.538859774556344540e-01,1.155414035808609297e-02,-9.662679472567163863e-01
8.392734168721903719e-06,-9.885278847207119103e-06,1.304256870475716250e-04,7.805051212945761851e-04,6.253668123300645722e-04,3.383938713726737614e-04,3.605198001757639278e-04,-1.887930688854372752e-03,-2.174064586326756796e-02,2.241372804241408435e-03,-4.327548134779005823e-02,-3.612020615844364207e-02,2.410318760575329289e-02,-6.694791530006713454e-02,-4.601191241779496732e-02,2.513417800421818143e-02,3.301058729029761607e-01,-2.490522681933068222e-02,1.924137336290925038e-02,-4.101852992993659797e-01,-1.298961145294613151e-01,1.864924370962873501e-01,2.033041659855675254e-01,-2.113881760378847063e-01,-1.124313998747596272e-01,-7.440421754045690728e-01,1.008655829264740698e-02,-1.917303265317069419e-02,7.062056638479509429e-02,3.081750598501971361e-02
1.273356811848751078e-05,-2.986373374225153644e-05,1.926165973517318273e-04,9.352143952932764860e-04,7.576431125007741145e-04,4.428050547715285125e-04,8.572901317759507468e-04,-2.488626578208781061e-03,-2.537426602371427309e-02,6.096363566703569097e-03,-5.216620296393673084e-02,-5.754708497966865705e-02,-8.317444626568046284e-02,3.110784808234099558e-02,-7.466240427616532838e-02,3.047040900483747455e-02,3.951165051554853536e-01,-6.368463598690030092e-02,-4.247997008148725329e-02,-5.963190147100440042e-01,-1.564845532400642725e-01,1.556844113160492649e-01,9.991098312220317301e-02,1.335196500595872970e-01,2.842396330487765854e-01,5.222632616928712945e-01,6.188878788785633772e-02,1.648347254930828953e-01,1.397322539984300824e-02,-5.769417325753940957e-03
3.865982478548763095e-06,-1.006832839569307751e-05,5.845641316295904967e-05,1.697314442904385373e-04,2.845620451647347762e-04,3.433707077248514478e-04,-2.635788094608049604e-04,-2.519944614028666978e-03,-3.200994409043741995e-03,1.949466572594833920e-03,-5.385114607175421793e-03,-9.154576976853697964e-03,-1.232529188228322775e-02,-1.844812920622736826e-04,3.886891627472152666e-02,-6.674486853355836302e-02,5.479067142268111146e-02,4.548100127945046284e-02,2.933438167489985440e-02,-1.234341474884229212e-01,-2.756955950683814133e-02,2.719667572295809271e-02,2.105233361746865206e-02,5.030083953636730471e-02,8.763658815207537450e-03,1.186020749971449656e-01,-3.326043836969487244e-01,-9.043198882084424461e-01,4.501318201786470158e-02,1.533595581992602264e-01
3.797915122926103179e-08,-1.554259494911644612e-05,9.309087258604540303e-05,1.334386645882322574e-04,7.444397382259972649e-05,2.112546328718800312e-05,-5.304527566984523204e-04,-4.439937497711058702e-03,-3.763178852368892751e-03,-1.397055757159057802e-03,-6.345559397522469551e-03,1.208159836165910092e-02,6.140397675161537311e-02,6.535794732246880123e-02,-5.651383849938903386e-02,1.596213558289080736e-02,6.921375708586277598e-02,4.270037821420193808e-02,-1.133236606820846593e-01,-1.036771629392249650e-01,-8.806579171887071733e-02,-6.055232686283101157e-02,1.468430053105690691e-01,-4.946075918408405396e-04,-9.151125849081519492e-01,2.659091760342858768e-01,-2.781402015035487271e-02,7.124995901958404432e-02,1.599209267920257901e-02,1.041724784788560926e-01
2.121448071606944183e-07,7.510676370544583084e-07,1.788447476797594383e-05,6.720751479725126391e-05,5.188115471178365401e-05,1.127563366069233945e-04,3.124134758906881628e-05,-4.768109162051655924e-04,-2.440443092288838503e-03,-1.565434520513663734e-04,-5.761494339122037560e-03,-2.472055994706374906e-03,2.304919262207687420e-04,-5.695983594717718597e-03,2.011625121132969065e-03,4.924136974200257755e-03,3.197605811004135962e-02,-1.656432619311868498e-02,-2.242236477151854368e-03,-5.139429991358406002e-02,6.678718453733062388e-02,7.728721060777660190e-02,1.354862639960689209e-02,-2.128827197218148733e-03,-3.013243324927466701e-02,-3.325295886116372973e-02,-4.550194211326121646e-02,-2.924283735641554360e-02,-9.901437491855388240e-01,-2.133549317220451505e-03
7.147182007750123647e-03,-9.988300519095079724e-04,-1.974628289188453886e-02,4.146729371158267008e-02,6.961218505186991812e-02,9.216646549186861825e-02,4.439199838412866833e-02,-7.090158435322964359e-02,8.386998783823151893e-01,7.044784185563486567e-02,-4.616222221125904079e-01,1.850937769398780519e-01,-3.918737333133222311e-02,-4.563502905406682797e-02,-1.062032191865200509e-01,-7.986470041732988967e-02,1.101728661436607130e-02,-1.495131460296474264e-02,1.383666435689133618e-03,9.835725552770655661e-03,-4.076782562428634196e-03,-4.494552464118032817e-03,1.287421179523581512e-03,2.006578290328425544e-03,1.263190831545724611e-03,-2.528536126658986315e-04,-3.243209621359508378e-04,-1.037941956711120389e-03,-6.659721389376203329e-04,-1.850446442094841641e-04
2.798003404178166491e-03,1.796683408686018321e-02,-3.173143130942674556e-02,7.166487050722752938e-01,-3.965696444621497618e-01,-1.524585972464484185e-01,5.403945102185354621e-01,-2.144333880268890422e-02,-1.624677813706997768e-03,1.002241568757453044e-01,4.368398030384805508e-02,5.506913235553361971e-03,-2.134746638248681203e-03,-3.970966783000842368e-03,5.277679488092212011e-03,6.120534308314861879e-03,1.913364613525843708e-03,-1.328072744207617643e-03,1.146447405151941357e-04,-1.021427502331037976e-03,-3.527564974791412371e-04,-4.163791794040364188e-04,7.467576845459085845e-04,2.293798722238208390e-05,-8.262448469015693398e-04,9.790713462061265430e-05,-1.690327266965313300e-05,-2.680492340564834177e-04,-5.714960444754657820e-05,-2.841830325095492786e-04
5.017391793210272677e-02,-1.092306293815021971e-02,-1.051985263284311439e-01,4.333243394752390176e-01,7.473632660374511794e-01,-4.490202487349971849e-01,-1.411902054760515446e-01,1.084217232878107590e-01,-2.605855290423644138e-03,-7.923872456300530553e-02,1.409469573885021101e-02,-6.408696586154414253e-03,-3.345235403025474219e-04,2.891856449991135874e-03,8.408329486358650379e-03,7.573113496332221223e-03,-2.839372025350308021e-05,4.643664953537051765e-04,3.712245981194899937e-04,-1.501634312418360668e-03,7.921277044019522408e-04,-4.426122541842219800e-05,4.796702961401663376e-04,-1.164185658641604020e-04,-3.941912981241093910e-04,2.111123057828246600e-04,-2.352931189158779705e-05,-2.297041885904984779e-04,8.767840948506502017e-05,6.610383480534953629e-05
8.541590837548728166e-01,5.118394438631859167e-01,-7.783025601638436652e-02,-3.230260421240032515e-02,-2.720979571635748911e-02,2.252588209522162974e-02,2.450110988108569494e-03,-5.445024998993095409e-03,-6.047500858263831457e-03,1.696802054201232554e-03,2.767243802719524057e-03,-9.271165257402920858e-04,2.257685629654509736e-04,2.316166817853689377e-04,2.775638483493604721e-04,1.987354693411946935e-04,-3.425430419901508616e-05,5.291823611689017008e-05,-1.411724873776017501e-05,-1.266024925408810041e-05,-1.355107596236846314e-05,3.791509882768931693e-05,-2.454021864775208700e-05,-5.947617141667526180e-06,8.252049308389121507e-06,-5.446339404413484274e-06,2.874850933681849294e-08,1.510392636132395256e-05,1.841761222711319881e-06,-1.577715645180064223e-06
7.301354208296934177e-06,1.043367322302805986e-04,-8.071920683913267876e-05,7.516190768151408651e-04,8.083370037380292099e-04,-2.394769807847010087e-04,3.817876194131085768e-03,2.460827875565306522e-03,-1.617498899426956030e-02,6.584387153706509899e-03,-6.224523491622636212e-02,4.336701644490510710e-02,2.206291432276208039e-02,5.836897450258274334e-02,3.265571302531165565e-01,-2.293282561181807511e-01,-4.634076025935533472e-01,-3.126447345795600463e-01,-4.000788877547892253e-01,-2.237249715070173672e-01,-3.293278131219966598e-01,2.543282964835492099e-01,-2.548058515442085392e-01,-2.313448056780270934e-01,7.267650388275309105e-04,8.725957075442309849e-03,-1.267806934309102969e-03,2.602404526180858435e-02,-4.380053353748933863e-03,1.257896827709512610e-01
1.232475661552826429e-04,3.488034840677217935e-04,-1.124005318574851147e-03,8.446398983876956396e-03,8.181122234431388238e-03,-1.907305011066044546e-03,1.547936774869048890e-02,4.138099840577458277e-02,-1.914118514680379080e-01,8.867692047557319823e-02,-4.396651479720490863e-01,-3.090160623275926000e-01,5.122722216860996491e-01,-5.913364939353994432e-01,1.802620668864044970e-02,-3.638269057996872113e-02,4.401081457255367341e-02,9.870856558805009978e-03,-3.340406312640381657e-03,1.367358051073443159e-01,-1.342448769933915209e-01,5.039059693455066186e-02,8.039268398970150775e-03,5.112584939050700272e-02,1.157213623316648114e-02,7.912586800903166628e-02,2.044649627470303613e-02,-1.189622323077681133e-03,-7.724957218360785360e-03,5.782591683331766291e-04
1.885335921031502883e-04,2.713317306693600124e-04,-1.027419315852866333e-03,9.719499185529447208e-03,8.794190851732839112e-03,-4.047475580176584540e-04,2.401364331109092851e-02,4.265435389433287067e-02,-2.015376422538208978e-01,1.162351500428073503e-01,-5.436564340795851935e-01,-5.129294552407189789e-01,-4.030146333866649333e-01,3.462596025714244630e-01,-1.501898765983394890e-01,9.418390475183634203e-02,-2.152514871478015956e-01,1.154242181025409014e-02,6.112512467664737298e-02,-3.456732200950468625e-02,4.575030932971021341e-02,-9.064393246811347504e-02,4.814852819191758893e-02,-6.799505673539187056e-02,-1.751478235992578666e-02,-3.987208932147269513e-02,1.807815667453475461e-03,-1.809031776459158955e-02,-3.360866712980184988e-03,-3.566407240696606914e-03
7.633986721745701393e-05,2.787655060833689764e-05,-3.873724605671849527e-04,2.206811274972708594e-03,3.320677572533136529e-03,-5.318765145962826472e-05,6.372966482351103377e-03,5.991409305252905909e-03,-3.776303139220785893e-02,2.852704033733509392e-02,-1.013369850785584558e-01,-2.686704073907224613e-02,-4.528652999891875919e-02,9.767697312373165019e-02,4.540108663217768958e-01,-5.822219762202125448e-01,8.239475716702852892e-02,5.076067370330279438e-01,2.733333353550819189e-01,-1.160676208593256764e-01,6.553767546633189334e-02,3.712603391870913233e-02,-1.563233537132695250e-01,1.695303692174760513e-01,-6.725250944380813112e-02,-4.476089845396081374e-02,3.490121523499585543e-02,1.012070705310079977e-01,1.592202212643530415e-03,-2.234520002877976932e-02
2.611034865377499185e-05,1.359731225211129458e-04,-4.966355691040324994e-04,2.120018918294786121e-03,2.287084283427488068e-03,-3.909340848295458047e-03,8.503529979204433806e-03,1.230223668095952946e-02,-2.633064474615405895e-02,3.773079688163509526e-02,-1.062557604063195521e-01,6.396554484550927289e-02,6.645084036026980279e-01,6.190116097446991539e-01,-1.864560478646173913e-01,3.029483773424934342e-02,1.236620580054952588e-02,2.346492878219649802e-01,-2.171749521437464636e-01,-2.313385790061438241e-02,3.799399353236970756e-02,1.407566126871186846e-02,-1.777931066715830385e-02,-3.253816376456517955e-03,1.221245718467828673e-01,-3.884040997003121443e-02,-1.215246252221966524e-03,-1.790642054381658133e-02,-3.329346622690958647e-03,-1.356303007029320204e-02
3.009164265497477478e-06,7.143709037425766573e-05,-1.067141298176627724e-04,7.921428494968149256e-04,7.083766722807444561e-04,1.647088528160889429e-04,2.474730202697339888e-03,4.307962385878840415e-03,-2.248857759589857966e-02,1.242813171250740055e-02,-6.295948825619572531e-02,-1.804633842887052447e-02,3.420698377234276250e-02,-5.371598344057464808e-02,3.937569997118001847e-02,-2.426258402742043855e-03,-4.176129794390753130e-02,-1.384699780219627863e-01,-8.702770596342536413e-02,-5.711672108189322361e-02,7.700829949487649762e-01,5.378988829340873856e-01,3.156041157620043808e-02,6.118350680235962007e-03,-7.297153907092131242e-02,4.711608930381149668e-02,-2.199471875892917150e-01,8.182340907464087654e-02,1.076713813596502228e-01,-7.224148949863617997e-03
