5.045993261100316200e-03,1.104281909226428708e-02,-1.265555125701676477e-02,-3.771577584033344172e-02,-3.384194924834757479e-02,-1.239340360844679995e-01,-2.137274882464433243e-02,-3.559851036620110404e-02,3.731953427080004215e-01,7.551812571266866558e-02,-4.922281882443406142e-01,-6.414891686688879435e-01,-3.343857557298608452e-01,-6.533390968868457716e-02,1.204795236282949766e-01,-1.417560104870850546e-01,5.317581591989644502e-02,6.983204301482112686e-02,-4.925919017177524811e-02,1.180136522271962723e-01,-6.649098277825710168e-02,2.105066369358424977e-03,3.502714811197517319e-02,-2.582324575207818954e-02,1.028177043139759557e-02,6.356952021144877431e-03,-5.969698445727186775e-03,6.209147437766021280e-04,3.792520085813690968e-03,4.735836210764273434e-04
2.168604549589443157e-03,-5.316503477707951522e-03,4.516852678507911334e-03,-3.523101303864388245e-01,4.522142994920773651e-01,-1.243439849185773577e-01,7.954826424842320609e-01,-1.053046728705457763e-01,3.082801385631809069e-03,1.085844868071153269e-01,7.000037270916172928e-03,8.670419604544905845e-03,5.205216366137556611e-04,-2.069039072554712620e-03,-5.919163488803782895e-03,-3.661833062794778680e-03,7.636794247208463741e-05,-2.447697362069980748e-04,-1.487744914151895069e-03,-9.929222435043545160e-04,1.194933866204219916e-03,-4.676851701995921235e-04,-5.079979613271712368e-04,-4.394374087893481709e-04,2.364177515009031427e-04,-7.573061747820756563e-04,-1.216129091711782981e-05,-4.869346340920284607e-05,-9.955142017031397012e-05,1.449068373325821074e-04
3.475718451511802115e-02,7.328852267087768158e-02,-7.194532779927609312e-02,-3.375668158275110797e-01,-3.086380771661886291e-01,-8.538343693467848050e-01,-8.349019646366168113e-02,9.070261155366982075e-02,-1.404305576365227626e-01,-8.469581763548814091e-02,6.743371029942041642e-03,7.319627864921209037e-02,3.412811562465193488e-02,-1.761455509512584346e-03,-1.036131741485701169e-02,2.264665665747590817e-02,-1.098779212756394001e-02,-1.131519619010830022e-02,4.632903899779571011e-03,-1.789065310965188074e-02,9.919172816986768573e-03,-2.037683431905838987e-03,-3.764300764664314011e-03,3.054442827349719211e-03,-1.238606200774291458e-03,-1.073343713137299904e-03,3.165856354466499217e-04,-1.406440024067144394e-04,-7.041746198438234147e-04,-2.775807311336250327e-04
5.141147588099604926e-01,8.529423357210027534e-01,2.679048259254554129e-02,3.913343809883785412e-02,5.159141280183796724e-02,5.654758541345032002e-02,8.222500820044410081e-05,-4.491850792942191431e-03,4.388336413770544363e-03,1.760118789636443007e-03,4.680296299878558205e-03,1.178630618849075022e-03,6.833056417743204724e-04,6.871756825809462394e-04,-3.033642631600414244e-04,-8.023201960264719670e-05,2.031329889863667994e-05,5.329590125238683129e-05,1.800241873484090943e-04,-5.162499872924288788e-05,-6.182895358509491184e-06,7.117307462092741584e-05,-1.019655577974508512e-04,3.066528928321666966e-05,-2.833090514022121588e-05,6.789806654645558943e-06,2.757074761991744276e-05,2.477289176196103055e-06,4.745059227204768635e-06,1.225488324250967853e-05
4.120463397724926239e-06,-3.261953973077508841e-05,6.400162920546852922e-05,-4.188163638737182350e-04,-8.454877289614791966e-04,-1.556317524134138422e-03,-1.300012601909443207e-03,3.039504499902751303e-03,-1.017131088747195815e-02,-1.695117331354239294e-03,3.264768145515842962e-02,5.517094492526559979e-02,-5.819865240024759204e-03,-6.986473490394165542e-02,6.988163955396863025e-02,-2.628367471487232931e-01,-1.216834493731218658e-01,3.046739269189802646e-01,-1.882385866188790446e-01,3.149514428087168277e-02,-1.324822708288042605e-01,6.935833799442749081e-02,-6.276520348233854962e-01,2.052986721752237120e-01,-5.190281474875216849e-01,-1.948693156616618238e-01,1.105685813174499613e-02,6.685287514112145911e-03,6.336344453975380209e-02,-5.316485708413640210e-02
3.941569518680758274e-05,-1.010404545879199581e-05,8.089394129354014230e-05,-2.779365534787515274e-03,-2.700466695731004382e-03,-2.484266203236699770e-03,3.127158422978560271e-03,1.073487068531729823e-02,-6.185436810472579039e-02,-1.680912752176985658e-02,1.323858371025218306e-01,1.048485639230058719e-01,-5.278034550864171143e-02,3.727979234732738817e-02,1.027021859674367432e-01,-1.737764148550078602e-01,1.925507008029034572e-01,2.596016644913225480e-01,-7.757504790341198005e-03,7.723087851761688272e-02,-8.010104120298177088e-01,2.339922870085192619e-01,1.464424702428128722e-01,-1.910057097619352606e-01,2.106348364668997331e-01,4.851049049071952390e-02,7.055438199341828448e-03,-2.556345498351411585e-03,1.036123366854776184e-01,-3.885276849674803071e-04
8.066690744766897192e-05,3.983723036842361513e-05,2.835039935260066902e-04,-2.969588265066282727e-03,-2.802070846107480341e-03,-2.711560994030644701e-03,1.231973071844796094e-03,1.492933393146158617e-02,-8.072393554528611848e-02,-6.241922457562527372e-03,2.069784049027457995e-01,-9.645181087920381979e-02,1.896072585519615883e-01,-1.823853859798654498e-01,4.497430126495611385e-02,-1.086705064231319184e-01,4.523961995139224035e-01,-3.375938346405694263e-02,-2.539340058090528984e-01,6.088600991020076680e-01,2.130044839823913572e-01,-6.217550020806469208e-02,1.273758819140561327e-01,-3.094609989702983843e-01,-2.189563193449590162e-01,-7.896696107158482358e-02,3.489802494317477410e-02,-1.654847641864691911e-03,4.878686239303779183e-03,1.900638155190413278e-02
4.632043209948295451e-05,3.390173960968113665e-05,3.723019646867905451e-05,-1.210148990663113475e-03,-1.352515435040504803e-03,-1.829031800744111052e-03,-9.981817221762073744e-05,7.477537778749043795e-03,-2.425044536665012934e-02,-3.356916255078508382e-03,6.691117697192271174e-02,3.633775549222982570e-02,3.622630679138805904e-02,-9.251012598105395890e-02,5.566710596310481263e-02,-2.958568422924004460e-01,3.040976432628085188e-02,-1.114163497441556794e-01,-2.098189752620648052e-02,3.922842666811949819e-01,3.597741586717909806e-02,-3.321679845646560714e-02,-1.339608399214385903e-01,6.648848424524841372e-01,4.915446227356377595e-01,1.436096223588609888e-01,-2.120408602998308245e-02,-9.359605555033284532e-04,-5.991465272289938498e-03,1.526810923369913316e-02
5.735488490937872086e-06,-4.202042787444104513e-05,2.137942544037176626e-04,-1.053331098321192349e-03,-1.088696211456748704e-03,-6.429015410493441919e-04,1.431476304113026314e-04,8.004344916031719270e-03,-1.432557100510504187e-02,-2.979203846934434189e-03,7.326843683873167368e-02,6.800281483125256154e-02,-1.576477477594582233e-01,-3.095729908846739931e-01,-3.421161312513559816e-02,-9.407014919654252405e-02,1.006901004154674845e-01,5.255940206079752208e-01,7.074648920547463860e-01,7.090523496539734294e-02,2.251658969010442712e-01,-3.092409480466094818e-02,7.112729054978561560e-02,-2.500656357149613675e-03,-5.068959664308878704e-02,8.592391525455418677e-02,-1.917129082071829943e-02,-8.424297614415045829e-04,5.131357716476509000e-04,7.392266246491510998e-03
-3.009440918836857463e-06,-2.567094662987294516e-05,4.547838164439425629e-05,-2.090341612709076572e-04,-2.605667186131604583e-04,4.113629857772603402e-05,3.659496191770442879e-04,2.450019334619655230e-03,-8.461482274751354685e-03,-2.717027954004458661e-03,2.281210775016005027e-02,1.200524987411297727e-02,-3.395176722764969585e-03,4.151993494537645733e-03,9.227075775361000612e-03,-3.787426756622882390e-02,4.150777973694065592e-02,7.743862489563752005e-02,-4.958744371112795701e-02,-1.486001076665959507e-02,-1.453419055499888812e-01,-2.288648568412384177e-01,-3.234667973832051121e-03,-3.953201094787527807e-04,-4.820636886856159015e-02,8.857518570799254032e-02,-1.833960854244803818e-01,6.717471646045028444e-02,-9.195232233082333284e-01,-1.412429115058003448e-01
3.093295953972064242e-04,-3.599940772524724136e-04,5.776016029781549758e-03,-5.138573715219377225e-03,-2.492861796136682483e-03,3.133225617527558935e-03,1.839865474473316095e-02,8.869760403543816563e-02,9.203311920542156521e-02,-1.974078983212058935e-02,1.406793861461027584e-01,1.010810499975975125e-03,8.994256570852537935e-02,-4.052012503896617046e-01,8.351188885725866484e-01,1.961540518474120531e-01,-1.367960199651545028e-01,-1.457603510969540661e-01,4.529703057289834189e-02,-9.877774341340492259e-02,-3.981462875845414445e-02,-1.767757547147343067e-02,1.865955619545715816e-02,2.092841180553961337e-03,-8.624676972058504393e-03,-2.419715685939612809e-02,2.506864404663103514e-03,-3.501721718986426559e-03,-1.141406443029272313e-02,7.870006655457985334e-03
-9.369569361201316533e-05,3.836920611426870354e-04,9.060576674639681666e-03,-2.731388403827770053e-02,4.166794010763090472e-02,-3.273871681698350359e-03,-6.783685201589079172e-02,5.881521525996636912e-01,-7.091104354457983261e-02,7.996266163199255983e-01,2.515533181676265356e-02,7.145499392612354554e-03,-2.166610546198716181e-02,2.102903748287656208e-02,-2.645557894689209294e-02,-6.017344475423685654e-03,-7.229427714603037410e-03,-6.988496556259627844e-04,-3.057064434708000895e-03,-5.726528344459316799e-03,6.428181325301920860e-04,-7.348226428254055285e-04,-1.102229709894459115e-03,-3.760619735002249803e-03,4.249774943761407998e-03,-2.765668890450482219e-03,4.211255687260348577e-04,-3.767626904642163419e-04,2.515595367960169875e-05,2.107269040435451855e-04
2.149914990007538787e-03,-1.577749595067272836e-03,4.188356636830995600e-02,-5.615677530782195448e-02,-3.284570861331927855e-02,1.289996103930278748e-01,1.928545352650187228e-01,7.825283777484373093e-01,9.342432332833393305e-02,-5.536883483532174521e-01,-4.183156659874431860e-02,-4.580548620910817464e-02,-2.734145985715794730e-02,3.684474164668689183e-02,-7.618782700553916598e-02,-1.593561899410881125e-02,-3.945136728282058053e-03,1.255049994498222063e-02,-8.278511014399841245e-03,1.415829108494385744e-02,5.672914760877227798e-03,1.772624450502049932e-04,-2.290587461327615610e-03,-3.762011013938773313e-03,1.358941714970162079e-03,1.291202228490876151e-03,-2.522912871602828958e-03,3.648081789030709001e-04,2.436186175609989998e-03,-1.278645953812156989e-03
5.622351857513460671e-02,-5.444523890060121857e-02,9.868490155849627410e-01,-1.078319138884270417e-01,-7.222352956229213805e-02,-2.119383328180831152e-02,-2.421899192284775876e-02,-4.220916979108399469e-02,3.326096737116389802e-03,1.801441510886111347e-02,7.085340583494730698e-04,7.051233277977586545e-04,2.171910735100763030e-05,1.266641264924084180e-03,-1.789711775202289549e-03,-5.390191686856553527e-04,7.336865065080391737e-04,2.668585222841973075e-04,-1.197925770726001521e-05,1.335580786753524582e-04,-5.740580289029656176e-05,5.967651040363803776e-05,5.653252758518200875e-06,7.197622337524952089e-05,5.863578990131881636e-05,1.200717448304836359e-04,4.789552393472121185e-05,1.252944621935151264e-05,-2.639057529161012593e-05,-3.921233948649590145e-06
-7.212040487257037818e-07,3.119500237987583309e-07,4.617527019133975153e-05,5.922358570552646324e-06,4.807777603544210489e-05,7.907052214736637352e-05,1.677429648616598286e-04,1.034779918627260192e-03,-1.077957443560813343e-03,2.432121979113695590e-04,4.249813705916617550e-03,4.443157462216472224e-03,5.947704152281116374e-03,-7.541773239905717567e-03,1.688465546811378226e-02,-3.449856309562407408e-02,-4.374453933763200811e-03,2.874104902544084156e-02,-4.615723334538168049e-02,-2.611453588890218919e-02,5.555347966226839573e-02,5.791130315553445068e-02,1.707703533972081689e-01,7.656733878676384719e-02,-2.500794682713812847e-02,2.692181827398118510e-02,2.156359409413026174e-01,3.821026594086432415e-02,9.205954192494314459e-02,-9.463010748384731441e-01
6.186001773252277875e-06,1.892884296438750776e-05,1.726697368486484455e-04,-8.183656647544386041e-04,-6.507971919666677646e-04,5.127338473252259594e-04,2.225236359837214073e-03,6.286145450197106951e-03,-2.009741664904266326e-02,-4.521209466452906674e-03,3.684528639766795205e-02,-3.749384159024180679e-02,-2.961819455313756053e-02,6.252606480532428568e-02,2.483670218582750486e-02,3.152417129552514963e-02,2.673591331275423366e-01,3.982703496889971467e-02,-1.478365863260733791e-02,-1.649047345585144819e-01,-1.621600623587685780e-02,1.937570189769514950e-01,4.824949243799819265e-01,5.068083410405136435e-01,-2.421606119312571803e-01,-5.295110767062956025e-01,-6.805811138168001151e-02,-3.629350579004823885e-02,-7.301154522596926821e-02,1.101157862274041166e-01
9.620782718053414381e-06,2.958900667616835037e-05,2.890763021310078563e-04,-9.410297510870538991e-04,-9.059933327965079188e-04,8.192465585031281678e-05,2.501055573364137710e-03,1.078904911791937586e-02,-2.816930481116610568e-02,-3.736126046882760898e-03,8.086270145599423753e-02,-1.823858552050775239e-01,1.105460677678318376e-01,-7.722170000245975885e-02,1.941959297047091831e-02,8.034214972774421371e-02,6.632208084037578555e-01,1.221225403706817786e-01,-1.383782704908850525e-01,-5.027170330630236217e-01,1.240122642681388554e-01,3.380836444584352750e-03,-3.170771127885320673e-01,3.833360551470797045e-02,2.092569260174154677e-01,1.626245889691458890e-01,-1.064768923752523050e-01,-4.932296420723283892e-02,6.224954021389893233e-02,-4.818959420908833918e-02
3.224925144326591314e-06,1.037473256045447925e-05,7.460563935833731822e-05,-2.260752114811214397e-04,-3.006279690318640623e-04,-1.637980692355058302e-04,7.940354924057640680e-04,3.868578234456062324e-03,-3.484972508113808650e-03,-2.917898179236745604e-03,8.155101571616479514e-03,-2.072895615919319659e-02,4.232851003025810653e-03,-7.458396137340541666e-03,3.312688294433808762e-03,-7.110862808298906712e-02,8.873314716469139773e-02,-2.129714536199416031e-02,1.694391057134918277e-02,-1.070002265518762985e-01,-1.003877420159490948e-02,2.966874047790290028e-02,-7.360164432809788645e-03,5.340165611017280711e-02,-3.866241801083278307e-02,1.011927176057181160e-01,9.331444171417274669e-01,-5.745017256645306575e-02,-2.094070448335793033e-01,2.018195492269840019e-01
-1.507813166771306822e-06,6.585770867626782357e-06,1.042323286144760720e-04,-1.798874647725132755e-04,-6.942690719150782386e-05,5.349449197729168803e-04,9.245022231094912829e-04,4.401707057285987948e-03,-2.831515943288081052e-03,2.104259428805608460e-03,1.314784377000023478e-02,1.439037795220084875e-02,-4.913746222337626174e-02,-6.520666879065777077e-02,-3.339985695181328651e-02,2.740618347845342334e-02,3.579086144978769340e-02,-1.051661898007145018e-01,-8.821999167717238521e-02,-2.283292795454506738e-02,-6.939632879160970158e-02,1.668966993232632590e-01,2.303693282775941820e-01,2.394224093144473597e-01,-4.758570198791354788e-01,7.570305984390145460e-01,-1.248005665535063535e-01,1.104449750864178528e-03,7.584565116118954786e-02,8.050651744860487513e-02
-6.725762233540168530e-08,-8.158937741959292698e-07,2.649091051076383327e-05,-7.095704068607703056e-05,-7.258620454007979185e-05,1.755734427204276680e-05,2.670441267760519230e-04,1.210773521970550824e-03,-2.428902726700364091e-03,-3.262147132993422445e-04,6.709613487200248583e-03,-7.509047427163772701e-03,3.540760408451676996e-03,5.348319816906332326e-04,6.014633983905825002e-03,2.018276831844595214e-03,5.002280171925383573e-02,1.786336208311321491e-02,-1.407767763883802960e-02,-4.563878760217142394e-02,-1.191528967218204692e-02,-9.702307250843779374e-02,2.356379948829526519e-02,3.468604880561821507e-02,-3.446934682589633710e-03,-9.231034487941864805e-03,5.770918756647227393e-02,9.845712883455879361e-01,8.122987241259212177e-02,6.336659238930708593e-02
7.131050662163937286e-03,5.579858516407920589e-04,-2.000368710789328028e-02,-6.720983204698566249e-02,-5.318605173441197376e-02,-8.118970566120141397e-02,-3.350876990548386225e-02,-2.094145750531276051e-02,8.586556861943066554e-01,6.924333673384738819e-02,4.421639926495558592e-01,1.263443513010562569e-01,6.305254479167399229e-02,1.144322435844175728e-01,-1.125185294021288918e-01,3.926311014817071218e-03,1.629690490707138423e-02,7.529417653069636618e-03,7.630417426074765329e-03,-1.392787455797533111e-03,1.368599414425134345e-02,8.625094268072645495e-03,-8.302678407138597977e-03,4.504158064810887853e-03,-2.256986718559825678e-03,2.413918824393929130e-03,1.508943813687619456e-03,5.790227493263023963e-04,3.362453034338888994e-04,-5.422852536830571890e-04
2.943530752018056092e-03,-1.669476534765671275e-02,-2.473788894581088749e-02,-5.448488140293236137e-01,6.099672478940089126e-01,6.546841374620944454e-02,-5.572842027110321839e-01,3.038920745230083362e-02,-4.819117473974066958e-03,-1.193069926256530716e-01,-8.240922214904361151e-03,-5.879546668152150178e-03,1.087671019361039805e-03,-4.711272137734230127e-04,5.832506566991494008e-03,2.166766102393341293e-03,6.844465898595692962e-04,1.817243278295683931e-04,1.274335227395456552e-03,8.966120368383876738e-04,-1.028288695017690784e-03,2.582706213226241068e-04,2.112249907659436072e-04,5.910191626847594634e-04,-5.025547750206652660e-04,6.234465362839047018e-04,2.442366858449583107e-05,4.815651693908426219e-05,4.991383562429081288e-05,-8.762623564792499211e-05
4.900177826865187436e-02,7.611375659116952075e-03,-1.096840967406511047e-01,-6.635499914541354016e-01,-5.595516143534656761e-01,4.564743310876235305e-01,7.247841007490321563e-02,-9.501250385660275910e-02,-3.449676242137159760e-02,8.421763158391559756e-02,-3.175444940788629128e-02,7.649438892467141579e-04,4.453938355718799202e-03,-8.522457601051610168e-03,8.662824582181517796e-03,-3.477293832033878217e-04,1.414943932725510212e-03,6.113368986399581040e-04,-1.097040269823276325e-04,3.047584735717262928e-04,-1.460135335750923800e-03,-3.794257803322780356e-04,5.547352796056008190e-04,4.603394401861816385e-05,1.041050289574193280e-05,-9.909092329495469361e-05,2.152157005840410757e-04,-4.106386815085560308e-05,-1.984755644305749101e-04,1.230538054299667289e-04
8.537102713411163224e-01,-5.134819576805264019e-01,-7.169099620133417838e-02,3.906734148844449167e-02,1.585473978982019846e-02,-2.292226489467903000e-02,5.900229172215988539e-04,5.857061241701116798e-03,-4.732440035639689201e-03,-3.020187718596185726e-03,-2.234100849844531268e-03,-7.765520245826981966e-04,-5.391211764429428748e-04,-4.551792258416836792e-04,3.280365646697346103e-04,3.327690754455053508e-05,-9.826033812622796929e-05,-5.417499373778183444e-05,-6.294624719264553373e-05,-6.338392385292942074e-06,-2.368127512296725395e-05,-3.262793167156983971e-05,4.035582610360054071e-05,-2.314433456385163972e-05,1.192062167819782531e-05,-1.421705692948572399e-05,-1.574355388836911487e-05,-3.011858593203440747e-06,5.765401651493024054e-06,-2.650539218279779679e-06
7.172635656512391732e-06,-1.003951471694380709e-04,-9.863626876475118624e-05,-7.029650695350062820e-04,-7.843811109890660386e-04,-1.662074750397674267e-04,-3.333507109033196844e-03,-2.598802384708500182e-03,-1.292892127768910035e-02,-6.669233193353360338e-03,5.914002485522006081e-02,6.697839452691922713e-02,4.760116893922512402e-03,-8.204268795835559236e-02,8.623638119648292799e-02,-4.129261935474542455e-01,-2.855778380150561513e-01,4.160396727336909128e-01,-4.719017372402213306e-01,-2.314350014468732342e-01,3.264043727769783687e-01,9.547143256551796076e-02,3.011881032727549701e-01,-1.182980357892943479e-01,1.862919156154325684e-01,7.451648358601514754e-02,-3.372132769213189579e-02,-2.479947784490262822e-03,-1.932379248139017708e-02,1.185444136254628494e-01
1.060963213728113603e-04,-2.972526054842754761e-04,-9.499270726059848508e-04,-8.787329129299484287e-03,-7.328857511407098346e-03,4.074805828380816120e-03,6.239029523310515683e-03,-1.158360342781069620e-02,-1.614065250575448252e-01,-3.542631599638799977e-02,3.504954445272966956e-01,-3.794997779301118035e-02,-6.361297574713515868e-01,5.316342061766107241e-01,3.136420231792740876e-01,2.934998329325038541e-02,6.997355925123660558e-02,1.760424987239559433e-03,-4.619369730767492431e-03,8.233018418034553088e-02,1.935975881290342981e-01,2.881004085620294392e-02,-8.377407997130371931e-02,-3.115444122839843011e-02,-3.193838030026078037e-03,5.738636651147500239e-02,1.982830291733837704e-03,7.269119011429669812e-03,-1.177668187155202217e-02,-7.660297950208042397e-03
1.788973872215726148e-04,-2.672877856497992907e-04,-1.029535828805011642e-03,-1.008115551004820122e-02,-8.478305250909258864e-03,1.337783727272675671e-04,4.153579300446924409e-03,-1.226772923243681437e-02,-1.986506444737324018e-01,-2.051959558788337551e-02,5.366506103559262053e-01,-6.899197882595086151e-01,1.761517279827263249e-01,-6.208757544292430736e-02,-1.893898980778112862e-01,8.376218959403398945e-02,-3.084447997343970349e-01,4.986317590098619801e-02,6.516956464721747333e-02,-3.369504243243398589e-02,-1.005403936935654885e-01,3.933192578172835935e-02,1.112117643283967033e-02,5.323811027586358713e-02,1.660533755203081122e-02,4.678724679380842318e-05,4.798796903745905507e-03,6.177896546751044174e-03,-7.862079102052638158e-03,-1.801131254537439389e-03
7.349887337907510935e-05,-5.575869387545134934e-05,-3.875853842925484904e-04,-2.811603379683164875e-03,-3.085456857789342904e-03,-4.198743824298381078e-04,-1.535444448261317563e-03,1.011131841891712126e-03,-3.577979683901590102e-02,-1.330767270996567088e-02,1.112259568218565975e-01,-3.775754779145559792e-02,-3.790066634453904265e-02,-5.045300380489285696e-02,2.643586667409046284e-03,-7.173218169496606844e-01,6.031681437054461220e-02,-5.157679896074759407e-01,2.648388690546928936e-01,-2.705777148253587505e-01,-1.277892405221124107e-02,-4.346283830046110408e-02,1.588935229274156952e-02,-1.592249262789297015e-01,-1.127421371679866446e-01,-6.420533277072221212e-02,-8.822173134458405341e-02,3.310332664512095555e-03,1.581173933887484312e-02,-2.537702261845319399e-02
1.776955114401043703e-05,-1.962107270170047510e-04,-4.398762904086122661e-04,-2.721641189488645165e-03,-2.335319347241599387e-03,5.294756523448411641e-03,-4.743387303671323281e-03,-9.563674853184666452e-03,-1.938736995185098150e-02,-1.366757514199558668e-02,1.699109463204376280e-01,1.294315446157334737e-01,-5.951012782124550649e-01,-5.997051977157602520e-01,-3.196547559343240752e-01,1.512612748753331127e-01,-1.146330387318157500e-02,-1.754530215761753997e-01,-2.385973670233197952e-01,-5.193651437161817680e-02,-7.345063713788599347e-02,-9.998696123114131362e-03,-2.932111637383599465e-02,-1.362826777602320003e-02,6.607166905400205237e-02,-1.122093455963984604e-01,2.328198225299456595e-02,4.594088187427987271e-04,-8.157317680953053360e-03,-1.273109001819550633e-02
1.623587613492843227e-06,-7.433814106353946280e-05,-8.111786398572186330e-05,-8.241574783393616679e-04,-8.062099979163564337e-04,5.217764446216502068e-04,3.043547785226496201e-04,-4.955439891742808786e-04,-1.844398407479041005e-02,-5.273839214218905419e-03,5.705259407844694153e-02,1.414331066248721361e-03,-4.355170758654525881e-02,5.450035925598620962e-02,2.299138432946831734e-02,-3.767935485553094294e-02,1.713082012637703183e-02,1.264049652676839941e-01,-9.046811659352591017e-02,-8.317062681335550545e-02,-1.803858769085633085e-01,-8.883693043100808762e-01,1.689766780633149001e-01,1.178682475112681344e-01,-9.227928287180409139e-02,2.020661933056768986e-02,4.986567346641329612e-02,-1.319773968978517342e-01,2.544446808087935108e-01,2.070143265725446838e-02
