4.854954822347211027e-03,1.044722836819147495e-02,-1.094636203804578815e-02,-3.362023535627815807e-02,-3.593056188218302777e-02,1.423067456546193155e-01,-9.570735606369364795e-03,-6.189630933594758577e-02,3.297262282535949884e-01,1.422231947345089509e-01,3.943702027436966073e-01,7.196585759720069975e-01,2.499572319846020962e-01,-2.331978527552292790e-01,-1.309838614281731983e-01,-1.289645758763783012e-01,-2.809412501132029297e-02,-6.075644916039895510e-02,-4.366138354484708911e-02,9.014643674229609605e-02,-4.166807425615622062e-02,5.863615398209901658e-02,-1.667508295470077062e-02,-1.038436794951449679e-02,1.158811667616739495e-03,5.408812463146498405e-03,1.481200330709191431e-04,-1.830852918901950191e-03,3.499190155405164111e-03,-8.243858460453842114e-04
2.256550274886799483e-03,-2.560817330461542200e-03,-7.058785297641881340e-03,-3.501833222069719032e-01,4.465750813419198662e-01,1.324080416440876207e-01,8.072917189149360073e-01,-4.103296741809182163e-02,-1.287117505210755818e-02,7.379206086355853678e-02,-3.477894592857747741e-02,-5.406141369741893077e-03,5.875406038631121423e-03,-2.623943216370053493e-03,5.269430330643623019e-03,-4.868944582440764071e-03,5.137016308610777666e-04,1.133687046026741557e-04,-3.770552559927271255e-04,-6.658885926153587003e-04,9.653841801532276343e-04,-2.073320015850343902e-04,-5.981402313454043567e-04,3.732855417570070953e-04,-2.007191837195193887e-04,5.791811017635077868e-04,3.620662135065003475e-05,1.927459605678749348e-05,1.160426686243731239e-04,-8.293587430724611302e-05
3.346922933495782848e-02,7.180403256221655484e-02,-5.816966471923107340e-02,-3.304254540439979793e-01,-3.083144727010764252e-01,8.550477455919386349e-01,-1.048021023301123067e-01,7.198751660935474861e-02,-1.502611052738973552e-01,-8.598773920203996168e-02,-7.855304079334900214e-03,-7.894505486530108140e-02,-3.082165067284396362e-02,2.349048889382912911e-02,9.174004790324834582e-03,2.018775683924498368e-02,8.340250817869630101e-03,1.074367007622311493e-02,3.694438705877107609e-03,-1.399013520485502954e-02,7.100275968692717696e-03,-1.089368234120307796e-02,1.548446823207556356e-03,1.578116082631984005e-03,-6.466260922676845668e-04,-1.397225148549771753e-04,6.983700445451497920e-05,1.500582520033398118e-05,-5.976149378026940091e-04,-4.686113226437204596e-04
5.058909538165581310e-01,8.570637353278155457e-01,4.543826724963596214e-02,4.352832513794884645e-02,5.336516852930711652e-02,-5.150825655714744156e-02,-8.683524184210747758e-04,-3.324416769435995997e-03,5.397988722381268784e-03,1.699378005647720876e-03,-3.063471133248021026e-03,-1.437090169010678308e-03,-9.731669601787210913e-05,5.449508409797053539e-04,3.842023825977027517e-04,9.389791782504920066e-06,-1.435047691157268629e-04,-1.089925709516790722e-04,1.318674383794018741e-04,-4.541727265798892866e-05,-4.951971763672493188e-05,9.714413132493092753e-05,2.971921585567101570e-05,7.871292378621833581e-06,3.626720314616492578e-05,-2.061467623047269661e-05,-4.410814075681666388e-06,1.538979474887292804e-05,3.660538369163792131e-06,2.370562264945794411e-05
4.489637820373177034e-06,-1.357808692437055835e-05,4.211132508551391834e-05,-3.884512741172863764e-04,-7.701523951376550940e-04,6.048734697805709104e-04,-1.966650210949296134e-03,2.891193198394759190e-03,-8.251849828666399725e-03,-4.244790563159377660e-03,-2.902804445594036817e-02,-4.866830528244241172e-02,-1.590256461461531795e-02,-2.906542387952831472e-02,-9.260603356428666333e-02,-2.515988539201097773e-01,7.494819929351717591e-02,-2.871764675696633073e-01,-1.416424916418807800e-01,-1.198975772089068553e-01,6.434906951475138914e-02,1.075626016259576267e-01,3.518934743969681089e-01,6.120869966839577181e-01,5.239771668664964244e-01,-6.250600444635379116e-02,-7.755899094712527878e-03,-8.353305151518414240e-02,-1.768254060402907682e-02,3.447453213302106162e-02
3.572759642806174287e-05,3.030591917266823139e-05,1.440825891924460737e-04,-3.038768609555007449e-03,-2.525404183603091254e-03,-7.790982059267123009e-04,-2.520553400219545034e-03,1.330884823245047886e-02,-5.076735746775997565e-02,-2.892257194384224156e-02,-1.089765741673737465e-01,-1.015742965520757268e-01,6.010703264366881043e-02,5.538230689751811979e-03,-1.444494947102189508e-01,-1.878966242562682132e-01,-1.321044671532663750e-01,-2.005260787187561344e-01,-4.065705675941452130e-02,-5.479108327743843765e-02,-5.972939908021683841e-01,6.481421639835651671e-01,-1.933917368346173837e-01,-1.072296424325536734e-01,-4.333743575211630034e-02,1.046775685895542790e-01,-9.081893430435389325e-03,-2.749200465693260598e-02,8.476059437989394429e-02,7.386753785097227576e-02
7.677866639113204350e-05,9.252327906308354939e-05,3.497928312854999911e-04,-3.572606364798996872e-03,-2.333590820287004958e-03,-3.251991971741627786e-03,-2.997589514389353751e-03,1.704006777358976765e-02,-6.663673710558737362e-02,-2.967637433201382804e-02,-1.942411161656645013e-01,5.020749673465989965e-02,-2.701435924213202999e-01,-6.951529055500904608e-02,-1.395762801406419396e-01,-1.365949530408382961e-01,-3.487981892733192923e-01,-7.696153278276184062e-02,-2.194038325088930874e-01,7.067178843267474253e-01,1.672110982951541813e-01,-4.628502100380153111e-02,-2.563218234768428472e-01,-7.350354540059964026e-02,2.466513481013216935e-01,-8.222726383875033837e-03,7.026573965254881600e-03,9.126734560597545010e-03,1.187592732793297731e-02,2.439984543179506485e-02
4.589725756319062863e-05,7.030896173209621471e-05,4.323312768709139365e-05,-1.271999658340239965e-03,-1.190042224115850323e-03,-9.798676019844803459e-05,-1.574979077431291202e-03,8.604076267324697533e-03,-1.655300083471320655e-02,-1.144586925119186159e-02,-5.826000516281851921e-02,-4.679597240707028538e-02,-6.373661076850421769e-02,-2.630223843254677479e-02,-1.111654733806101969e-01,-3.002122856314882182e-01,1.709736040546667307e-02,6.302600432136895581e-02,-4.902276508913482045e-02,3.415691877842868540e-01,-7.636594993193752956e-02,2.034884863976733557e-02,6.011724027558521533e-01,1.155921577949358126e-01,-6.158146109482242059e-01,-4.948314136739723201e-02,7.841171116745015643e-03,1.781577149021506060e-02,-1.329633102218453697e-02,1.034996329823173120e-02
5.349947965831160022e-06,-2.023678979421646094e-05,1.920226679608135042e-04,-9.525796774612635756e-04,-8.555034932074506542e-04,-7.226788750996726660e-04,-1.318302685968508270e-03,8.003161749305581080e-03,-1.561896920197991361e-02,-1.385467162019948795e-02,-4.657573946996394765e-02,-8.451096445392911050e-02,-1.163007824974588399e-02,-3.208282952386644626e-01,-6.789156760155432013e-02,-5.095411704321820001e-02,9.451496853759579209e-02,-4.923783313778274384e-01,7.667985962657425381e-01,1.315071439844059109e-01,5.424601940709911779e-02,-7.829363886755380531e-02,-1.736957063662679726e-02,-7.937144359390434223e-02,-6.647580851566540529e-03,-8.590525027534022529e-02,6.189952491534271052e-03,2.927712255416646883e-03,9.512121331784700526e-03,-5.833190646762443331e-03
-2.655340561723900485e-06,-1.424445245414708500e-05,4.825799484097951586e-05,-2.382187632355339390e-04,-2.333595277394564236e-04,-4.660563740953285110e-04,-3.280642851436582868e-04,2.978622335502410789e-03,-6.800066161661207434e-03,-3.756376920004454636e-03,-1.813681251975034908e-02,-1.353820960719614649e-02,6.270782054679326090e-03,-6.921434488574074173e-03,-1.709946496030708904e-02,-4.458573055679172781e-02,-4.233658676335614462e-02,-8.512258752617000990e-02,-5.242848031697095595e-02,-1.029529730795593866e-02,-2.240146641191372023e-01,-1.011415933932987427e-01,-6.277496950647871998e-02,3.691167764075592439e-02,6.856217739034112073e-03,-6.274379586898720662e-02,9.640933991815380660e-03,2.685241498481237277e-01,-7.601519563344827368e-01,-5.151983183609334382e-01
2.944880498043055670e-04,-3.827346802889404400e-04,5.829400703883481222e-03,-4.086323231489414655e-03,-3.647033902668850303e-03,-3.716181568138307058e-03,1.354749452754995878e-02,8.783164174915863986e-02,9.827630749329470394e-02,-3.612929350134886503e-02,-1.129733396601075857e-01,8.691070540912872611e-04,-2.179430027444101692e-01,-1.094812414615847496e-01,-8.707563834979327178e-01,2.544248773284890630e-01,1.856774680999085658e-01,1.652192935927060402e-01,-1.067278126497264029e-02,-1.413301725173944090e-01,-7.469887781624188691e-03,-4.775634871032259643e-02,3.497903077295560267e-03,-1.603782567351498545e-02,1.217761225715032793e-02,3.094950535449931053e-02,2.917367126550830716e-03,9.635509092876089199e-03,-2.378718118941935446e-03,-1.349094955319981963e-02
-5.349348256591816478e-05,-7.706965398526255428e-05,6.885417053245991396e-03,-1.948640324031575971e-02,3.260991278098700208e-02,1.363324051105424366e-02,-8.042514832620972776e-02,5.681517807193056102e-01,-6.941647130175282454e-02,8.036486336067906189e-01,-1.283943583727978899e-01,-1.632124089685386970e-02,2.369196043654772654e-02,-9.937232703685825591e-03,2.905296406433992631e-02,-2.871538172032603309e-03,7.555009786182250928e-03,3.611667242676963856e-03,-1.449607458309168069e-03,-4.391040357120056317e-03,1.204694141478286629e-03,-4.406935658951627375e-04,-2.810814125528401496e-03,1.064461878409394321e-03,-2.225669178235925583e-03,4.151474045302869578e-03,2.817047025316305516e-04,-4.602356610613446354e-04,3.809315794384928355e-04,6.974724120530463936e-04
2.110876598243150142e-03,-8.176021445656441334e-04,4.371727952744546702e-02,-5.676281727572666386e-02,-4.027061670631897766e-02,-1.113341361304802796e-01,1.116924938706551768e-01,8.041825581705694947e-01,1.137449369761310836e-01,-5.309835999602735557e-01,1.085100115416659239e-01,7.384879445199298009e-02,4.467920156549024663e-02,4.714552261118073670e-03,7.866644193316681133e-02,-2.795324024138737956e-02,-3.882793269968261556e-03,-1.605725632836545874e-02,-5.129757444894279816e-03,1.382711090753520854e-02,4.781238342659234475e-03,2.000962102224465664e-03,-4.289432735548809501e-03,4.032357200660003672e-03,-1.108138870931229961e-03,1.042703665451047640e-03,-2.811878315680153102e-04,-2.588279574517282026e-03,9.658316934494266814e-04,2.623891378207032256e-04
5.565916415068521139e-02,-7.627612413696401028e-02,9.866436819645824086e-01,-1.126984894162599282e-01,-3.925131692719596721e-02,1.647155015738012082e-02,-2.581197321185819266e-02,-4.523710609023405549e-02,2.688973746806297676e-03,1.916782833337806261e-02,-3.093632086807050069e-03,-2.023576087811288209e-03,-4.954048317865900606e-05,2.925782735589179664e-04,1.822241847345000207e-03,-3.840522149391522124e-04,-7.294060599688927419e-04,-2.391600748625558590e-04,1.508543866223430163e-04,2.943319357093868160e-04,-1.802611446080949764e-04,1.703548385696832587e-04,1.160914930826442378e-04,-4.957194235810981635e-05,-7.181806733198187762e-05,-1.809821933416806878e-04,-8.975321668109554075e-06,1.989176713876446235e-05,-2.608140421065676699e-05,3.441036855512245347e-05
-6.762889531645249698e-07,1.242358425067698281e-06,3.655417187613159571e-05,4.948384348740168200e-06,1.966564551515750351e-05,2.478070366834762649e-05,1.402095442433475719e-04,1.180579676399308702e-03,-7.516691125101569552e-04,-1.729554651908581651e-04,-3.094180837472666062e-03,-3.002110793167635412e-03,-2.100751632993112447e-03,3.301683977357550929e-03,-2.307798894809276469e-02,-2.891860199717106311e-02,-2.244119291340707437e-02,-4.676925284836894181e-02,-4.659526590087982589e-02,-5.381620667027375154e-02,4.941446402954986772e-02,-7.884730914787274961e-03,5.957056418817299054e-02,-2.358221605679929889e-01,-3.531131660505098819e-04,-8.817448010337608499e-02,3.168536374802322780e-02,-7.066278476160396949e-01,-5.211340833129820549e-01,3.866390574266092561e-01
4.319320263417792022e-06,1.960722853475086721e-05,1.820366218966512314e-04,-9.414346874373431600e-04,-5.573549601305642772e-04,-6.247431264467523523e-04,4.118670365506612121e-04,7.438584683933851215e-03,-1.794295447918853315e-02,-6.532062968366982025e-03,-3.660321375158982066e-02,3.362470130931714124e-02,4.504107848014484577e-02,3.123146926059727074e-02,-1.824135613467111824e-02,6.978005967477365901e-02,-2.950591693235101176e-01,-2.796277781497709045e-02,3.091936963930862897e-02,-8.433285289790874717e-02,-4.298015302822854114e-03,2.041799197822165290e-02,5.935173991559252737e-01,-5.661122824023426814e-01,3.603173304517163777e-01,2.053561340282411551e-01,4.777857530549064341e-02,7.013237602612670818e-02,7.576244456951987394e-02,-1.867336904198992897e-01
6.413057929776251293e-06,2.877604499205898146e-05,3.395197225934301188e-04,-1.053971554567325773e-03,-6.280865361885127826e-04,-1.082354825230609757e-03,3.739956142495812251e-04,1.105416834668015470e-02,-2.617789328051759248e-02,-1.082916887620447716e-02,-9.481607175030312695e-02,1.599132737615500399e-01,-1.720222657229687202e-01,-3.825178263654757660e-02,-3.297181281430954652e-02,1.452334401381266127e-01,-7.681838469646459222e-01,-9.270253277497811362e-02,1.043219027505481733e-01,-3.532352666609157588e-01,7.918438024180821100e-02,-5.032165542757596755e-02,-2.222942851036341372e-02,2.855908051509150059e-01,-2.619598419951083002e-01,-5.113227449856028173e-02,4.240690941246948176e-02,-9.441987060182896463e-02,4.235535772831663243e-02,-4.809612366345235313e-02
3.034453432818954202e-06,1.760692400554578026e-05,8.812087774371737980e-05,-2.556146698865836321e-04,-2.513700188691849152e-04,2.339162362849144601e-04,6.773338218641807571e-05,3.554013095006432806e-03,-2.724932155248444097e-03,-2.447329636404662733e-03,-9.828554210681036615e-03,1.807724901054880845e-02,-1.003412264417203291e-02,-5.459592113324957148e-03,-1.525384028885564021e-02,-5.061002639980539952e-02,-1.174219691377104829e-01,4.148266615577027999e-02,4.817950565092872506e-02,-9.947870374113726433e-02,3.596773029647838682e-02,1.592950338606417089e-03,5.556943170126729670e-02,-4.435197311363828221e-02,5.141216956240513003e-02,-4.483056595810831768e-02,1.857072722514638979e-02,6.213750407384729391e-01,-2.692384082553477276e-01,7.063670570461513254e-01
-1.175825505974027447e-06,8.368945833793566704e-06,1.239293944585089598e-04,-1.722645010007929785e-04,-1.131690616351864432e-04,-1.789074319347720612e-04,6.885580897655926673e-04,6.101449762042569780e-03,-1.953127062289834130e-03,-2.642986429414238923e-03,-9.070146702229251595e-03,-1.833980885176180950e-02,1.040238841516832706e-02,-9.327588715446230583e-02,7.449223857657935599e-03,5.326908227298101511e-02,-2.298762912770132075e-02,6.808783845256813350e-02,-9.104608620878588965e-02,-4.632665906972476683e-02,-1.470834190291990529e-02,1.452881981366366815e-01,5.649726171180928513e-02,-1.749955791137594030e-01,6.784343356174470097e-02,-9.428975380538815454e-01,-1.667161602119213853e-02,4.792885414592715221e-02,1.201314463921017428e-01,-8.015984688557367677e-02
-1.870040187973487580e-07,9.012725272742343593e-07,2.956654673033363152e-05,-7.617196500794339985e-05,-4.538987829088370139e-05,-3.608670166095739721e-05,1.151213910852785799e-04,1.365226956363604829e-03,-1.971277523176457030e-03,-4.527819914090724864e-04,-5.806416253751041021e-03,4.993289414704091961e-03,-6.180029193616984069e-04,1.689212686720915207e-03,-1.070931371797379482e-02,1.901961819470726275e-03,-5.778011619248100972e-02,-2.381377680041629058e-02,-3.944284901334397901e-03,-1.188944299693995253e-02,-6.760900624863074027e-02,-9.786505882483578778e-02,3.058624299679622502e-02,-2.407368577977469712e-02,8.309213805768158115e-03,7.280211549037005070e-03,-9.893835712638230362e-01,-1.590770021214343508e-02,-2.429887273494684297e-03,2.875439616078914740e-02
6.917025270398165920e-03,1.277580087614821162e-03,-1.823818903966153288e-02,-6.201326242843947095e-02,-5.485913449745907777e-02,9.004900442749222411e-02,-2.116364994904034944e-02,-3.883233617486533951e-02,8.757509293925184179e-01,2.940379053367051312e-02,-4.053603854766066328e-01,-1.590497603197505161e-01,-9.733632725057920695e-03,8.635898480215029038e-02,1.291490474819328715e-01,3.448875698080849320e-03,-2.082102849780468820e-02,-1.527689522283805917e-02,1.546455311163333693e-02,7.878163588225095895e-03,3.512691368524276710e-03,4.490495017756798365e-03,2.189469657014758014e-03,7.772013326271669546e-04,1.809226361957522915e-03,-4.596989385526569979e-03,-6.348842882802637573e-04,-4.392834064337244735e-05,-7.587386158215985886e-04,2.124402233782697689e-03
3.152639171319814720e-03,-1.519807534909197767e-02,-4.843637999962907559e-02,-5.280532855793635960e-01,6.283612442532013898e-01,-5.432049728246156339e-02,-5.582127427412718612e-01,2.995437192748880324e-03,1.341787455500250553e-02,-8.773508088921667947e-02,3.449669256912066273e-02,3.909930702188921421e-03,-5.976719925724842397e-03,1.961868853697542638e-03,-6.286305468420027437e-03,2.829423097649741772e-03,-1.060055553534425829e-03,-3.378909891681413638e-04,4.355739804165783516e-04,6.417199341179000149e-04,-9.505180444105953410e-04,3.820916064958520598e-04,6.171953028230230207e-04,-1.300465453848318950e-04,3.678865215504028489e-04,-6.262095423328066686e-04,-2.907385489376587974e-05,1.888557753664116064e-05,-1.161353183181385295e-04,-1.119427465994425475e-05
4.775761190120381833e-02,1.836592388408309767e-02,-9.691886344401792752e-02,-6.815611882866361437e-01,-5.468798924993534261e-01,-4.510854164643537390e-01,6.880040228032453797e-02,-8.550106234789654758e-02,-2.820763141273159927e-02,8.416508129341633559e-02,2.900144669730411739e-02,1.049550099215440990e-03,-6.136015780359337785e-03,-4.357820716345770125e-03,-9.052188953505031083e-03,4.229558822788896818e-04,-7.458192899514510827e-04,1.142985991495797954e-05,-4.160163976859626209e-04,-7.050109325680557109e-04,-1.148237803163143066e-03,3.107856868784674071e-04,4.735938905262761104e-04,-2.709476490528187130e-04,-8.751512074507535735e-06,-1.607860829254964411e-04,4.797740627998580104e-05,1.965087612478846034e-04,-3.248878776574517141e-05,2.844281077960036515e-05
8.587691114402171699e-01,-5.037671621374107955e-01,-8.276098463629331936e-02,3.613489813632863451e-02,1.080540654613139535e-02,1.963963631121876108e-02,2.316538889084603179e-03,5.628259239765459263e-03,-5.119639666360702342e-03,-3.085449166996261094e-03,1.643263881971795569e-03,9.264334443194483654e-04,2.256811332060191687e-04,-3.457174520273229045e-04,-3.694792312159159652e-04,-3.123240167862962300e-05,1.316810244055000023e-04,8.920830722638848481e-05,-7.090540934605326934e-05,-1.944473957488480228e-05,2.981947743086457435e-05,-4.025454952355748142e-05,-2.720218533620181783e-05,3.721692582435319737e-06,-8.907352376978095712e-06,3.001910188392751508e-05,2.435215093352725700e-06,-6.489046631740341845e-06,4.920705090203834877e-06,-1.012907139814943772e-05
7.089011452289422530e-06,-6.782410189034831084e-05,-1.557878879685827824e-04,-8.674735979812832039e-04,-7.166596730345661456e-04,-9.645835213463584221e-04,-4.753134429068018099e-03,-1.977831352424431859e-03,-9.203046189032631011e-03,-9.920229742302898862e-03,-5.073779486196172001e-02,-6.593800600778031151e-02,5.116239031104036737e-03,-2.688832260537262972e-02,-1.158807922836878890e-01,-4.317526965289493202e-01,8.788421273299351633e-02,-4.457200452088890819e-01,-3.723623701614349191e-01,-3.424802532243318987e-01,3.629757115536703105e-01,-1.225842089692402020e-01,-1.545012464011125686e-01,-2.945807687219586524e-01,-2.189667923253957871e-01,2.601732761848984943e-02,-4.311860584612965501e-03,9.884783887261223978e-02,9.388749557427095160e-02,-7.271336518931144355e-02
8.217085615461800668e-05,-1.972290543607728192e-04,-9.767968613603947303e-04,-1.092176146164512175e-02,-5.816646991061557442e-03,-1.543858228670455524e-02,-1.462157361889638435e-02,-1.130446859871897178e-02,-1.490331940239354724e-01,-7.980725714759995260e-02,-3.817687513926286691e-01,3.146716621817398363e-02,8.282748340818679722e-01,1.625071937109603404e-01,-2.114396599992484915e-01,7.812811100620656313e-02,-9.469879996233843134e-02,3.677658230290719536e-03,2.783955187707853191e-02,1.106586821575211987e-01,1.657754660376705713e-01,-2.212853764403792042e-02,-3.447052360802586174e-02,8.248922573103148470e-02,-3.292374403520843817e-02,-3.465120676289560470e-02,-3.728584620150393776e-03,-3.308577769303457788e-03,-2.036112438299802346e-02,-1.856389642795524338e-04
1.461600987606809178e-04,-8.202576467867934659e-05,-7.677868453302159934e-04,-1.275799084968819511e-02,-5.919352641790433418e-03,-1.914417522922196718e-02,-1.615713534949532806e-02,-1.246842570221711431e-02,-2.015807171077133864e-01,-1.011470180718963968e-01,-6.224084167450438798e-01,5.905803469422596930e-01,-2.374090718655857135e-01,-2.921255414679858886e-02,2.116325712234837786e-01,5.379319464434960396e-02,2.939137445841349949e-01,-3.218835719410808455e-02,-3.220411962981889389e-03,-9.956887097821488786e-02,-5.640982827890419354e-02,5.091477914588524167e-02,5.038985253274674836e-02,-2.789035419411792574e-02,-1.528210013626210215e-02,1.064448373448404796e-02,-9.216136749172805162e-03,9.426226276377557348e-03,-1.024340507524461839e-02,3.809483014530003729e-03
6.767192196958723310e-05,4.351491553513661881e-05,-3.731904485918259269e-04,-3.041041413455788239e-03,-2.406119428818055683e-03,-2.641840803647922415e-03,-6.727603820175466140e-03,-4.310695961750498950e-05,-2.786660177103524386e-02,-2.470201976695419674e-02,-1.159437706150030362e-01,1.424497624023280187e-02,3.793177157348904312e-03,-7.122535624782175279e-02,-5.592490700240673046e-02,-6.782074943086581209e-01,-8.952625154575293009e-02,5.690216274451261880e-01,3.048456528414320021e-01,-1.771928855514370571e-01,2.266599169646209624e-03,-9.248129498719392938e-02,-1.240540824441495465e-01,-3.130256646627079670e-02,1.541051805991866808e-01,-6.969717129312939102e-03,-1.697839538228575456e-03,-6.936093348629281119e-02,2.028497366209892211e-02,-8.149410061897395530e-02
1.449731249318300273e-05,-1.348281621544977055e-04,-4.719540577838560028e-04,-2.994741669833206679e-03,-1.533017365510090093e-03,-6.108397896484038699e-03,-7.278527355642521422e-03,-5.039612779620094782e-03,-2.236027688191737084e-02,-4.633578675667855695e-02,-1.296726995161118501e-01,-1.958082505356371628e-01,1.567733383047601459e-01,-8.785175964056463060e-01,1.594777362526483555e-01,1.202645041855743002e-01,-2.513287817169848268e-02,1.504218970228057561e-01,-2.453100898507267202e-01,-5.006058764355112572e-02,-8.674251943374898174e-03,1.013778528487979495e-02,2.319670262125251084e-02,2.802837014808937446e-02,-1.204731672418603988e-02,1.328073474460976511e-01,-2.713664333634983970e-03,-6.428543259654575723e-03,-1.605088716618416345e-02,1.642206388544546064e-02
1.276098429433681998e-07,-4.988389730425593247e-05,-8.592492777007011923e-05,-1.043938189252268701e-03,-5.109316011525828500e-04,-1.883766878618704527e-03,-1.667845642893201613e-03,1.469690908531731514e-04,-1.624451035357638018e-02,-1.033456771291476825e-02,-5.425862800882080839e-02,-2.989879515952782859e-04,7.985620485177886974e-02,7.724373104516967653e-03,-2.560441143081262222e-02,-5.813897417553430536e-02,-3.690306910625702763e-02,-1.466882675382327472e-01,-1.323965792611374592e-01,-1.449489397058453637e-02,-6.107319819872247812e-01,-6.950534939685379943e-01,-6.907007945186167779e-03,-9.268631479877198140e-03,6.580439419457269346e-02,-8.318237509170230137e-02,1.220274433432267658e-01,-5.578594679181146654e-02,1.954451277671197529e-01,1.480177206184621341e-01
