4.977778719080811799e-03,1.022826018427793263e-02,-1.290761132127797063e-02,2.637765838302227883e-02,3.539857133853405169e-02,-1.318342205621581553e-01,-4.590632223525469707e-02,2.160519724132886968e-02,-3.603221335908967649e-01,9.336104338459508267e-02,-4.613441109841309173e-01,7.046172964444472608e-01,-2.750376660886277858e-01,-5.501847592881347476e-02,-1.220801252346225135e-01,1.199931101561000218e-01,-5.593942128894517640e-02,6.539172366253015456e-02,5.640554912299532153e-02,-7.912918514096496658e-02,6.019402275184424639e-02,1.156565289245886641e-02,6.386543181303162321e-03,-3.378381185906208922e-02,-1.098254256309498175e-02,1.587649561337700068e-03,-4.987347865078537064e-03,-4.168553838575190379e-03,6.146988909182990977e-04,7.252736802169838879e-04
2.715409835533449077e-03,-6.287472007797498437e-03,6.703328011424403675e-03,4.119991259333845579e-01,-4.058563009745549954e-01,-2.699050031984100984e-01,7.550895789637921407e-01,1.122450761345638592e-01,-1.390033253462046557e-02,9.298078041989071840e-02,2.981403580668799680e-02,-1.281775262670010497e-03,-5.547739288950583394e-03,-1.221291426531920894e-03,6.692187623497650693e-03,5.175731772155781410e-03,3.908639562977856167e-04,-5.153298302657254460e-04,3.964748973335881980e-04,7.099183049694566183e-04,-9.396816003068787955e-04,-3.050298038789757112e-04,-1.098616721191953555e-03,-3.737254326746254477e-04,-3.981650631819953550e-04,9.547504426070967847e-04,-2.424828466423784923e-04,3.386728197134853888e-05,-2.208575119117407207e-06,2.519656377633045603e-04
3.435235399107434973e-02,6.929639992355712819e-02,-7.086667831637832871e-02,2.727843559251338923e-01,3.469566514088801013e-01,-8.351804369477277001e-01,-2.425660850300299376e-01,-3.850621198923902949e-02,1.462297155330058440e-01,-7.634390107978351880e-02,1.754314331061464921e-02,-8.144551187443675733e-02,3.314066284539448487e-02,9.029507224152191367e-04,1.041639641468598311e-02,-1.932357876431735691e-02,1.227753455561251573e-02,-1.055465970473357627e-02,-6.002539331261484701e-03,1.365302784393203524e-02,-1.011834700593834159e-02,-3.643392825944996062e-03,-4.427751778852593266e-04,4.586494136708433624e-03,1.491929587529475069e-03,-3.085931869676501477e-04,3.095921424831341506e-04,7.807312832113818667e-04,-1.516733993801382368e-04,-1.829618735334490379e-04
5.061610383883955455e-01,8.581056193467347937e-01,1.813428167141858602e-02,-2.964502885189003456e-02,-5.695927269754765682e-02,5.365561915775564350e-02,9.440168203635185620e-03,7.877913522196856345e-04,-4.638261262246892898e-03,1.079855718024888252e-03,3.179913803586536213e-03,-1.355558052026587012e-03,2.689077279608865904e-04,4.617428141057897920e-04,2.833572763147277490e-04,5.338559478265172750e-06,-1.273770120988216431e-04,4.458471006359338468e-05,-1.275505634122548219e-04,-3.218106520768549252e-05,6.946129162456792319e-05,9.368543239537233699e-05,-4.704311401757383494e-05,2.528965263551300266e-05,1.726911809966386469e-05,6.991517151165170533e-06,2.404716915740898197e-05,-5.660101081785866399e-06,2.704036621984938418e-06,5.638525099037066991e-06
3.757928588015806053e-06,-1.514037585841737994e-05,6.544281308256751659e-05,2.872170627043141647e-04,7.902697418486448163e-04,-3.533932153627785235e-04,-2.000804407038306830e-03,-1.950511031684212587e-03,9.318330202020386199e-03,-1.242269980467488829e-04,3.558288833658297678e-02,-4.822211184972659270e-02,-3.164023133243808183e-02,-5.434210306715440975e-02,-8.310607232113659260e-02,2.580607281921763474e-01,1.061468945094364152e-01,3.014739006747855221e-01,1.651699299882355143e-01,2.869131931196921767e-02,1.247437193782262727e-01,4.285869254377817905e-02,-1.487060718974808904e-01,6.778614272802343521e-01,4.396301531086159731e-01,2.900007480017182671e-01,-2.498771149498176664e-02,-4.113393863603773820e-02,-5.359806647286281811e-03,-9.935392028266991360e-02
3.801329991229569202e-05,2.604649890265501569e-05,1.567174978086684569e-04,2.863575692571475578e-03,3.484105994209558358e-03,-9.718975543218466660e-04,-4.604247362213920863e-04,-6.570903060836567021e-03,5.805526280487861152e-02,-1.920840456862872928e-02,1.270438056485830025e-01,-9.634630310373372419e-02,-7.727324323341058787e-02,1.955614521987418877e-02,-1.103916169872221353e-01,1.616124026056705021e-01,-1.683727836737489991e-01,2.825036280451838078e-01,1.280356447946776610e-01,-1.417449963552746932e-02,7.293871738046714404e-01,3.773356760008769184e-01,-7.430554543788799038e-02,-2.947200584322510197e-01,-1.396907364014026431e-01,-3.982779880385722837e-02,-2.324368409141881232e-03,-1.157072154202276881e-01,9.685544152474800939e-03,2.599632127969770789e-03
8.255322359905816734e-05,9.609415428220629207e-05,3.425245152009252455e-04,3.251368259451888065e-03,3.445656864495038989e-03,7.640480927658480905e-04,-2.348627191781111657e-03,-9.598268290661158414e-03,7.400954295275487260e-02,-1.118478860944771558e-02,2.136583833940752797e-01,8.762279796559557798e-02,1.941770239204907988e-01,-2.139979751301119559e-01,-9.326527772948213502e-02,9.327257306512987123e-02,-3.637934341292342610e-01,7.439161589943178721e-02,2.413529401925861850e-01,-6.670091817740240181e-01,-1.920143814597081444e-01,-1.369534426944688243e-01,-9.188238464524732529e-02,-2.474069998781984747e-01,2.309029076667717673e-01,1.332261315757966580e-01,4.717606523447102213e-02,2.098323723602711285e-02,-2.327272432773172355e-03,1.926494887361490877e-03
4.672659902114816781e-05,6.142426063970274591e-05,3.532112788318650577e-05,1.238034433861397599e-03,1.607022537852012328e-03,-6.647060755674839535e-04,-1.811255955114521874e-03,-5.060542328439780052e-03,2.086021849612377035e-02,-4.542424758200436230e-03,7.196329726485459211e-02,-3.547641880694851757e-02,1.454942368615461286e-02,-8.248509466019070258e-02,-7.941964303460045949e-02,3.035734566113147959e-01,-4.411286674874264485e-02,-8.150440748575743521e-02,8.060492898688385865e-02,-3.326710931226768975e-01,-1.172118854951586728e-02,-1.120354009792779056e-02,2.516893166218863165e-01,4.789588336616040221e-01,-6.183491045351152682e-01,-2.870792936811882301e-01,-3.108304881808142059e-02,-5.354218083095956676e-02,1.017893941476753598e-02,1.090400441768511926e-02
8.426712168549452722e-06,1.475319058669777938e-06,1.799106475350896255e-04,1.036480825197672343e-03,1.146675273018841253e-03,2.667478974272805589e-04,-1.757709899921574420e-03,-6.863756625723946118e-03,1.624907690619702832e-02,-4.302053398816702880e-03,5.316087819784276469e-02,-5.998653311725974518e-02,-1.840704931236535613e-01,-2.920023139045039295e-01,-2.079515357248758189e-02,1.107781827649975542e-01,-1.666585628369318672e-02,4.607650265917377919e-01,-7.823184529260849285e-01,-1.154076890965071989e-01,-1.124607037632674167e-01,-8.623849046398813015e-03,4.899464196819262873e-02,-4.226461435061235061e-02,2.666772774176820113e-02,-7.321228992087307208e-02,-9.779485330052937325e-04,-4.571442962216272152e-03,-7.953579979567533542e-03,2.001574579100142207e-02
-2.864811085826795590e-06,-1.396110684920545526e-05,5.569227777748707585e-05,1.984786305857914890e-04,3.522420465442640549e-04,2.853868144425982098e-04,1.866190765267652680e-04,-2.166080977065498302e-03,8.107898117439463204e-03,-2.617873392234391396e-03,2.203722217932907804e-02,-1.380299127283927778e-02,-1.199044349436254563e-02,-6.918870655364606041e-03,-1.867228812562865201e-02,3.847920045748164097e-02,-3.651186625132041286e-02,8.869832679345621140e-02,4.706130723514171527e-02,3.457169682156183838e-02,1.846341314874350992e-01,-1.956981382536882308e-01,1.958876956916619227e-02,1.831270823041591597e-02,1.897549254628552035e-02,-1.411445644834190549e-01,-1.485567663987931442e-01,9.319925559182933306e-01,1.043338296498796643e-03,2.336807278614186009e-02
2.976669900925231374e-04,-2.805698251935629934e-04,5.866668093679286780e-03,5.152039082286798653e-03,3.106057833143954609e-03,-3.201207292814110816e-03,1.594116594366818546e-02,-9.404051923313305750e-02,-8.544411848072573645e-02,-1.632813236925613823e-02,1.259063448750110392e-01,-2.389097296542926768e-02,6.666724005951850385e-02,-3.211196395365178979e-01,-8.568990941390213223e-01,-2.255712718494480573e-01,1.687748093620603240e-01,-1.737012663308714067e-01,-2.054710363762522751e-02,1.138877128248177162e-01,2.661018450988348466e-02,1.181652090839183968e-02,2.861779177992456943e-02,-4.019344797558338164e-03,7.129213933182772939e-03,9.482689532200447649e-03,9.017938172384276641e-03,6.885374785928122590e-03,-2.706755214801008069e-03,1.003061377954196816e-02
-3.229151748696997557e-05,1.761686223692482918e-05,9.037708635402989105e-03,3.241683788242146619e-02,-3.689468573689966280e-02,-1.486208756856375636e-02,-6.443699582720029129e-02,-5.426893147714693111e-01,1.255231892695063689e-01,8.214107609713312552e-01,7.125444409668180157e-02,8.252239409901029540e-03,-3.227166036395797549e-02,2.528956672456777327e-02,3.096532829170666606e-02,7.977913573099799927e-03,1.061614687192950421e-02,-8.296440266287286036e-03,-8.036445530779141476e-04,6.579886809548737142e-03,-1.477991203256096963e-03,-1.378901475558668701e-03,-5.853674235314507146e-03,-3.313596649875051158e-03,-3.388584288744105489e-03,3.558395567506503383e-03,-5.223912288522487629e-04,1.660421748471579452e-04,-4.572413271559202423e-04,1.250456458262317683e-03
2.116467756910187653e-03,-9.684311532333275685e-04,4.298639585223165693e-02,5.602004854677082590e-02,4.245758419500806485e-02,4.264907701322014771e-02,1.920957509184736123e-01,-8.190362126967041245e-01,-7.398804113388172954e-02,-5.153718199024295288e-01,-5.048644245422063970e-02,4.076833824293309844e-02,-1.944345479051196382e-02,3.195668967313651521e-02,7.701542377463610478e-02,2.200853521184359049e-02,-4.976625387278972926e-03,1.538682808885093178e-02,6.873022087509267526e-03,-1.282855964049444894e-02,-5.456466989811878388e-03,-2.627090456562581472e-03,-5.796246479481612958e-03,-1.243660248769933095e-04,-2.562292581780255241e-04,-1.048708298996839578e-04,-3.077993176495692415e-03,-1.720296868083279153e-03,2.465693847966005927e-04,-1.149658901230434698e-03
5.627831673134562479e-02,-4.396530403338500675e-02,9.874802078938852423e-01,9.502096124492331874e-02,8.548196678226431533e-02,-1.459874353748318206e-02,-2.940127748893103105e-02,4.514401322000963224e-02,-5.376230093487752333e-03,1.723679090032139219e-02,-2.394766178774651369e-05,-3.338496901708920030e-04,1.893053809413450012e-04,6.326766074392017880e-04,1.890758525097734804e-03,4.311666985065279261e-04,-6.542594506067731658e-04,3.670131731447868833e-04,-6.616577744840320937e-05,-1.489778296543096969e-04,1.440701870208101014e-04,-3.367337449811732571e-05,8.396487487269304662e-05,1.052497899463707281e-05,-5.331478724796944856e-05,-9.179042342875966601e-05,3.782635022753946092e-05,2.566620228370898344e-05,1.076319545887280643e-05,-1.909121316378802001e-05
-9.595907008237268655e-07,-2.436820506305862712e-07,4.985167458026381482e-05,-2.365940080356348238e-06,-6.916849489758736041e-05,7.878186761046364675e-05,2.453315646594965145e-04,-1.295732330378799582e-03,1.363447040103411530e-03,1.655834503620429990e-03,5.067062689993689570e-03,-5.966918683589695141e-03,-2.822519641200130647e-04,-4.000003664467038922e-03,-1.777174532037025315e-02,2.664731116973164185e-02,4.913526465586967942e-03,3.745095577999103115e-02,3.542452196488875271e-02,2.988843843928448707e-02,-8.289511180119542300e-02,5.414490737502127699e-02,1.440519969364681963e-01,-1.048873973228569706e-01,1.124048678821057586e-02,-1.020671431514604544e-01,-8.202514468378242773e-02,1.435184336156090576e-02,-3.817897095899196788e-03,-9.676089604665332189e-01
5.581145869436225430e-06,2.063468399643577384e-05,1.910729734695569202e-04,8.006755222484040688e-04,7.236420247095741573e-04,2.785646072968914365e-05,1.357432589987897292e-03,-5.729330144617322818e-03,1.916767005157493306e-02,-4.289599026939859040e-03,4.216519667676161404e-02,2.641919713720566540e-02,-1.684139586350222317e-02,4.818589378327204492e-02,-1.134855079477302756e-02,-9.382327386041790229e-02,-2.762029965868698644e-01,7.211220924928245235e-02,1.842917671736007262e-02,1.129960978407498207e-01,-5.625631114813196831e-02,1.923879829197053803e-01,7.808005319077486739e-01,1.552006333760821630e-02,9.438893748180248941e-03,4.723234932298885913e-01,-4.953943728084950898e-02,7.626382197875634927e-02,-3.916326823732244750e-02,8.898544360429183619e-02
9.253246291046135426e-06,3.768670433436293942e-05,2.972351570438461037e-04,8.793896222823203513e-04,8.487058265579109284e-04,1.034836856750439091e-04,1.225766134817739533e-03,-9.932227807440409742e-03,2.679416585962537262e-02,-1.986759606146474427e-03,8.640954361592238786e-02,1.456125153316725485e-01,1.458188396578324886e-01,-9.175653910995472395e-02,-2.978437193867846181e-02,-1.828705451708709517e-01,-7.186359582091603748e-01,1.325744524576525085e-01,3.859385026263101402e-03,4.243999694122042587e-01,-1.294082202680864602e-01,-1.763895887493161646e-02,-2.632449078756745608e-01,2.078578694746841260e-01,-1.186928234586471786e-01,-1.624808985679065676e-01,-1.230453086818648761e-01,-6.667304892102721148e-02,-4.960399772406350050e-02,-1.604197282960292958e-02
2.950886624394698042e-06,1.275986486359094664e-05,7.118385934508979717e-05,2.212728620102105042e-04,2.719172476892739768e-04,-4.250143594323964238e-04,4.171823723342770623e-04,-3.434421412453110729e-03,3.695418435259656235e-03,-2.309705560188040924e-03,1.012031389227876707e-02,1.669694683632413565e-02,9.030591979159759489e-03,-3.950513836646529081e-03,-5.294574305704771201e-03,6.165799119470676687e-02,-1.138978896717567912e-01,-2.722899444334441962e-02,-2.718804943881990635e-02,9.805660353018548492e-02,3.618258287969794342e-03,4.370716350276702966e-02,8.750928385152885111e-03,6.024025526307991152e-02,-1.889525557735810893e-02,-1.664622742898028487e-02,9.670624908632593497e-01,1.543544978583087646e-01,-6.694916507459387420e-03,-7.905183138601887260e-02
-1.792827282048170216e-06,9.831759520457755398e-06,1.031309678469102245e-04,1.146834772967607623e-04,-5.278925784451084425e-05,-1.437356166055089261e-04,9.137729703219881015e-04,-4.533055128227291876e-03,3.197729078570248247e-03,3.223579253850734558e-03,1.053442967479750920e-02,-9.195481041225285479e-03,-5.088427594645748842e-02,-6.758094584640662872e-02,4.058454259559894639e-02,-3.992202401742171725e-02,-4.722582824794530065e-02,-3.220612364322584381e-02,1.183898690802486359e-01,1.906754311913525912e-03,2.460370172935246250e-02,1.269956302951886218e-01,3.690841987050116901e-01,4.567374716580566152e-02,5.301076170727829773e-01,-7.101756175502096369e-01,1.416165426635136206e-02,-1.102371945561390482e-01,-3.369643668623358013e-02,1.348467284387706577e-01
-1.745842975842718281e-07,3.719931097875497801e-07,2.941228460465966256e-05,5.411423608168769092e-05,7.185073412763679889e-05,-7.366577710340729746e-06,2.023083431508788889e-04,-1.373479409566476586e-03,2.362995139328727488e-03,1.670763204479686407e-04,7.380613717488503783e-03,4.654429116022051199e-03,2.666725079837383664e-03,-2.060605646113413281e-03,-7.050034531503528851e-03,-9.972692391822565727e-03,-5.386381963309715831e-02,2.209046807772056462e-02,-4.521732905704499124e-04,4.211412356758811176e-02,2.268891696178702497e-02,-9.317848431925920827e-02,5.354140936339797652e-02,5.933532482838788959e-03,2.540563074084634110e-02,-7.992478242423078916e-03,5.948742526168164513e-03,-3.273534966235264188e-02,9.902898911393864800e-01,-1.845218068582159948e-03
7.086294276584578083e-03,4.176913357020631355e-04,-2.003697040206196475e-02,5.510755513145639689e-02,6.016238624067465207e-02,-6.812380799909616147e-02,-6.427041828688356828e-02,-7.127562575241453043e-03,-8.695110139663085880e-01,8.388706049080560390e-02,4.133845000564006500e-01,-1.607965981633828478e-01,5.116568600077663065e-02,8.161452177178711576e-02,1.186434080188873419e-01,-6.769005645994636937e-03,-1.722230100981703496e-02,1.359397389340059881e-02,-1.425992009439049253e-02,-7.451049142156592441e-03,-6.670917267231541749e-03,2.988557404790115248e-03,-4.414988318805928603e-03,3.639812476599851247e-03,2.918241135635717305e-03,-1.351843537845306628e-03,1.124831512767565569e-03,4.918782568288827687e-04,1.827114574977250399e-04,-1.199803575090329462e-03
4.046278885128179459e-03,-1.903059043087293456e-02,-2.483274527509616789e-02,6.169262766087491023e-01,-5.307199448952855114e-01,1.532410420042835120e-01,-5.465438857764323144e-01,-3.707853238285637593e-02,7.235899517771220493e-03,-1.105315254344480247e-01,-2.824875286037457911e-02,-9.755289586300405031e-04,6.561203070498171364e-03,-1.091450761477230115e-03,-6.449471255844863547e-03,-3.640476572283309845e-03,-1.321263874751429750e-03,1.111333175997323425e-03,-1.533241745971898530e-04,-9.265938328817504080e-04,1.094558074412239207e-03,2.002437252559465669e-04,1.087392628379724516e-03,6.511804947308188216e-04,4.564287787009350473e-04,-7.856371981661602931e-04,2.080714173744665249e-04,9.748013379640137557e-06,3.518413699880640387e-05,-2.600197493122155252e-04
4.904152729034477048e-02,8.747434515010458003e-03,-1.093847619552794359e-01,5.963612277589935839e-01,6.434595792100809009e-01,4.221415760909195125e-01,1.533413478268916275e-01,7.711583678208795700e-02,2.681425825523024373e-02,7.687453618307450720e-02,-3.723975395330699628e-02,6.228864562463380314e-03,6.939752129501357107e-04,-7.284374714086224757e-03,-9.452856831654707706e-03,1.130504984240010297e-03,-1.092490821918846782e-03,-1.107307247604458063e-05,7.946880775964400073e-04,8.847910915971772777e-05,1.246556513883588903e-03,1.592532262982577899e-04,7.043261986631381508e-04,-2.418701790275984236e-04,-1.099010261370025459e-04,9.191085613204282858e-05,1.677130515650596208e-04,6.124332064164741192e-05,-6.847365142867602133e-06,1.222048048459596788e-04
8.584551443577711494e-01,-5.062960755084326969e-01,-6.611581600932177338e-02,-3.869632365648703609e-02,-1.969059187657998949e-02,-2.002499622528329873e-02,-2.185571499123883585e-03,-4.510641906004113008e-03,5.131986334830335172e-03,-2.777545543423617491e-03,-1.265476036408981269e-03,7.416546771732585594e-04,-3.306611913762431921e-04,-2.375810555841425685e-04,-3.193874924372255690e-04,-5.273373563377717520e-06,1.291011004784552369e-04,-8.003444114750887632e-05,5.075274432055742319e-05,4.029010286479781788e-05,-1.933073637146347966e-05,-1.968090071648351982e-05,1.382388953601732993e-06,-1.323215996471236758e-05,-1.230540603920668572e-05,8.074813916732505033e-06,-1.272746764862468264e-05,-5.028379443179358456e-06,-1.864358579257299261e-06,2.177399820506424361e-06
6.302506139384593341e-06,-7.859406747652657708e-05,-8.070042236269972915e-05,7.788215603469596585e-04,8.018071144706933164e-04,2.265586518937256870e-03,-4.520121187023344936e-03,3.679207828536577331e-03,9.983391418097932457e-03,-7.377930908208858371e-03,6.281902122027711866e-02,-5.834454477845027465e-02,-5.014422574826148116e-02,-4.868659502474602385e-02,-1.077643220832109616e-01,4.091152284251932669e-01,1.963604142926246854e-01,4.251878121033074165e-01,3.844569628158645003e-01,3.377965621420011555e-01,-4.526679528858807977e-01,8.038303942523760326e-05,2.764167839270785521e-02,-2.825822994935061616e-01,-1.314040954947903461e-01,-7.792835742870980742e-02,1.227188477732729134e-02,-3.121924833193831517e-03,3.576440012615411928e-03,1.352335342873377255e-01
9.549701759914081055e-05,-1.757041363181673901e-04,-7.841087577478009695e-04,9.797516569766824904e-03,8.852590585581649602e-03,1.104136474392677925e-02,-5.870329817931156484e-03,2.816681796645651922e-02,1.435951372453885266e-01,-6.873405991827405415e-02,3.811573323430841875e-01,1.015640473594912052e-01,-6.451504918386014031e-01,5.346491860901446680e-01,-2.218178529014039335e-01,-1.062865353550431213e-01,-8.062138698941687109e-02,-1.186164089915931093e-02,-6.315083974440156150e-03,-1.101005173059758230e-01,-1.550170683641057812e-01,-8.104274138996876362e-03,-8.859613420692527552e-02,4.862651142649579428e-02,2.091318380321934359e-02,-3.964642268371011691e-02,4.467266560192298917e-03,1.342080783277833575e-02,3.987275271487678886e-03,-5.364448665125601257e-03
1.725776725960352209e-04,-4.522326474403723677e-05,-8.213202991190870876e-04,1.057427140303662978e-02,9.336868007640853132e-03,1.402722113543393781e-02,-9.166690877464992934e-03,2.358977052973498106e-02,1.733764333626943710e-01,-6.482549281689152509e-02,5.686650898900990070e-01,6.314330648602684004e-01,2.528565244508707566e-01,-1.037073311121405467e-01,1.931771788680683999e-01,-4.284494432982603046e-02,3.140753733841255002e-01,2.620829151999663417e-02,-5.631858629477479866e-02,1.022874721313536961e-01,9.087745269115059255e-02,5.467689065964263101e-02,4.937610930059656983e-02,2.450872287874905284e-02,-3.607314736748199607e-02,-1.292082015343937358e-02,3.061766317721153260e-03,2.481485595518031009e-03,5.723980215868405656e-03,-8.152897860510778180e-04
7.087492319637560105e-05,2.099369289092654700e-05,-3.918171078127784322e-04,2.931776916881584198e-03,3.188226195774954575e-03,2.018826491751669373e-03,-6.498853658667714736e-03,4.887271754799631107e-03,3.184126158852394056e-02,-2.466490148125827578e-02,1.267012360870373444e-01,2.685940575632440527e-02,-5.582270946861092598e-02,-4.396052297497072409e-02,-4.169188863137385237e-02,6.841640803804720505e-01,-1.910003949746010010e-01,-5.603069880824811388e-01,-2.225739900701325102e-01,2.153327454500838511e-01,1.969121577326140085e-02,6.660800233686169081e-03,-2.387600380942318454e-02,-1.112777299555802457e-01,1.736273383344603127e-01,8.019312937844635947e-02,-1.011996235277606571e-01,8.559140726431638604e-03,-2.404526501043118165e-03,5.610655699016016927e-03
1.991645038231996037e-05,-1.051604606351617580e-04,-4.228225055123365785e-04,2.557957804369254823e-03,2.317326583246432682e-03,6.399524165462573515e-03,-8.496363020984956660e-03,8.495085197437610841e-03,1.679052029984505479e-02,-2.259623862345125703e-02,1.280776022789711088e-01,-9.410467843443123814e-02,-5.679102648988433311e-01,-6.534269185147040249e-01,3.015655114484986354e-01,-1.664839352410798223e-01,5.461979304630778555e-03,-1.682828059555371014e-01,2.343922169014478474e-01,6.616562363874846364e-02,2.305933265587539749e-02,-7.070694395269415920e-04,-4.458006555382098418e-02,7.974230417600123438e-03,-6.903660441367139022e-02,9.905199561183361534e-02,7.286628736933031814e-03,1.228843052539841524e-02,6.106470387976649199e-03,-2.312072784103301470e-02
1.257934881016653580e-06,-4.701054510843185517e-05,-6.179402209647942958e-05,8.116366287433703216e-04,9.030208342007425924e-04,1.748886516741412741e-03,-5.180322400722463467e-04,1.068217959322876340e-03,1.650628130671985896e-02,-8.281785228659006501e-03,5.704709252566926569e-02,-4.661957741977506772e-03,-5.702747987841028099e-02,3.177650327553924181e-02,-2.856071680066399679e-02,4.040913591214501804e-02,-3.482387588306700560e-02,1.076291129547587572e-01,3.982316303281843023e-02,1.288443742938736314e-01,3.132770583773770157e-01,-8.533146903923156668e-01,2.106356556285262083e-01,-6.515762887163334405e-02,6.045042115365606428e-03,1.037865931032574095e-02,6.122376842299128569e-02,-2.549043839401987088e-01,-1.171678153175370607e-01,-3.441512759025931734e-02
