4.987111844609452491e-03,1.067596534561263306e-02,-1.247319668391105862e-02,4.067752061385098566e-02,2.275642230014666631e-02,-1.348903516122716417e-01,1.358634967333397295e-02,3.895469592510505258e-02,-3.249209870835639835e-01,-1.099918367951487480e-01,4.981694701876644982e-01,-7.168091044453719363e-01,1.176855077801651217e-01,8.637614256722900286e-02,1.633578565917119529e-01,-1.625537155607008621e-01,-9.753870468666296645e-02,5.642447434553300029e-02,-3.216383164897207436e-02,-6.979419746571664807e-02,6.158930110543806707e-02,1.128246405778230051e-02,2.124043888668476418e-02,1.806321087322632080e-02,-1.544680474838633182e-02,-3.372505149109790087e-03,1.240499169686234190e-04,1.757045677102140246e-03,1.029292196605288050e-03,1.916642264274987938e-04
2.443477218943434452e-03,-2.945930142857552426e-03,-7.297853314692404059e-03,2.372131968130148649e-01,-5.384058295835943975e-01,-3.677547980429726315e-03,8.010102941423551393e-01,5.714459629167849275e-02,3.274211926444182963e-02,-8.413961725366148059e-02,-2.530029417286339469e-02,-3.750323731728340097e-03,3.783743201301004080e-03,2.909762165626625027e-03,-5.269094981308493873e-03,-3.857385513991542104e-03,2.844937997822696938e-03,1.607871711839059569e-03,1.294514770881610797e-03,-3.739044763772563981e-05,-3.933551958792749488e-04,3.302835265022195980e-04,3.588021037912445584e-04,-2.455474812145258404e-04,-5.225605007967431973e-04,6.084445197961109702e-04,2.745441240675949759e-05,-1.485021886094522027e-04,1.706130952437838217e-04,1.090557343602401171e-04
3.444703846068042363e-02,7.201741738203924770e-02,-6.173460930023097482e-02,3.853197413881560562e-01,2.041171292707710250e-01,-8.708710233712065873e-01,2.743976488871618588e-02,-8.281710564885755299e-02,1.329280890725369202e-01,8.221449972629106540e-02,-2.490555214621658839e-02,8.421643554081113814e-02,-1.062030993400178355e-02,-5.621055993429308235e-03,-1.423831700551525005e-02,2.376142346635689087e-02,1.691354117577415286e-02,-7.112171546482206307e-03,5.587415236127852604e-03,9.961020464663345245e-03,-1.083865346648949825e-02,-1.459576146339074349e-04,-2.212649326802053427e-03,-2.341948726390486336e-03,1.966764510643356344e-03,3.793125257034629422e-04,-1.464498436302135084e-05,-1.823587027641203360e-07,-8.003336268555212086e-05,4.075513370976956520e-04
4.987007341783637471e-01,8.621379239499726843e-01,2.192787174666866595e-02,-5.364946551281754572e-02,-3.815988976076112316e-02,5.559865278386977305e-02,-7.938347784251165856e-03,3.491801372444779551e-03,-4.616565716860349285e-03,-1.259452672754710328e-03,-3.028918971982849911e-03,1.232139180484303001e-03,-2.121637786690541705e-04,-5.239448532712750713e-04,-3.617300308705339879e-04,7.897963942013514372e-05,-3.895425959307780776e-05,-6.953536065611854019e-05,-3.618542463854847229e-05,6.963561065140538419e-05,1.100097704079197066e-04,-8.554598958440894584e-05,-4.120916842127142726e-05,-3.418396837754221116e-05,1.214048881891877573e-05,-4.104138063648661349e-07,-7.781540613874844636e-07,-1.677756207682313324e-05,-5.329702441257649470e-06,-1.990838625850997542e-05
5.127573217936940815e-06,-1.028155881105510599e-05,8.619682430737555796e-05,5.407053141326650242e-04,6.058968459040556514e-04,-7.438507765119809108e-04,-1.868831802486037958e-03,-1.899240496606657011e-03,7.224057623278157259e-03,2.639667813843058538e-03,-3.103126737836764057e-02,4.472855231997916597e-02,1.215515234840785705e-02,1.427453845228485174e-02,7.675250132334532349e-02,-2.296976660982759100e-01,5.879717187741803630e-02,3.846525348317894610e-01,6.830480913671856807e-03,4.009480911911944556e-02,7.704581206572715113e-02,-1.176959883303600601e-01,-6.683994450535732934e-01,-4.797307689074610804e-01,-2.149106111356542392e-01,-1.782233372583095499e-01,-1.090695664673535428e-03,6.144506027265340259e-02,5.787389457974886908e-02,-5.596879023491974081e-02
4.250407211796287883e-05,6.079932700021793782e-06,2.994151816449819661e-04,3.577315270529673064e-03,1.759919481155709656e-03,-7.808046848257882682e-04,-1.224143994876840001e-03,-9.652910904929538211e-03,5.020544518072295875e-02,2.376828100234655572e-02,-1.285474655240373687e-01,7.148865706325345515e-02,4.612913506443089284e-02,-6.822218083665257393e-02,1.181594756042933514e-01,-1.599903357273448068e-01,-2.720291734630163050e-01,1.484846087889470367e-01,-7.902765055363798752e-02,3.499968988602084052e-02,8.171271315814649938e-01,-2.855597557929184793e-01,2.110211489819338593e-01,1.299936893025996354e-01,-3.384476896363790288e-02,1.924754849726524261e-02,3.651386451467629295e-03,-1.436414224427299408e-02,9.867454855562224347e-02,-5.628345901653481614e-02
8.515236960516544369e-05,9.144930118781500214e-05,4.968240526946928869e-04,3.975000884052869339e-03,1.382778275243524025e-03,1.337164751401890856e-03,-3.432588219487199555e-03,-1.084732673027741581e-02,5.675536643335005182e-02,2.263288329779667568e-02,-1.713597303123485238e-01,4.301005065441480119e-02,-1.412867425818345180e-01,2.427239831317112573e-01,1.051824402787543550e-01,-1.457428048717548386e-01,-5.232011865833988695e-01,1.040307669249530831e-01,-4.453079777171445319e-02,-6.040468685683897387e-01,-2.167105492992669746e-01,1.132131808701454107e-01,2.389373720364803277e-01,-2.012917248117525593e-01,-1.284739863687313910e-01,-1.656390500896366968e-01,9.484309757647961091e-04,-2.303396889819871174e-02,1.327624952031463725e-02,-1.627802638385039344e-02
4.784012064782518166e-05,6.236205230121344650e-05,1.176142266944684296e-04,1.641764799072095368e-03,8.833991092501396322e-04,-4.585448274628447368e-04,-1.539908838686123360e-03,-6.112373453133949572e-03,1.651056799375256665e-02,7.327804690037838763e-03,-6.259293107843083570e-02,6.883269798069645284e-02,-2.204607476453182557e-02,8.755883804505802670e-02,8.920790839393048788e-02,-2.876021803051883596e-01,-7.252278500942606343e-02,-3.385105164066149613e-02,3.596521208085727561e-02,-3.317402290926364516e-01,1.320515941038937109e-02,7.469221329433338441e-02,-5.030286527477350056e-01,4.796538692884241284e-01,3.110898754479366479e-01,4.295767929261379292e-01,1.490416025202048180e-03,1.526029418999647579e-02,-5.989708007422266112e-02,2.008555282703181413e-02
1.003883269005712065e-05,-1.920074998749584969e-05,2.345910189175930008e-04,1.162999475057953543e-03,7.033656871664544473e-04,7.022051765839872495e-04,-1.456977294608414629e-03,-7.019706012888795622e-03,9.801365784826968422e-03,2.103510999766376732e-03,-5.700309574616554270e-02,7.246308258217240561e-02,2.667400382313934726e-01,1.732726202397666670e-01,5.399206752054502845e-02,-1.262097165590650438e-01,-3.540502191143980043e-02,-3.822739771603272246e-02,-8.963522301020672156e-01,1.885015353270318994e-01,-1.381681893578309284e-01,1.903079240991890214e-02,-2.090993574027544960e-02,5.129750260642870763e-02,6.095997705063363470e-02,-5.398467474378847858e-02,-3.151163196091310084e-03,2.101869173838678828e-03,-1.478852993611387730e-02,1.574762482112092299e-02
-2.193172842536026143e-06,-1.801291248609723740e-05,6.832345188399337557e-05,2.676503212437034867e-04,1.740673084716494814e-04,2.210458492659584566e-04,-1.378833956554743878e-04,-2.500290520988694525e-03,7.326619277488188170e-03,3.667915135375310678e-03,-1.939127252615016270e-02,1.492543101024206530e-02,5.656209562853792804e-03,-1.245161274461627221e-02,1.483789732804670705e-02,-3.483463614820060672e-02,-2.846693191285205524e-02,5.361697104714923529e-02,1.275623788973882268e-02,3.780872670707075694e-02,1.674800643376384013e-01,1.918586478775934356e-01,1.107600342755719718e-02,-3.555473563839581241e-02,-6.236686118690602798e-02,-8.571048032975397968e-02,-6.377204771289098073e-02,1.821317787573816516e-01,-8.561924703485163102e-01,3.803198474986782540e-01
3.244864014323440410e-04,-3.287630961191658862e-04,5.970313954033222743e-03,5.668590904977038880e-03,2.142408239276655073e-03,5.227756400897154952e-03,1.576706806910100137e-02,-8.549783189150861329e-02,-1.035887668803092965e-01,2.185627903528483684e-02,-1.113042796263123274e-01,8.601642947333802691e-02,-7.472767319130482755e-02,1.766363214514604929e-01,9.108075762632873440e-01,2.273658654829643910e-01,1.222437000415275005e-01,-9.868565611417408345e-02,7.265982751198782341e-02,1.098023885608861994e-01,-2.159990891794699372e-02,1.436823166491712871e-02,2.991189538720567722e-03,-1.410500610221115426e-02,-5.862008934109519051e-03,9.309069669536474551e-03,-1.582693322845686416e-03,-1.623675225523846244e-02,-2.523731797028802527e-04,2.999912720610407261e-03
-4.662660296428577732e-05,3.912016964955092541e-04,7.893657016589644693e-03,1.413973368466022243e-02,-3.814800360650717065e-02,-1.222129669271715922e-02,-8.486632826587396650e-02,-5.477075984138561893e-01,1.217002238128389452e-01,-8.149456485528552285e-01,-9.944364179927067671e-02,-3.404895310526353386e-02,6.770993635391616382e-03,-8.043095411929363989e-03,-2.369916300766532202e-02,-7.753871092586090558e-03,1.019259283236967177e-02,-7.604998825069529157e-04,6.532874858560831950e-03,1.622867182059394313e-03,9.367892911264987139e-04,1.113682130571027576e-04,3.969518661366369661e-03,-2.252803384171233724e-03,-3.446129278634982741e-03,5.899113856704573701e-03,2.850437799259188459e-05,-4.754953040823580216e-04,7.210406226181173767e-04,3.279289406913646560e-04
2.290049755990218074e-03,-1.294252587779714516e-03,4.485038505082989541e-02,6.577739205237012610e-02,2.471979944689918149e-02,1.341394214499906923e-01,1.169430519984351463e-01,-8.164233883995581920e-01,-1.397799778873190513e-01,5.107212480454188519e-01,6.512916729853975017e-02,-4.327938292600188447e-02,1.893300788525044062e-02,-1.972202528025952112e-02,-8.142854520693532105e-02,-2.094559835777958998e-02,-1.979941092964932012e-03,1.301651854756574050e-02,-5.722040090992166345e-03,-1.726004374056887974e-02,-9.221174574286647918e-04,-1.817316842506606607e-03,1.166881595252976288e-03,4.156454879433268252e-04,-9.568457145650278127e-04,-5.448835849082920690e-04,3.753748561339688818e-04,2.610159861169020559e-03,1.573817058655596363e-03,9.775330693539722657e-04
5.798539891286767778e-02,-5.026135394015245061e-02,9.899559767180650116e-01,1.012967427095188416e-01,1.191590538673220623e-02,-3.147168574605457153e-02,-1.844011670903636033e-02,4.515213171269250036e-02,-3.527261608306486197e-03,-1.752547580536106472e-02,-1.000951779070095686e-03,-1.437158719905944385e-04,-5.126534694560254174e-05,-3.316943264674406997e-04,-2.231767325708376021e-03,-6.092763490486255732e-04,-5.009254797503483268e-04,6.137528156425654390e-05,-1.100651661850364597e-04,-2.438336150057886811e-05,2.245268930812100165e-04,3.136008882457245106e-05,-3.296316230218736498e-05,1.151361817215978560e-04,6.490735134882838866e-05,-3.105497890709527407e-05,-1.317344018661626838e-06,1.850804004750864051e-05,-6.607949626610985978e-05,-3.264372120077118744e-05
-8.829525505790807323e-07,9.820737575988307756e-07,5.072173707400867075e-05,-2.088963703647449765e-05,-5.661295747442667464e-05,1.542766667637867457e-04,1.350957761274889984e-04,-1.424676483031812836e-03,9.642271377312189090e-04,-4.683906322203167951e-04,-4.995003711999121583e-03,6.359717899582926354e-03,-8.981947122155654190e-03,2.262876996126699392e-03,2.174087455290215840e-02,-2.089186713088152583e-02,-4.394165440675632667e-02,7.654390498899758810e-02,3.232050636079276257e-02,7.126133445844316794e-02,-8.226676244128314219e-02,1.366779037842130728e-03,8.276493264057308008e-02,8.916790277818568977e-02,6.272934201484559047e-02,-2.832145975877840491e-02,-1.214098944462566054e-01,8.183883303658133768e-01,-5.699360780414247651e-02,-5.205458750609991414e-01
6.512123777349407065e-06,1.838860691645256092e-05,2.117405444321522221e-04,9.559617819964569187e-04,2.265978174632027190e-04,6.432174422707840874e-04,8.832945579353293020e-04,-6.426212966630410854e-03,1.766964920777739506e-02,7.583387100530838455e-03,-4.018993398511935822e-02,-3.233112473542679860e-02,-1.384913884245037898e-02,-6.621708257283159815e-02,5.297442208331023736e-03,4.750205526652856447e-02,-4.166888127382619711e-01,-3.499956925222163368e-02,9.674818437218270228e-02,3.210327724324433252e-01,-1.570479457280778979e-01,8.134245695791762765e-02,-2.173769805751142592e-01,5.010698982810393165e-01,-5.496294091383938651e-01,-2.070406415998742589e-01,-1.407786934425223624e-01,-7.878344896769416683e-02,4.677794500558531132e-02,3.469135800248478955e-03
1.171807644195810530e-05,4.213488371606430863e-05,2.637826007426517533e-04,1.105043362273013452e-03,2.269376532121590042e-04,7.756670087853462150e-04,7.392898557038362012e-04,-7.333741470755929422e-03,1.958305608426381961e-02,1.223933818359591690e-02,-5.074419024145156165e-02,-6.954363262688267877e-02,-9.301137607030068866e-02,6.573456479903233562e-02,-2.463859240655078692e-02,3.549093836244602423e-02,-5.658259486627039703e-01,2.283357588639946256e-02,1.080538944761868514e-01,4.884204066829730961e-01,-1.232022591780337212e-01,-2.067105652615111935e-02,-2.604358446101002339e-02,-3.069786440822577789e-01,3.570680835003394726e-01,3.458009792393627047e-01,3.967063067128166060e-02,6.535187682966697720e-02,6.186029579752400781e-02,1.974393696368942075e-01
3.811088593196133702e-06,1.387523649631791940e-05,6.869300512488447246e-05,2.929134117958081792e-04,1.339416983065258007e-04,-2.327886094004556294e-04,3.969367598346991433e-04,-3.295512773742547037e-03,2.460854854424124934e-03,3.607517423273197497e-03,-6.511419183323772890e-03,-7.068699726000351319e-03,-1.291563762240499451e-02,5.022175419678372166e-03,-3.561642105528070503e-03,-7.262414903353255069e-02,-9.217532269028447245e-02,-4.954906796509044725e-02,3.370907888128980151e-02,1.239890756120211046e-01,-3.328956601657867553e-02,-2.542115609040251911e-02,-2.801060074994048913e-03,-9.641037020667184154e-02,8.593376062186516839e-02,6.268545002527910193e-02,-5.451785567100261160e-02,-5.013708291298456521e-01,-4.303049104549910853e-01,-7.106749391983399056e-01
-1.508576577678778849e-06,7.496400728810012545e-06,1.116629907764417405e-04,1.212121139597081837e-04,5.052605849445473323e-05,5.114126918952153177e-04,3.355467413798088241e-04,-5.422580279277419528e-03,2.194438051627203325e-03,-4.158477381010843368e-03,-8.971518113357659571e-03,2.976903887297392389e-04,7.420144976640662138e-02,5.461794828665519214e-02,1.308271385275297950e-03,2.830860963699547220e-02,-9.713230870508457460e-02,1.727623040133130505e-02,1.372011257382608762e-01,3.528363122279730424e-02,-5.272960842779876416e-03,-8.673808512210845478e-02,-1.171383642036690487e-01,1.764832890394679166e-01,5.971136692083421904e-01,-7.386034816343062248e-01,-1.196437498244365101e-03,-6.423349092837986329e-02,1.389727880357314281e-02,4.420196375734390670e-02
7.143011754569231994e-08,8.366813625019892215e-07,2.893735650587902136e-05,7.456185152279928678e-05,2.023651142643869178e-05,3.709727883400859718e-05,1.508256684517905223e-04,-1.232303847347724019e-03,1.909459007203694091e-03,7.770199309186948816e-04,-5.532377865599995108e-03,7.781294361298999793e-05,-3.313642041250588772e-03,-9.144978235350861850e-03,2.058036528615142177e-03,5.622752640608822891e-03,-4.887357384503263763e-02,9.264433850814753806e-04,9.672766102399137089e-03,5.282138241775047316e-02,1.373439742983135342e-02,1.190210652980581707e-01,-2.845402890563421619e-02,7.635032415319099874e-02,-7.665105765139564042e-02,-5.788491919765604427e-02,9.725970998524857691e-01,6.836567966999587687e-02,-6.091783996805688606e-02,-1.000515488004840026e-01
7.245376915235484175e-03,9.919534853267738400e-04,-1.892478377725283212e-02,7.389001681758253226e-02,3.448617167108946474e-02,-8.118738393334333503e-02,8.934821631232835876e-03,4.813256553504876439e-02,-8.831708180786325135e-01,-1.189562974911630433e-01,-3.837883919466255622e-01,1.312719505475530291e-01,-2.747815178029382188e-02,-6.383753570916746167e-02,-1.414552719696408334e-01,9.171797260759777248e-03,-1.374309100724731801e-02,1.653684172547639905e-03,-5.718384934996105680e-03,-4.929251919887179395e-03,-2.408540522477727996e-03,-8.860623077247982080e-03,-3.123016500499257216e-03,-2.063262085622084244e-03,2.922850460438255072e-03,-1.182874710860953643e-03,3.255628368254346417e-05,1.146193969239009142e-03,-1.411055858390888569e-03,-2.375300417894497600e-04
3.530770390904694380e-03,-1.398145518528906561e-02,-3.923226629605290616e-02,3.706695356540161690e-01,-7.169342622096038786e-01,-1.429334566469819649e-02,-5.788163976014334411e-01,-1.111493774691737699e-02,-2.646499166576947795e-02,9.973122871394879407e-02,2.760909013456264161e-02,6.197262112567804293e-03,-2.694492194586717987e-03,-9.860227601733507260e-04,5.686205475216773650e-03,2.716931487216205868e-03,-2.469403843414939240e-03,-1.130120479652109130e-03,-1.220890302669738964e-03,1.905324688145513732e-04,5.967717242494015089e-04,-2.312968097409739553e-04,-6.622394729359571200e-04,2.130825811705505310e-04,4.855229889586799266e-04,-7.542900553414604893e-04,-2.451603580430624334e-05,1.200500877691167129e-04,-1.623378461504518440e-04,-8.149829821289209528e-05
5.006736623937622227e-02,1.114700052243961653e-02,-7.947026763219562639e-02,7.944174800468085662e-01,3.860380331287653344e-01,4.402353408392071787e-01,1.031951215153864738e-02,9.353544588240322866e-02,4.260036761988546944e-02,-7.324374877317993415e-02,3.082724925239603911e-02,-2.489520965722232491e-03,-2.014223170384462063e-03,4.295723300197329224e-03,1.018375626126071486e-02,2.221300395088957169e-06,-2.427383199072091140e-04,-6.410610971655448501e-05,7.262863987904842557e-05,1.492322202169222905e-03,1.022362067929938334e-03,8.823441735224779288e-04,-1.311376466717542599e-04,1.477663952251569038e-04,-6.448263931675589030e-05,7.915587879094413174e-05,-4.761893687334108337e-05,-2.384396043598604542e-04,-1.121188006090523606e-04,-2.057445584630269086e-04
8.626359096560877182e-01,-4.985579799643397592e-01,-7.185126079854942116e-02,-4.051404871049428535e-02,-5.328498914298313363e-03,-1.963302954816576601e-02,3.766621361450268532e-03,-5.755829605776773862e-03,4.793687842491754780e-03,2.893154213571063824e-03,1.401486806507698480e-03,-6.670744741493016662e-04,2.088386274349295145e-04,2.651460393287576023e-04,4.326042365451430180e-04,-3.887541780218246157e-05,6.509175259350994964e-05,5.001744578859049417e-06,2.625182784302202143e-05,-2.779953144692379056e-05,-4.329787872200316346e-05,1.924350338200984448e-05,2.013402221620699703e-05,4.413987934848801622e-06,-1.385250979922289207e-05,6.625950099035853315e-06,1.314694145711166245e-06,1.513932519146391576e-06,1.393416791069037949e-05,8.001490061989978029e-06
7.739317467795909112e-06,-7.070365614366636779e-05,-5.832774296023498616e-05,8.157150951173937304e-04,3.984703974425825865e-04,6.992043382438588479e-04,-4.887338986184976315e-03,3.210203939564941055e-03,8.417054622212781501e-03,9.536383074266569296e-03,-5.724971161039978107e-02,5.440248257042278046e-02,-9.129214911676671084e-04,1.284399802190638873e-03,9.052384347033411160e-02,-3.772735811607080270e-01,2.018663190022991494e-01,6.958985589039808906e-01,1.185210989267629911e-01,1.995760682192733171e-01,-2.724365922318424671e-01,1.302166161002181986e-02,3.358131201985775083e-01,2.212943104100454361e-01,4.882946569099023276e-02,6.266431518290117852e-02,1.855181960339196204e-02,-1.237549602781367886e-01,8.224210184034966981e-03,7.719679872122434117e-02
1.069397122038226510e-04,-2.520008565100230621e-04,-5.323461960052723986e-04,1.088690333299052390e-02,3.063302834312908209e-03,6.637043506605874894e-03,-1.309750571662120569e-02,2.044526774866721117e-02,1.383917918122273549e-01,7.947539176643672598e-02,-4.326271429142137248e-01,-3.602205570649879007e-01,3.374131908567613025e-01,-6.766109669162807538e-01,1.741473580750544370e-01,-7.068744540400199484e-03,-4.346381933711938872e-02,-2.592186132255610773e-02,-2.013866620425639256e-02,-1.273784743048292367e-01,-1.559942187662023416e-01,-5.098169019606561825e-02,-7.181807079524037650e-03,-6.070684622063481084e-02,5.724536216795867577e-02,2.357396785460173783e-02,1.478192679364626581e-02,1.048959535244313804e-02,-2.436313839855947655e-02,1.414559266210821051e-02
1.839611722359484405e-04,-1.080327376041399827e-04,-5.603322187540075040e-04,1.164560531188987662e-02,3.076350606029095228e-03,8.121701791350485408e-03,-1.886174935563294033e-02,1.702742340961091796e-02,1.445621416994211650e-01,9.929713020798180967e-02,-5.399858822366261357e-01,-5.400629820609783582e-01,-3.059034896925091340e-01,4.256809467375995415e-01,-1.604780169324782346e-01,1.169532781365006935e-01,2.072572360214302856e-01,4.230240060776865180e-02,-4.686506283889958768e-02,7.497923950418851347e-02,9.019015892938915535e-02,-3.473956572999959552e-02,-4.564385811087746936e-02,7.633436491115302980e-02,-2.181624302410514749e-02,-1.038826483873441127e-02,-3.339959599453703673e-03,-5.739439525876043275e-04,-1.245237891587559591e-02,-1.882612288795317002e-02
7.719469436607056189e-05,2.208680700713412229e-06,-2.790293922813754887e-04,3.383918405179076570e-03,1.677781665230269675e-03,4.279487502137406204e-04,-5.188033825202091436e-03,1.700171742366209408e-03,2.374476975481121244e-02,2.654776447044002174e-02,-1.195578378229694011e-01,4.077323735016570930e-03,1.302209761549690198e-03,7.875443467988034463e-02,4.256229274770465670e-02,-7.358161042549417052e-01,1.194788053158668539e-01,-5.449624120842682107e-01,1.840681449940271552e-01,1.828920295805551155e-01,-2.716150577814373940e-02,1.024207244304576984e-02,1.131667835931536303e-01,-1.131178170811986683e-01,-7.790697284572946357e-02,-1.154518795544345888e-01,3.305289569927842650e-03,5.547433777948299755e-02,6.323777342774690446e-02,5.843577853306823611e-02
2.300178191850045628e-05,-1.353279689205389357e-04,-3.770593905902266214e-04,2.713206860187651701e-03,1.377928329153881937e-03,4.315467403251870178e-03,-9.075843770563470775e-03,8.773313748843009768e-03,1.444020237041054866e-02,1.837760174173226971e-02,-1.282834529891702380e-01,3.761186132928454051e-02,8.140602651265060885e-01,4.377274836656300794e-01,-8.308410314324479740e-02,1.156881313666683203e-01,-1.112712824095940349e-02,2.399496980617843098e-02,2.958814083124708949e-01,-1.844993507996078863e-02,2.065840382768842354e-02,1.865635335642169823e-02,2.068649719362647410e-02,-2.884709748777430222e-02,-8.235545798198623535e-02,9.583721594246294440e-02,1.086124527489981326e-03,2.799885698053159334e-03,2.293108242606863717e-03,-1.437771547397084446e-02
2.759349064784080706e-06,-5.490418510085487224e-05,-3.569174831446923562e-05,9.360170995118502913e-04,3.058595623829330422e-04,5.557360598075909881e-04,-1.735410435909315536e-03,4.100460804384180357e-04,1.485475142088309164e-02,1.141273869160966056e-02,-5.904535874007530577e-02,-2.013479732427727806e-02,2.517294722885491179e-02,-8.070461896121772227e-02,6.691178977475083396e-03,-1.795381815527230182e-02,1.981943537681776432e-02,7.671233488054761407e-02,-1.242708632422949780e-02,7.972498071965156141e-02,2.681658607071666367e-01,9.026675393152333582e-01,-8.427877343945693392e-03,-7.936088130503214655e-02,9.571852231014064960e-02,-4.828408520548300303e-02,-1.013185182565727593e-01,-5.368984511411284410e-02,2.161237525571595985e-01,-1.049239566201600748e-01
