5.384306776892638924e-03,7.334608107292934359e-03,-1.187776873508078306e-02,-2.657698133260201837e-02,-4.411299728891301258e-02,-1.306919649084143098e-01,3.982425655733837916e-02,1.060171007240291313e-01,-4.044932446447461749e-01,-7.822954041823167171e-02,-3.990005247382148457e-01,7.240210673234274141e-01,1.724270972423709303e-01,-1.779721032384628532e-01,-1.192917522362641342e-01,-1.179804635627333259e-01,8.124310142263886647e-02,9.380606203899959084e-02,-4.338761108645783349e-02,4.292892328655420475e-02,6.366865862147054467e-02,8.206030369111081118e-04,-1.945434312902609084e-02,2.650342897942179615e-02,-1.298576461336164306e-02,5.216405898318171933e-03,5.204567821603539764e-03,-5.936789545125253573e-03,6.656748646666632444e-04,-9.530809691537185701e-04
2.539258069132231590e-03,-5.551741043820864266e-03,-1.114089596332260013e-02,-4.610485214947995236e-01,3.289418089687987101e-01,-2.142527514446102010e-01,-7.813731379308002101e-01,1.159434068113329996e-01,1.000554633820539743e-03,-9.020662106432142391e-02,3.079724792279808776e-02,-2.438241086005088747e-03,2.575561046729807606e-03,-1.072977756414065197e-03,7.497430605956907287e-03,-4.366516965237933826e-03,3.992557764749773584e-04,8.201874074794318148e-04,-1.103463809601973843e-03,-4.856743092727764549e-04,-2.149367328134767197e-05,-7.001910972460863650e-04,2.029416723084812870e-04,-1.990745933473117525e-04,-1.806420302825570968e-06,-6.966167604997101350e-04,1.623703269669112611e-05,-5.283847766387853479e-05,-5.565312622785524106e-06,-5.284700644498537117e-05
3.742453196866125237e-02,4.858401294730953224e-02,-6.699436791347480880e-02,-2.465706794452455497e-01,-4.009840177369903835e-01,-8.327599366399585090e-01,1.837452147457719620e-01,-9.323852673385249479e-02,1.458638278039479097e-01,7.194935918803745112e-02,-5.891882422565750815e-03,-7.642744802103632051e-02,-2.274116512149936334e-02,1.504550282458098909e-02,1.490849742459635259e-02,1.625835188687473759e-02,-1.583732626090245121e-02,-1.452617586260900040e-02,3.856591537970628907e-03,-5.974255269428848519e-03,-1.086634301161669078e-02,-2.103093133333936663e-03,2.929930151546650957e-03,-3.394237611678513431e-03,2.178711717081618753e-03,-8.999334205360921737e-04,-1.679047941620689488e-04,9.902844544519187175e-04,-1.713424144661779855e-04,2.727778386254736242e-04
5.402660461841120032e-01,8.305072657911373168e-01,-1.152265725907976879e-01,1.817811707194172399e-02,4.270280592819262339e-02,5.298195503237392717e-02,-9.086361033549763058e-03,2.572958911983561775e-03,-4.568122530534178202e-03,-1.300860608856906336e-03,4.149300844122078523e-03,-1.661882151006635307e-03,6.216015945239514997e-05,5.001771077393153860e-04,-1.040389247676885690e-04,1.144439502299479108e-04,1.008129172143329915e-04,-9.179326834360712446e-06,1.596179223365480930e-04,-8.198117198998986334e-05,5.804276343724934235e-05,1.026361481198551513e-04,1.481914697936158860e-05,-1.981278065238192628e-05,-1.360345635105699856e-05,1.546893953311252629e-07,-2.942542016641303533e-05,-5.020556400508891541e-07,2.860716753404138143e-06,-7.400447854147083527e-06
5.197260052843415822e-06,-1.013243402449826579e-05,1.121718855033433470e-04,-1.384486488347431217e-04,-6.832845655762886418e-04,-2.997490574600702637e-04,1.892610683725528750e-03,-2.857861032860793682e-03,1.217758416812580839e-02,2.238849809809047731e-03,2.873586025935287447e-02,-4.076100849154497274e-02,-1.451464573108370536e-02,-3.408774362361106924e-02,-8.014851093922464864e-02,-2.409483033103188288e-01,-7.034039983797693574e-02,3.064828963414236163e-01,-1.749024934204948256e-01,-1.479912669820771798e-01,1.071654414634923835e-01,1.339550683583083934e-01,1.707307403076960550e-01,-5.213143503597001960e-01,6.329873463964718061e-01,-1.964565959377641557e-01,-5.174857532680283284e-02,-3.599015001960731430e-02,-1.030816114902735788e-02,8.018182532497840354e-02
5.125023663853394193e-05,-6.718360254696608140e-05,2.408965760741504784e-04,-1.973883090188920629e-03,-3.626300504644544304e-03,-1.333628713610933913e-03,-1.429123028066061815e-04,-1.904367030935307653e-02,6.985042998036992967e-02,1.614624862818662965e-02,1.115819072312675408e-01,-8.806856968515769379e-02,6.683555337749533254e-02,2.894922596665311636e-03,-1.568458341891868224e-01,-1.445251482246629748e-01,1.803047808072422431e-01,2.499280777967480827e-01,-5.449956214619736811e-02,-1.875229708685924590e-01,7.828726505719806328e-01,2.196998344388207403e-01,-1.841026863069273461e-02,2.376968157429689699e-01,-2.311603412230788801e-01,9.109859171237669542e-03,-4.936281761899675297e-02,-1.301338726058546003e-01,1.662575258384410906e-02,-6.105640885048455382e-03
9.383984273055682719e-05,2.062751494102642844e-05,4.514265369193347821e-04,-2.398778784445157984e-03,-3.227960474252325549e-03,1.085153014899591702e-03,1.527494958816560120e-03,-2.526932083937419304e-02,7.745210731065875487e-02,6.057141606725619659e-03,1.814169662673227323e-01,3.744950821336474195e-02,-2.836230158734276974e-01,-1.059410750009738833e-01,-9.164951964517512040e-02,-1.536018499065907456e-02,4.528869424155268497e-01,2.490493344898022376e-01,-3.120913972011697401e-01,5.674848653824071665e-01,-9.538277092649154187e-02,-1.192048666090862880e-01,-4.032898927310595537e-03,3.114292730019966871e-01,2.134890206487680409e-01,-7.232160410897917058e-02,-3.069966456929703463e-02,-3.838072615734784004e-03,-3.186205846927473145e-03,-5.535700792819145573e-03
5.226767903097688620e-05,1.884972577472552081e-05,1.275511817807100583e-04,-7.602826203665304268e-04,-1.570226061210672468e-03,-8.661584781388424401e-04,1.114020997247651933e-03,-9.388577437979300777e-03,2.432432797038917849e-02,2.540718455946875277e-03,5.636986761833628207e-02,-4.317759338369284855e-02,-7.584804835907987819e-02,-4.599256808813706465e-02,-9.582853788708187159e-02,-2.866616387082472350e-01,8.977709566920917539e-02,5.705442074128553448e-02,-3.236974512396110365e-02,3.738886883739936939e-01,8.957566135873829688e-03,1.487662370241812047e-02,-1.592552500583638009e-01,-6.529592153709099511e-01,-5.124405667401019659e-01,1.573338749927004343e-01,4.801707335644816305e-02,9.468390346726036910e-03,7.982062960212822286e-03,-3.251252476710705941e-02
8.169352670290678544e-06,-2.909758461968761721e-05,1.970429384941023388e-04,-6.352774845284856484e-04,-1.532259937453344127e-03,-5.466127018869313108e-04,3.009379568581052643e-04,-1.159128631308737646e-02,2.057303407456117714e-02,-5.151765370420812720e-04,4.653364557124600731e-02,-7.663896190559230104e-02,2.996226824848356035e-02,-3.309323374690435471e-01,-2.001280226424805367e-02,-3.624656179819226581e-02,1.238243695978380188e-01,4.916021953677150447e-01,7.599250860096845583e-01,-1.594654155866576453e-02,-1.708206145550899280e-01,6.564478572663350227e-03,2.472393951940644874e-02,5.037128745071203784e-02,3.783839674070352960e-02,9.956722926888376957e-02,2.510397159752465746e-02,-4.214561779474633083e-04,-4.194880316664813084e-03,-1.270682142246563548e-02
-1.719473764093597908e-06,-1.800770256477416520e-05,7.189218230882616614e-05,-8.820792335889579051e-05,-2.978188412391477731e-04,2.828097822797334183e-04,-5.563243666018018246e-06,-3.472121019088878369e-03,9.276279017406499974e-03,2.663963955406531761e-03,1.904171598726840664e-02,-1.210743504395732188e-02,3.537734871628973703e-03,-8.387170377755480974e-04,-2.173916903403931219e-02,-1.845834643182660967e-02,3.801121704789532652e-02,5.610539813124711811e-02,-2.050688805831009029e-02,-7.789108259408851487e-02,1.854603603319120997e-01,-2.246664037440485040e-01,-6.518936110730819133e-02,-2.597303503956510662e-03,4.942580855063587880e-02,2.301517816754031914e-02,4.103721361578691051e-01,8.430090436021334677e-01,-9.483814038622960518e-02,8.552976239279953818e-02
3.208382916292982319e-04,3.504038587172657510e-04,6.740103736334611233e-03,-2.516235421925594202e-03,-3.000140393283711251e-03,-5.687796646268559672e-03,-1.768658027463575894e-02,-6.696628953645474003e-02,-8.620892461679689756e-02,3.287683247956357108e-02,1.116879274919055087e-01,-2.031268013804639339e-02,-2.631978471522156693e-01,-2.476517228166740248e-01,-8.374172197192711886e-01,1.979300780207856603e-01,-2.685171261406200105e-01,-1.656255977585767702e-01,2.715494322576216327e-02,-4.091463332680095322e-02,-1.571766450023013087e-02,1.380561333889598896e-03,1.580526799699151150e-02,1.161169614357997378e-02,2.235974562917493382e-03,9.698133421135432574e-04,1.958290312443169978e-03,5.525624704983164541e-03,-3.360099345010294277e-03,-5.606354630092543270e-03
-5.561032090682864850e-05,9.423046520235266784e-04,5.775333258383028197e-03,-3.291250608391906723e-02,2.855266038040882304e-02,-1.581261990902889381e-02,3.605933747076237733e-02,-6.201432212864017579e-01,-1.327033200532582169e-01,-7.620704990351363506e-01,1.040882367503105921e-01,-1.059922966371245126e-02,3.251300279976186008e-02,1.807838443405281742e-02,3.206174137850984623e-02,-9.112748212307154871e-03,-5.997628428661963204e-03,-3.858809247867915800e-03,-2.985183279300745486e-03,-5.386718608296597530e-03,-9.998852133469723034e-04,-1.872973894497396074e-03,2.638926164733486606e-03,9.598301433226302977e-04,-2.629340634601789496e-03,-5.236361103888020722e-03,-6.877425163819782770e-04,-1.177309810574814138e-04,3.126901165668263984e-05,-3.024322867806861605e-04
2.359819895278058698e-03,3.681777767409903646e-03,4.878456757591485837e-02,-3.704998987888096645e-02,-4.638531152917607647e-02,7.345997721818210702e-02,-1.954724861792942470e-01,-7.131381926325990328e-01,-2.367301721634149092e-01,6.122561065816446435e-01,-2.509394581286725212e-02,4.282149413987077630e-02,4.073207994126159387e-02,1.702514953581643620e-02,7.289934152164863346e-02,-2.373332004746658841e-02,1.464753253452122199e-02,1.876495984568370134e-02,-6.218688657522460084e-03,9.148621727316489163e-03,-1.719142022084618965e-03,-2.335472509428978497e-03,1.543660094261841906e-03,1.236053378191248045e-03,-6.653472944504388014e-04,-1.783656871418240518e-03,2.019253463491323813e-03,-2.257815247824388437e-03,3.405415332017391948e-04,1.333191350446910270e-03
5.492703768848537782e-02,1.070179569149696114e-01,9.873690464190872929e-01,-7.011109467314331767e-02,-4.398020602287972675e-02,-2.799312572946657807e-02,2.467959249232774821e-02,4.067246170773056863e-02,1.114299179336615715e-02,-2.452291791100348964e-02,-2.316409803101154331e-03,-3.022787242357280382e-04,-4.132346956203976091e-05,5.130606372940094183e-04,1.923585101117341722e-03,-2.563748340530584116e-04,7.848991876019860642e-04,7.982579667272503862e-05,1.166010802103097251e-04,-1.609702615062725813e-04,1.850207865064308523e-04,4.977070689402175859e-05,-1.546863108803759018e-04,-9.201282995881784400e-05,-3.219021755568828963e-05,3.052113827770645908e-05,-8.134266582216024546e-05,7.110989596122457726e-05,6.153997791508063917e-06,-2.230432603719534820e-05
-4.772379244695842569e-07,4.440782515423187086e-06,4.302670026728533858e-05,2.728903179686770615e-05,5.703816482460594107e-05,-1.048469768014963292e-04,-1.516168795660644659e-04,-1.283651220331114918e-03,1.488868257728386338e-03,-7.227272080211509173e-04,3.406159641536233608e-03,-4.096084718616807389e-03,-8.043270384073210669e-03,-1.549056720962668516e-03,-1.470438244963220495e-02,-2.220503492660257788e-02,2.075081694397980410e-03,2.824415182021808648e-02,-3.262882214827632354e-02,-3.467856186059482815e-02,-8.186569472537255643e-02,5.662030394129846655e-02,-1.652834021040248125e-01,4.901205842619912878e-02,-4.976513774727515244e-02,1.309865579791112677e-01,-1.573315263506580575e-01,-1.634960030721159877e-02,-8.238790308743781932e-02,9.513414572823779558e-01
8.348781784516628687e-06,-1.041379436968954447e-05,1.582296906087507071e-04,-6.352877780548169765e-04,-9.473278925765839112e-04,-3.176478033978862524e-05,-1.908328579462699546e-03,-1.075612353476760111e-02,2.137895954190192904e-02,4.549097779558038991e-03,3.737641695271484016e-02,2.914166114544921443e-02,1.858956109156962785e-02,2.520312398261226328e-02,-5.616778487419872568e-02,1.042216668512350591e-01,2.527560056722791271e-01,-6.972724423266582483e-02,4.024414054930550849e-02,-1.738897927134245014e-01,-9.899974036691143453e-02,2.535557361261037146e-01,-8.317605904916343107e-01,-6.486785257839483565e-02,1.432661099285907902e-01,-2.457786492445198923e-01,9.992294376212200457e-02,-4.367936988216600952e-02,-7.229404484854487500e-02,-1.156574897967819482e-01
1.129710998075586002e-05,1.227768541492892327e-05,2.502377824293062917e-04,-7.301113061164166964e-04,-9.623519685699023036e-04,2.955984283069395006e-04,-1.556714264005434976e-03,-1.572064712719366264e-02,2.440949664689956097e-02,4.131330548739222362e-03,7.464733477046447963e-02,1.159950198536456450e-01,-1.943499394150862147e-01,-5.935978616903666433e-02,-1.784586453562427011e-02,2.326366950808953504e-01,6.392498957550473149e-01,-1.043752116500441807e-01,-8.342588555490722257e-02,-4.880864802976462857e-01,-1.528621397640040902e-01,-7.540755931699440369e-03,3.314904893912697936e-01,-2.140046223288971372e-01,-1.503746794415507515e-01,7.030647560394784334e-02,8.763326362645944279e-02,-5.102251551457993167e-02,-4.008912472509718050e-02,3.315094041527096719e-02
3.676235555823331660e-06,2.567398092613084182e-06,4.823631164817832333e-05,-1.337929447883622731e-04,-3.231185166798075051e-04,-4.603582582559924505e-04,-6.913656260089714317e-04,-4.477953327245457957e-03,2.294547423222881299e-03,2.976611205565533880e-03,9.693734319266920918e-03,1.252238244825241986e-02,-2.227087405320577612e-02,-8.477128024470788684e-03,-1.765911166444093100e-02,-5.000415646793441443e-02,1.082872883669162706e-01,-6.135185540052525560e-02,2.990171429289787894e-02,-8.148973397065301105e-02,-2.396089322772747623e-02,4.035497960789735661e-02,-5.834265715255480128e-02,-2.502099250099394656e-02,-3.270010452510099981e-03,7.195480092389261451e-02,-8.628684297250128754e-01,4.378900384578471305e-01,1.017408728419614584e-02,-1.596726786289212052e-01
-2.548356397139401761e-07,1.558328512095513867e-05,1.377458311675840489e-04,-1.140470288734486091e-04,-2.289032169903490021e-04,2.427797771494846454e-04,-9.249962140162046927e-04,-5.778491503393619506e-03,2.196830748491842601e-03,-1.851990865264621210e-03,7.598138523863917464e-03,-1.839842860240099506e-02,2.456318128717052338e-02,-8.479920921127527544e-02,3.336109863130555520e-02,3.568618664317082384e-02,1.440904691182280824e-02,-7.572074581084074774e-02,-1.137061844037848823e-01,-3.809840506483406532e-03,5.433519256536900599e-02,1.424970970254897384e-01,-1.394839733106818525e-01,1.545336181382643516e-03,3.154556918714698788e-01,8.963047543044007082e-01,8.493869036366412384e-02,-5.247699843822808269e-02,1.859344785960273874e-02,-1.207931811790912274e-01
1.545361844106305951e-07,-1.377422307400460091e-06,2.879381249244608178e-05,-3.703421041871886473e-05,-8.036103934327776613e-05,-5.963959170466845325e-05,-1.756416616821036478e-04,-1.554610529580867546e-03,2.383437183518877581e-03,5.576042088145930680e-04,6.448639928179233927e-03,3.740471194025910776e-03,-5.533747785068713482e-03,1.306830161062389264e-03,-1.318147866313705216e-02,1.764166577273187583e-02,5.034325036688872684e-02,-1.246561132701164273e-03,5.790471940866073579e-03,-5.256333781636055719e-02,5.351203937257797104e-03,-9.107397531425158455e-02,-8.286897596092952789e-02,-2.418946560707604249e-02,2.616191939991629328e-02,-1.724679275553487462e-02,3.094094187724841585e-02,4.688499345485188513e-02,9.832563708881139064e-01,8.590807028878280627e-02
7.280492987101648203e-03,-3.534700866626782918e-03,-1.023709925223934177e-02,-4.716017103164511781e-02,-6.573976429865814597e-02,-8.323141680060529290e-02,7.565399152860453891e-02,2.422145222518409247e-01,-7.996227131347761752e-01,1.961368324270659075e-02,4.682274739354421733e-01,-2.098207521849157486e-01,1.668267781143917532e-03,9.125405807200942521e-02,9.683029464763479033e-02,1.637904619398305311e-02,2.695260479717271826e-02,8.501590847572279563e-03,8.305919654328799626e-03,-6.379842975620203483e-04,-1.353462715496659037e-03,7.761312812836450303e-03,-6.854254202099659219e-04,-3.663886965980806508e-03,1.235316018832339742e-03,-4.612585600002070481e-04,-1.265742453016249552e-03,2.626999740737533248e-04,6.398395417250749928e-06,4.292030264746557640e-04
3.363907069960076109e-03,-1.619165035773682121e-02,-3.377850035603013196e-02,-6.953581508538407840e-01,4.391596499420862831e-01,1.314613079986420574e-01,5.398724612890997143e-01,-4.685336685211777957e-02,1.137905220340740958e-02,1.003118703809477014e-01,-3.138137706791710446e-02,1.279295953594861450e-03,-3.518190809697320943e-03,-1.452591346386661363e-03,-7.636864417585016197e-03,2.827399962939339349e-03,4.955532390182241891e-04,-4.117351613736235441e-04,9.156381558499670234e-04,4.573852613354764652e-04,3.836412084911700699e-04,5.884583913901854889e-04,-3.113879388884018581e-04,-2.818537318234417307e-05,1.567173754653113321e-04,7.138388100697430063e-04,3.323458572576912966e-05,8.349401792444535882e-05,4.412277065975607686e-06,4.642616388649356774e-05
5.099725682890197953e-02,-2.379131964140331415e-02,-5.572659404195597077e-02,-4.804939160306982426e-01,-7.236375048277701172e-01,4.575640698378987126e-01,-1.268212211370796372e-01,6.697288223823176512e-02,2.706272447609228693e-02,-8.640714021264712941e-02,-3.022495052031690457e-02,5.046774019083918005e-03,-4.985421059290008096e-03,-3.130147905069005643e-03,-9.676413141502361939e-03,1.355820258440530572e-04,-8.834370025499726489e-04,-4.689807472188649881e-05,-8.264913195515860600e-07,-8.941635431385507472e-04,6.628403928488527759e-04,-3.290408104752248633e-04,-2.903109305414208860e-04,-1.338309585763625169e-05,-1.251337856583817321e-04,2.865499227708408962e-04,-2.187768019257895879e-04,1.389253945489810267e-04,-4.711790496566729178e-06,-7.391719767275022914e-05
8.372507352400814229e-01,-5.436026916679935761e-01,1.616282427645614542e-02,3.803830968357596598e-02,3.556229381677294965e-02,-2.152261748602744829e-02,3.597575137684578140e-03,-5.187623053061877522e-03,4.149517165205552499e-03,2.887475500426978092e-03,-2.103629555387967476e-03,1.102005986247904176e-03,1.415716266444388440e-04,-4.085135817375175294e-04,-7.086893070969519845e-05,-1.026488740948146332e-04,-9.693358663961226937e-05,-1.950813068350253624e-05,-6.294121832197333954e-05,4.413604271619513619e-05,-1.680889159364380985e-05,-3.605764255240034285e-05,1.201805126882120862e-05,1.758242535837380017e-05,5.704731175187914151e-06,-5.528520338581262349e-06,1.506409245235751529e-05,-9.702764236188906086e-06,-2.090566966994935982e-07,7.099238071028401093e-07
8.393512002510540956e-06,-8.302840824976559584e-05,1.703780943118930061e-05,-4.128634040194036200e-04,-6.612096361835106614e-04,1.108344580655172421e-03,4.401567616570590917e-03,3.961353490412841336e-03,1.858539932939353573e-02,6.827131277137079950e-03,5.599682437095272747e-02,-4.650081853204249271e-02,-2.204629588080947444e-02,-4.080259750230950944e-02,-6.777035091821545509e-02,-4.055604279244348076e-01,-1.924880271850120395e-01,3.846024897573288581e-01,-3.855841091063070269e-01,-3.885750170709463269e-01,-4.396078892337895172e-01,-2.263584665060312286e-03,-8.391643450211506983e-02,2.365728206733351269e-01,-2.392933377176434673e-01,7.573653256294317349e-02,4.882653058798775564e-02,1.825180530071625340e-02,1.524602732814910044e-02,-1.272711473588474251e-01
1.298245988485763412e-04,-5.837994047236405321e-04,-1.332502381496102073e-04,-7.540926397008388717e-03,-9.388542194417504386e-03,6.759810815212074706e-03,7.027484951400761633e-03,-5.492917442002601125e-03,1.892837610568959272e-01,4.765144123218909011e-02,4.036616986149409447e-01,1.696247071190724598e-01,7.519503400648659408e-01,2.229632493679412630e-01,-2.925014457030811754e-01,5.281756816503217766e-02,1.065307883302297337e-01,5.951210579048857655e-03,-1.468420794267083322e-02,9.664686849805800839e-02,-1.677651935079602641e-01,3.840832788881607535e-02,1.155482943731370171e-01,-1.526519897814663726e-02,1.466421012819042746e-02,2.542433972399519085e-02,9.480935382503453621e-03,3.474111569277790051e-02,6.219274829812898413e-03,9.171884081884622286e-03
1.927260221842192487e-04,-4.851118604360518736e-04,-2.628209443653384595e-04,-8.834477923666811741e-03,-9.342220913748202141e-03,1.129460911700135711e-02,1.283897284467457739e-02,-1.538522055805251719e-02,2.027695585347657203e-01,4.655621307012951932e-02,5.803837339815898222e-01,5.842217008550706359e-01,-3.138295645124815070e-01,-4.274870878069424174e-02,2.581848896521661274e-01,4.575729544885064060e-02,-2.908361268535418209e-01,2.224332067556258896e-02,7.714417116526817164e-02,-5.488953822595557530e-02,9.177984976139069717e-02,4.534910884666226022e-02,-4.531927143336033498e-02,-3.607554105135656747e-02,-2.767859972820021358e-02,6.505011701921951765e-03,-7.229267718711667595e-03,4.172168590068386050e-03,5.825053797945217889e-03,-6.855519004929161919e-04
8.143187051665667052e-05,-1.247931072564000465e-04,-1.659079904389215471e-04,-1.905820375770184193e-03,-3.342742124261392084e-03,1.014453080323101481e-03,4.904080842275745575e-03,-2.006406298758966859e-03,3.710626278813902029e-02,1.494890563675265599e-02,1.208833333364149887e-01,1.917075630224361268e-02,-4.875926188537361289e-02,-7.391311929546177939e-02,-5.940198324029279803e-02,-7.320038938751475266e-01,1.740044661314002206e-01,-5.397165049865934039e-01,2.263134783904950098e-01,-4.205281655988483969e-02,-1.691695193841938685e-02,-3.458395323658294829e-02,5.784056904158645790e-02,1.559354498772711761e-01,1.485949570586312107e-01,-3.764406020735107383e-02,7.954774098303453445e-02,-4.118233332454198509e-02,-4.206725973369319742e-03,3.059584879836652060e-02
2.022468170342343167e-05,-2.415052998809482927e-04,-4.252075383315636492e-05,-1.847107521731024011e-03,-3.468470958795874266e-03,6.144111314584199679e-03,5.987545324542754149e-03,2.862276554301173507e-03,3.491230876001168160e-02,1.474955830376823047e-02,1.206809621390032422e-01,-1.313261302013220277e-01,3.074353862809356408e-01,-8.383511174884281658e-01,2.254438469856406835e-01,8.853350958798329728e-02,-4.496359669252760621e-02,-1.654523023126584502e-01,-2.402840394240086386e-01,-1.699161388341002181e-03,4.945725796508371186e-02,-1.909662370957372970e-02,-1.767671216140994511e-02,-2.844276220652688578e-02,-4.861126853849367935e-02,-1.278263187691415226e-01,-2.286180596287193389e-02,5.993079468484621003e-03,1.025560139610230074e-03,1.771175099648222145e-02
3.730159463880921361e-06,-8.101088469768616147e-05,3.372603815404778073e-05,-6.607091725902556646e-04,-8.275250156261682900e-04,1.153637419781286880e-03,1.712101333325813943e-03,-7.630744086454703057e-04,2.282493092866010390e-02,7.660423475789959052e-03,5.955193710444677685e-02,1.154658881963469344e-02,7.295502706903617129e-02,2.929243302038855509e-02,-4.917480476728639666e-02,-9.923716795133522353e-03,1.957465237239735742e-02,5.873364914772837009e-02,5.742314782157732778e-03,-1.640474686009737726e-01,1.498884983877125654e-01,-8.751470824005250781e-01,-2.340157606707644611e-01,-9.344158949041664330e-02,7.175917122417309335e-02,7.284991772067553328e-02,-1.343752220239269601e-01,-2.572187875533363810e-01,-9.660361389978446012e-02,-2.023596096459900212e-02
