5.119912451646137057e-03,-9.739817975773086903e-03,8.455267602604107924e-03,3.617355397679257456e-02,-3.777761702249802372e-02,1.396345393639674137e-01,1.357409335857254554e-02,1.326358360952667736e-01,-3.581625617097140002e-01,-1.306029058268982634e-01,-5.075250844950681683e-01,6.530373306784751364e-01,2.541837533854451880e-01,4.902495862963866108e-02,1.897511741217576542e-01,-4.874014814749574181e-02,-4.671748367790357764e-02,-1.255032611537391929e-01,5.098263197199731644e-02,1.241806199653268904e-02,5.093470429392269599e-02,-2.868001068557287508e-02,-2.079479034145303301e-02,1.660563974019172925e-02,7.726830480624806083e-03,-9.439067139811558801e-03,8.775232881363680170e-04,3.320015196778966764e-03,-7.061120176253174972e-03,-1.987223115382820253e-03
2.530381710601580566e-03,5.589927380748514057e-03,-1.783011726564612438e-03,3.482889116028610177e-01,4.557698549143066602e-01,1.461268852066643920e-01,-8.017540178044511023e-01,1.608704286854498178e-02,1.098029878403658163e-02,-7.637995894256247031e-02,2.215702403457592631e-02,-2.685510339510948762e-03,7.269866873286026654e-04,2.744635000578346876e-03,-2.812594041618274223e-03,-5.848397918222259483e-03,1.099684020002020517e-03,7.827296737506633535e-04,7.346752120689482943e-04,6.418281031094736756e-06,7.524858773375242202e-05,-7.479860256107429006e-05,-5.967840673105271037e-04,1.025365568206462952e-04,-8.553169257475136487e-04,-2.637883778081232086e-04,-1.390114476766282791e-06,2.297965584597847844e-04,-1.370951360684494777e-04,-2.835157802504366603e-04
3.538937162654689356e-02,-6.860549467872475993e-02,2.453513797562351106e-02,3.342119536983174100e-01,-3.247917146069795313e-01,8.448562527832411684e-01,1.061695907653883858e-01,-1.461001878262090936e-01,1.284098861535617753e-01,7.688045604813516232e-02,1.262663945030667242e-02,-7.348149309958031117e-02,-2.886434252508035189e-02,-5.242888651807645420e-03,-1.536920514871662619e-02,1.101939656110237364e-02,1.086877586300133772e-02,2.015508702405732072e-02,-3.681733166651582692e-03,6.122596015652402015e-04,-9.716311617484634650e-03,5.297002026212458727e-03,2.093745792009573965e-03,-2.258272851503192145e-03,-1.552961363817836589e-03,1.306120569157786680e-03,-6.200590268457900839e-05,-3.775830545463050472e-04,8.558941516991600169e-04,-3.270166251551484744e-04
5.194094471919676881e-01,-8.501535514827963658e-01,-5.270784651631818556e-05,-4.262622536746301510e-02,5.411029782257960330e-02,-5.128348839998362468e-02,-1.111949437509066182e-03,6.874863575902840328e-03,-3.786270540755803417e-03,-9.475443239142359621e-04,3.567333445929825840e-03,-9.303664851448364840e-04,-1.482673085785046220e-04,-1.602468792982402954e-04,-6.014959478961874996e-04,-1.534623377388952433e-04,-8.958875243591627759e-05,-2.519561540831375773e-05,-1.934239255069248361e-04,-1.513395879909007968e-04,1.148743403949207582e-04,-5.114201343632367430e-05,3.857314999472830595e-05,-3.068766400822728774e-05,6.701480906111454398e-06,3.525910419006629499e-06,-3.235683985320078957e-06,-4.790001007311778254e-06,9.863083869959812306e-06,3.092664095540980903e-05
4.816055144165264871e-06,8.698056384179176227e-06,-1.967058105844609976e-04,2.550133611665254580e-04,-5.372026015533850913e-04,5.209439706866553525e-04,2.269751046948966823e-03,-3.106094913063794927e-03,9.134372341920294139e-03,-2.008033034709195367e-03,3.857521150729662646e-02,-3.815886789212820374e-02,3.790132403747442039e-03,7.824726480132986051e-03,1.688207706005797892e-01,-2.281947524119432580e-01,2.642152220285346464e-01,-2.130187164390807131e-01,9.892111089197018481e-02,-3.810986780035396926e-02,7.872103516618372820e-02,-8.369970211138166860e-02,6.064296274754678029e-01,-6.077992073187029609e-01,-7.040606183373163129e-02,-1.349650962186218772e-01,6.661333851001907148e-03,-1.191691781952724100e-01,-4.320797590871126859e-02,1.466389497934627618e-02
4.398564238332777169e-05,-5.711219615112658933e-05,-7.363922449615771656e-04,2.699106078578574798e-03,-2.527323576111092582e-03,-3.155018046255107919e-04,1.138046851631753379e-03,-2.489542151119570126e-02,6.029383620463158594e-02,2.261644883161388273e-02,1.255020518541510866e-01,-8.342571469554148356e-02,8.711818646655594689e-02,-1.253828553883453989e-01,1.499310693575893749e-01,-6.965711592457214663e-02,-6.494543133474231511e-02,-3.214037739970258545e-01,6.168927691311999056e-02,-2.754570695631685107e-01,7.112516434082138961e-01,-3.736253968062476227e-01,-1.784706826566646864e-01,1.835318700365247691e-01,8.267257058885190205e-03,-6.135105858755653119e-02,-5.447145008178913735e-03,-1.411505696380334698e-02,-1.132778717624300657e-01,8.222620656746121304e-02
8.588723508186574349e-05,-1.543856602231992111e-04,-9.560680581201691812e-04,3.241648101455333036e-03,-2.174107814000648779e-03,-2.267629573271515500e-03,2.260990976072506722e-03,-2.322998159314074162e-02,7.486036508166743486e-02,1.622044113937754981e-02,1.737419121446241166e-01,4.216450039031082592e-02,-1.755596530717161707e-01,9.680712390821190338e-02,1.792317508993654107e-01,-3.144783393550003303e-02,-5.260317644207618271e-01,-5.144373370294471615e-01,2.215565418558137767e-01,3.600705596500348715e-01,-2.216515648258301219e-01,-1.246143194177907164e-02,-2.305221293083914991e-01,-2.046123863061890813e-01,7.983137810062958251e-02,-1.257161043901338371e-01,6.508921367219360800e-03,1.512276696595564289e-02,1.004373355397719138e-02,3.691407151513492052e-02
5.039281532804502261e-05,-7.410228394488380316e-05,-3.992187083749217753e-04,1.037659223114271003e-03,-9.954220491430981581e-04,-1.300827115727823922e-04,1.818461757880201037e-03,-8.278473472437984301e-03,2.134306596240783879e-02,4.152108464150146110e-03,6.906711521562822198e-02,-3.053889502629189220e-02,-3.819896391835490151e-02,2.391881180546276409e-02,2.325722203802866039e-01,-2.200977769835687492e-01,-1.685978862288471658e-01,-9.649299696938638815e-02,1.348038867786046334e-02,2.690868303576180454e-01,5.493750283600570827e-02,1.416187982049642580e-01,5.625931603823279836e-01,6.016838680084588553e-01,-1.008489096946982438e-01,2.544247336182156038e-01,-4.747516498192924650e-03,1.460147154970714827e-03,1.097036966653402307e-02,-4.695211182015724544e-02
8.789493947670263567e-06,-9.797612599089010961e-06,-5.090657421801350092e-04,9.581299439494553316e-04,-7.435673812200588751e-04,9.027595383599609346e-04,8.030610699321735378e-04,-1.061463465167897594e-02,1.905914300763843910e-02,5.247215262475788886e-03,5.733315598246701422e-02,-6.441337446495741526e-02,1.786208632789988426e-01,2.535831064933404266e-01,1.799138360818970384e-01,-1.032282392472843799e-02,5.233611740942415054e-03,-3.177689710827700242e-01,-8.425162911973028690e-01,-1.333861042333950864e-01,-1.180280628911570123e-01,5.438489049156929739e-02,-3.764538283704770005e-02,-4.261836394304394787e-02,8.397947335384063627e-02,8.292756259316054479e-02,-1.965851909161330218e-03,2.154691579337812690e-02,1.083833239041257987e-02,-1.023662536739314288e-02
-2.175644655770708784e-06,1.102215099130924738e-05,-1.169935014195689883e-04,1.555518236707029340e-04,-1.851317092435479791e-04,-3.546650598490080127e-04,2.212807497590823700e-04,-4.455195956522470073e-03,8.222099778751592800e-03,4.361864046232925493e-03,1.996041019689502247e-02,-1.183087938480177105e-02,8.965174147929931558e-03,-1.559940910648571245e-02,2.300456902482131069e-02,-2.330047212209377869e-02,2.412100437491444468e-02,-1.007990073451576485e-01,7.259496738285610429e-02,-9.591795018352229640e-02,1.751535351169441757e-01,1.682625006589470729e-01,-3.397922383522986034e-02,-5.136881827393881272e-02,5.616355369963352273e-02,-1.934907264180193986e-02,6.575682786127287627e-02,1.498540886441105391e-01,7.495888865419372271e-01,-5.637106463505668907e-01
2.737807751031392763e-04,2.080782879144348020e-04,-8.405989113614150202e-03,2.212349600465937562e-03,-7.824091940637855182e-04,-5.403362778975287148e-03,-7.050617080763298301e-03,-4.311132225772418280e-02,-8.001815274159937430e-02,2.054259929144570257e-02,1.183612125271191057e-01,-6.513474855383363793e-02,-3.851494505902055415e-02,-2.775868856262294834e-02,7.899830112571158969e-01,5.206372709642660412e-01,1.305348746554429173e-01,2.078587187791493818e-01,9.283683867676018053e-02,-2.153772176181348308e-02,-4.149674045444878834e-02,2.409373066625956905e-02,-4.643683637783254520e-02,-2.274002467904710084e-02,-2.908700971862460474e-02,1.313922662054828674e-02,2.816533055391338188e-03,1.285878846045571816e-02,-2.636545735287952608e-03,-4.132713302926959223e-03
-1.043308653547986203e-05,-4.742948771058697554e-04,-1.565678938460472389e-02,1.717681358902071673e-02,4.040255902646180258e-02,5.477937444712612652e-03,1.091276533129349885e-01,-4.391240382398211572e-01,-6.749308804299093689e-02,-8.781311283968703529e-01,1.251592919797268055e-01,-2.310730439904021272e-02,9.166415714835526515e-03,6.059360250439880385e-03,-2.620414691733361293e-02,-7.978363469829389404e-03,4.905487260826854080e-03,1.190556191565784495e-02,1.034811300912530201e-03,5.018395112279762892e-03,5.029316472954969280e-03,3.087820041668503518e-03,-7.501975768473694538e-03,1.152786326332122177e-03,-4.723761063771386541e-03,-2.522414260105933486e-03,8.544766656231712551e-05,1.649673923402514546e-03,-1.124754874994138070e-03,-1.358589227227548083e-03
1.966871134031136260e-03,1.578189587876750938e-04,-6.094332756387541711e-02,4.164467339633320248e-02,-2.332029137974800728e-02,-1.417029169619138662e-01,-8.290597815495456824e-02,-8.301944487380841231e-01,-2.986164685223444692e-01,4.196809252773422427e-01,-5.567511876620878652e-02,7.043573177312327516e-02,2.525732035110529045e-02,5.717529091488549216e-03,-4.354771418730200155e-02,-3.699292156656829728e-02,6.043132747415354972e-04,-1.889466246366345095e-02,6.973267551925345223e-05,1.168513575619214810e-02,-1.302675012515466411e-03,-2.468312273849504555e-03,2.673956849999155599e-03,1.990243253810771926e-03,1.082840851683186277e-04,-2.218253986004226942e-03,1.351785901550906074e-05,-1.592058234421624401e-03,-2.328097154059595702e-03,-1.402072545680114459e-03
4.698242978495092981e-02,2.593909572237829142e-02,-9.952584441983668428e-01,4.078873946756546992e-02,-1.126076028552570624e-03,1.858766845917319416e-02,2.531051693103648567e-02,6.045114172580050987e-02,1.287382119915416248e-02,-9.410574559026845323e-03,-4.115334493713615786e-04,-3.865948134091649262e-04,-2.252123518811092638e-04,-2.124514472255618436e-04,-3.804735700924086628e-03,-2.117567479813217256e-03,-6.475723007171065027e-04,-3.565549464645593699e-04,-6.383089061621589552e-04,-1.840153590932436310e-04,5.015928938195882538e-04,-1.671275652505232212e-05,1.600837657817039909e-04,5.589950418609081423e-05,1.702550633205361403e-04,-1.186947932401960753e-05,-2.909359553319861588e-05,-1.504793212363753980e-05,1.267198351227147876e-04,8.179682193863159164e-05
-7.964558526083405061e-07,-5.800694347768431820e-07,-9.527299146817018319e-05,-5.134186288434560227e-05,5.906778733175752484e-05,-9.452420048940707721e-05,6.945811480233480509e-05,-1.072193163938034302e-03,1.407947579519239992e-03,-2.192033115953403478e-03,5.615590743577453248e-03,-1.590230227518571893e-03,-9.302754174169780912e-04,3.761996104328583623e-04,2.506033649933691460e-02,-1.915362880682269439e-02,2.893421595291274101e-02,-2.280376461486766787e-02,2.487228088492787759e-02,-5.690849672542747095e-02,-8.671597867512691182e-02,-8.188566267215908676e-03,-7.352009027051041590e-02,1.208803535711234500e-01,1.608071711717819485e-01,-1.711415058718759874e-02,7.280136328339152640e-02,-9.543978791540997930e-01,1.458729532075095092e-01,-5.037447118025364934e-02
6.020925968280525025e-06,-2.710721651747768671e-05,-3.961459183027320695e-04,7.385641883851108268e-04,-5.975832943204274599e-04,-6.529200983102670212e-04,-9.660529062298211242e-04,-1.027124130139069405e-02,1.702701437696761688e-02,6.308128618914424571e-04,3.269234808152552546e-02,3.745446566392872378e-02,4.563116893231558557e-02,-7.495334903437680940e-02,-2.900182201786155600e-02,1.274568271236995454e-01,-2.287705344019992371e-01,-2.902903728654313356e-02,3.350260001864117931e-02,-4.493968461640321377e-01,-2.191863832697143744e-01,9.559760147772723704e-02,2.887785322584847658e-01,2.378624346735499773e-01,2.446648330566969509e-01,-6.517795870690893389e-01,1.384558955893355481e-01,9.823683020646907516e-02,-7.257566066338319577e-02,-1.290704861213975291e-02
1.043120529174941748e-05,-5.448604445898666283e-05,-4.830964195809667292e-04,1.027268325402651023e-03,-6.800107941817879224e-04,-5.573901467273272839e-04,-3.486124511017269791e-04,-1.362418589492797767e-02,2.239911273610752443e-02,8.558240448710682704e-04,4.403568599559225250e-02,9.522787773572016778e-02,-6.461223555431855337e-02,5.479302385662025883e-03,-7.423591213457218785e-02,1.457866861973976802e-01,-3.464339165525047726e-01,-8.670323304602549352e-02,1.319353180121363711e-01,-5.882567245930065969e-01,-2.002707506718927610e-01,-6.960267734196701195e-02,1.034245059458450550e-01,-1.167733793013134291e-01,-3.305692432346922227e-01,5.096202444489795758e-01,-1.685155024370443844e-02,-4.912573521109434710e-02,-7.728696384989434953e-02,-1.392874231870179780e-01
3.420482928156360185e-06,-1.475710959677720800e-05,-1.417866224628492233e-04,2.130027743022702008e-04,-2.178532920795256617e-04,1.029402773416428972e-04,-1.589583903364435655e-04,-5.244152859818372071e-03,1.595556021875524323e-03,-2.673103098251328755e-04,6.629817454366022760e-03,1.695803873752842542e-02,-1.552382275402162167e-03,-8.130592464619272597e-03,2.663869903976818707e-02,-3.866385315881489676e-02,-8.225374156634059075e-02,4.626296571108049621e-02,-1.744176489082498302e-03,-1.307657091352064094e-01,-3.801190460699209461e-02,-2.200930525780055505e-02,5.111794822298715291e-02,2.088654136132707222e-03,-1.014714672437462273e-01,2.320526669850424273e-02,-2.828297011487621027e-02,3.569543780848501158e-02,5.933917207315242415e-01,7.757493347890949131e-01
-1.008689678134305132e-06,-1.097321703199831968e-05,-2.376277082459144917e-04,7.391101121353403907e-05,3.192189633541585764e-06,-2.316081311817062404e-04,-5.365441136287676547e-04,-5.300155838040034040e-03,3.524378252677389748e-03,-2.196088214423594885e-03,7.096348385246954715e-03,-1.618265182093542656e-02,5.107732380551291418e-02,7.214976940974858477e-02,-1.811560391646515819e-02,4.113580175039040915e-02,-1.227968939861831185e-02,3.844413331358301905e-02,1.427603966165962857e-01,-5.885003226477311666e-02,-8.220194431782627126e-03,-1.344924837688465658e-01,1.339966275031113652e-01,-7.034364255713550229e-02,8.577069414871280051e-01,4.095278946232682737e-01,-1.512150819747604515e-03,1.201828786872393695e-01,-2.274039631893646617e-03,7.382285121048322296e-02
-8.241464798683699626e-08,-1.671902435204091822e-06,-5.520456031584887620e-05,3.931262562516624844e-05,-3.925059181365713384e-05,-5.667523006966435127e-05,-1.586993881505269579e-04,-1.686645608653319440e-03,2.064829693361382428e-03,2.765776552619805448e-04,5.065626965672071977e-03,3.469689732552768639e-03,1.818377330879826287e-03,-1.021906941259867301e-02,2.297338153887322921e-03,1.423771071860632960e-02,-2.065189225539636880e-02,-2.521429771773198159e-02,2.176600372949299284e-02,-7.167977867613689602e-02,5.770109109821838951e-03,1.151955284997000090e-01,2.052854353420376782e-02,2.012346157451696052e-02,6.525132997544841329e-02,-9.776355811933104545e-02,-9.797617016406592327e-01,-5.301797693332890166e-02,1.662363192709655907e-02,-4.472105908995055445e-02
7.145593948636310561e-03,-1.805201308445002054e-04,1.032850092420846584e-02,6.230279876267569295e-02,-5.134897439408470099e-02,9.908060125442234856e-02,2.229949656359966892e-02,2.510155446300546545e-01,-8.195221451521135236e-01,1.168272797444910686e-02,4.644223493672767211e-01,-1.131502489493799862e-01,-4.625643380182448833e-02,-2.118243157562573961e-02,-1.250036844646452150e-01,-2.620884030006046667e-02,-1.545963355783211597e-02,-1.057084833020958091e-02,-2.000418247711616831e-02,-2.262029802072198191e-03,3.093027569624247873e-03,-2.888982315953045419e-03,7.340377959560329124e-03,-4.597650622770142748e-04,4.080223419544641225e-03,4.286214178859435830e-05,-2.376122807369198504e-04,-1.958492899505249844e-03,1.868762452047546905e-03,1.860805084223581549e-03
3.503101767546778957e-03,1.710520662104846740e-02,3.476263196687975898e-02,5.304530792855621790e-01,6.208150384653835507e-01,-4.861834448774618456e-02,5.645169122874088563e-01,1.006566261444672220e-02,2.909706555770781794e-04,9.912946298516764343e-02,-2.596154024657868278e-02,1.979418932152522854e-03,-4.072150336789166400e-04,-2.707307686895451919e-03,4.068178149331991636e-03,4.090244857043109916e-03,-1.218335909929302557e-03,-1.201405760226589153e-03,-3.856026490885402667e-04,-4.585664783022013803e-04,-1.734727694521494116e-04,-1.381608418218125539e-04,9.425155994242125209e-04,-1.739280886193560812e-04,7.754234830869455742e-04,2.798796579576913360e-04,-4.564008539810170501e-06,-2.507315369355143020e-04,1.564995840650950016e-04,2.476232886980746532e-04
4.967005143749267382e-02,-1.036231764554785759e-02,2.650813998101816255e-02,6.880528452599414813e-01,-5.403553177385617134e-01,-4.575326421156543089e-01,-8.320937733959077320e-02,8.427281498257178927e-02,3.677877517225609794e-02,-7.447031748607400858e-02,-3.061519417561910095e-02,-7.230522486265864024e-03,-3.396501922032394132e-03,1.716865854193923204e-03,7.093866085369476132e-03,1.705535482739419179e-03,-4.537745825938077193e-04,-5.113594220695396588e-04,1.898849143549505324e-04,-1.820162820786069054e-03,6.829246195802107138e-04,3.196712359658060811e-04,-3.828190239322809703e-04,-3.122801581477726944e-05,6.524599721217411326e-05,1.521755238170689024e-04,3.613765602062522017e-06,1.838031472765771254e-04,1.438705748342208760e-04,7.755779301433573332e-05
8.509917763743989338e-01,5.208962518968833777e-01,5.227983234220313913e-02,-3.435461609044937470e-02,8.886944595831863802e-03,2.027331212058842633e-02,-2.938018182102334003e-04,-7.431158390839659456e-03,3.751672239747558778e-03,1.743112170617908043e-03,-1.802271702970325001e-03,7.804180467948606918e-04,2.918908693735958984e-04,9.480043485924796287e-05,5.026379476116522383e-04,1.400750413747637528e-04,9.225041404402735488e-05,6.815568197309671515e-05,1.189638983830940377e-04,7.900910372670051640e-05,-6.739123305105168852e-05,5.341532771812543453e-06,-2.792418820221474361e-05,4.053876132140308128e-06,-2.675886992303036697e-05,-4.566991344842461940e-06,2.342379057570805718e-06,4.360259021712974629e-06,-1.771716381778541035e-05,-1.476444920161701576e-05
7.331069507611221964e-06,7.061838158364794663e-05,-5.948291429460296773e-06,6.432930115157913268e-04,-5.749899326406712145e-04,-9.027293678225787200e-04,4.941008936662655629e-03,2.581462675876971223e-03,1.339402659627625738e-02,5.685376357375744247e-03,6.781791977731332910e-02,-3.693205422397242976e-02,-9.542630900423672605e-05,7.536554112126800896e-03,1.906238149294138540e-01,-4.385053826382152020e-01,4.928615293294616451e-01,-2.362554695132977334e-01,2.464335378317689396e-01,-2.307174923633205366e-01,-4.443088053656545910e-01,-9.324179797667248026e-02,-2.593496129230550284e-01,2.392623248651272461e-01,-1.297580867644491064e-02,3.930424550243961229e-02,-1.437711717933672084e-02,1.395708027908696969e-01,-2.006579068189512718e-02,-2.532729382478469092e-03
1.078650467309334927e-04,1.535834649317022107e-04,4.547809208238399819e-04,1.041132894949940713e-02,-7.507549353616229694e-03,-1.155431154069329336e-02,3.532609945661997417e-03,-1.947920714135021811e-02,1.615500174529599098e-01,4.979335597981644074e-02,3.775926449409638397e-01,2.023577117994624641e-01,6.696511179791323487e-01,-5.266342824321681437e-01,-4.519802986750080104e-02,5.011424155452864904e-02,-9.946703091527441323e-03,-7.731658245146419417e-03,-9.317308667641993614e-03,1.563922206424278871e-01,-1.488010894011418950e-01,-2.804271801677764991e-02,1.654608743668154955e-02,-4.546511519495186754e-02,-2.922860139029035548e-02,6.938379280206545541e-02,-1.285147775585964401e-02,-6.110095698081209441e-03,2.662360770133120544e-02,-1.798782097192326915e-02
1.758786616654157888e-04,4.940238930988701876e-06,6.584465470533220526e-04,1.287317250573099051e-02,-7.600922406135823296e-03,-1.309578829771064143e-02,8.248038317263345007e-03,-2.698377145345734127e-02,2.044307041957943716e-01,5.585125725168586103e-02,5.043895646627684082e-01,6.708264351464787723e-01,-3.001803466816320709e-01,2.772786815622347301e-01,-8.952860644574966997e-02,7.373509286204540936e-02,2.088430037540852380e-01,6.329460932198083256e-02,-5.588437577430791642e-02,-8.031601496807606530e-03,1.068322709514597513e-01,-2.618923453002233379e-02,3.282058327390775104e-02,5.765522755913576186e-02,1.839026420859152938e-02,-3.596848074863272932e-02,4.828188266429454719e-05,1.815623446299891941e-03,4.865619330329105929e-03,8.235343007246005015e-03
7.740748371691857021e-05,-1.770105868931171340e-05,1.354965615028143561e-04,3.105821571832298889e-03,-2.655837037906960425e-03,-1.557606534069183634e-03,4.478352482325526421e-03,-7.926246285099984926e-03,3.258471098589036524e-02,1.999327906532119559e-02,1.228860632345113585e-01,6.830090709561957574e-02,2.874454140243470294e-03,-7.670241524220274346e-03,3.066831579882978165e-01,-6.103265287669675798e-01,-3.540611486060685209e-01,5.436450822987289877e-01,-1.009164392948627836e-01,-1.255465084969093204e-01,5.413018462964073324e-02,3.975109149535101943e-02,-1.398066246067042329e-01,-1.662034461879052794e-01,5.880325264340617586e-02,-4.541548068589243425e-02,3.210396590383660272e-03,-6.573056657428025945e-03,-5.158217663862724872e-02,-7.266841340270820127e-02
2.046181348013121736e-05,1.125920734611229358e-04,2.267828444693700807e-04,2.870090159443824517e-03,-2.097740292295422089e-03,-2.798122718353671795e-03,4.207758834603814689e-03,3.633425983337381596e-03,3.578384582359454141e-02,3.087024268732159460e-02,1.150286696004188675e-01,-1.476801812983268014e-01,5.555655102375353094e-01,7.332661670355005157e-01,-5.192533362783892381e-02,3.837656864340595331e-02,-4.244613427652572241e-02,1.027854397099156186e-01,2.813871460777676026e-01,6.433516440124521264e-03,4.243244311591785195e-02,1.368435716615928150e-03,-5.160095897307774050e-03,2.451501104881684961e-02,-1.139853747808101947e-01,-6.957367689479956874e-02,-9.650527276836212481e-04,-1.735100959394635448e-02,-4.563236820847833310e-03,-3.964282537140625018e-04
2.176332944066245910e-06,4.182275938967301129e-05,2.435380284638079555e-05,8.573015923687942992e-04,-6.122135253657929850e-04,-1.196391275259626932e-03,5.485898963737799320e-04,-3.524148208600440257e-03,1.955461013870376033e-02,9.562978478889568382e-03,5.216568579910337705e-02,1.706378331474684568e-02,4.749100913190134471e-02,-5.424617741346605265e-02,1.117088545783666460e-02,-4.235378568415134465e-02,7.938128204452130077e-02,-1.646855984176620880e-01,1.307473631387874036e-01,-1.494374241056400376e-01,2.319629952213169422e-01,8.618704047866406759e-01,-1.295607503186332610e-01,-8.186262753682177484e-02,6.521551867019723114e-02,1.130061114889794743e-01,9.824509223155269977e-02,-3.048523100976348668e-02,-1.851482064561994212e-01,1.858305413785620863e-01
