5.071629163386583150e-03,-1.038910899868342001e-02,6.246317369182321361e-03,4.355340995875967708e-02,-2.856849344625099832e-02,1.419339946742370073e-01,1.825663586243341657e-02,1.052959855146440582e-01,-3.414944123793324238e-01,-1.508496086282238025e-01,4.590338732051247872e-01,7.221964469788060281e-01,-1.739404756504754068e-01,-2.159901050017419555e-02,-1.078827624606767538e-01,1.590312316677227888e-01,5.059973714514761495e-02,1.194205566610372360e-01,6.642410561902682697e-02,3.615389182273866936e-02,5.306818433776571559e-02,1.072208821857750793e-02,6.247140398390927871e-03,2.495484575857285711e-02,9.799860975199770844e-04,-6.779497179170383171e-03,1.434924658950834184e-03,-3.205482290060724521e-03,6.695411783753412935e-03,-2.295689535761222776e-03
2.103835275947537470e-03,4.309187745692256229e-04,-1.257335352170783037e-02,2.955408182618504687e-01,4.759405961800257101e-01,1.834918760637378465e-01,-8.017655163013828190e-01,3.083682377225277493e-02,2.845753890375498849e-02,-7.947739015717224242e-02,-3.663452986138383827e-02,8.504392914257265755e-04,-2.593645348227469755e-03,-3.691003612844694689e-03,5.394257704345472963e-03,1.245661024070105405e-03,-1.790534956825278606e-03,7.633954419827766361e-06,3.756596483507567926e-04,-5.206106413514232679e-04,2.601100605985550113e-04,-1.616328150794210444e-04,-1.019439450248933238e-04,-1.897156262891223650e-04,9.542010153919465139e-04,-6.153807132080197761e-04,1.006591664617748821e-06,-2.346294250780164595e-05,4.184027358004923226e-05,4.504535682646373506e-05
3.480333989545589257e-02,-6.962507525363753613e-02,2.028620858868980179e-02,3.796250214039413318e-01,-2.520961875601367974e-01,8.373130867669884569e-01,1.697708680868283970e-01,-1.571677082397980874e-01,1.093637215933071088e-01,9.923995161783018271e-02,-5.302297011183587129e-03,-8.937927282495430892e-02,1.584207537901092047e-02,-6.269582349802309620e-04,5.156406726300947867e-03,-2.179635626174470167e-02,-1.124979303836617581e-02,-1.878064208762543486e-02,-7.178035124265308257e-03,-4.880799724230596402e-03,-8.919853674915777936e-03,-3.687613568902099650e-03,2.103561066811044376e-04,-3.823105394607304985e-03,-4.368145801825187228e-04,9.970084923423125009e-04,-3.537013357875864778e-04,5.724183201644581984e-04,-9.779724082631397874e-04,1.015950373106004698e-03
5.054433493173886571e-01,-8.581520318655323498e-01,-3.300066730816726690e-02,-4.899614508443917577e-02,3.901697350475778064e-02,-5.441176503251740626e-02,-5.376339957997988174e-03,8.662255827954832080e-03,-2.794781505880201532e-03,-1.997437114896795547e-03,-3.536504545906610057e-03,-8.473151420659256073e-04,3.344389383843013059e-04,2.883858660304678767e-04,4.997330292922616849e-04,-9.245007573256642857e-05,8.876763399070537871e-05,1.552165174878631070e-05,-1.737318230385347800e-04,-6.349362751038785955e-05,7.762732966987941541e-05,1.008590258946380144e-04,-4.349443263779395147e-05,-5.099316641303608103e-06,6.786050977971748032e-06,-4.714692774875644222e-06,6.558131667867581689e-06,-8.101185571407796288e-06,-6.539389771968454138e-06,-3.353193024881632669e-05
3.672240098821510307e-06,2.211982987349210561e-05,-1.099624391255211986e-04,2.579113585075884073e-04,-4.663265942568900414e-04,9.724857198669905451e-05,2.099733558653987114e-03,-2.650408337888478846e-03,8.457267743440953847e-03,4.573501129173426077e-03,-3.480878925888778591e-02,-4.743252150400335126e-02,-6.874001750368294653e-03,-4.690298012327154265e-02,-5.499328222481712075e-02,2.326829437914427479e-01,-2.113179985090297419e-01,2.672321762478321872e-01,8.627284866254328333e-02,-6.615869102654155232e-02,-2.568594510990580837e-02,2.078935908160316204e-01,-4.493273825904195995e-01,-6.297192799238354732e-01,-1.883667368445490209e-01,-3.388508935496281627e-01,5.139018004844553116e-03,1.070030161923759965e-01,4.001512148109375930e-03,-7.083963750255896363e-02
3.807750413268838900e-05,1.039881415766466238e-05,-4.578222842858188798e-04,2.705508215054442701e-03,-2.041280916346879370e-03,-5.623131870597603086e-04,3.279496378296792563e-03,-2.125517465888077454e-02,5.866638416986258431e-02,3.270771844497458863e-02,-1.292881930071405339e-01,-7.663534400784575984e-02,-7.085377289468117179e-02,7.175925642941372029e-02,-5.329510644884478260e-02,1.916289331691332365e-01,1.621353435527163878e-01,3.396992645744067452e-01,7.061599567613562056e-02,-1.824401661345380898e-01,6.731381153642445048e-01,4.472623521117753964e-01,1.072417402812320952e-01,2.291729508321638242e-01,6.962872220351670749e-02,1.285631364807721805e-02,1.587186620505205356e-02,7.150030142460979572e-03,1.253620183794504350e-01,-6.728784480020778835e-02
7.523966345187556640e-05,-7.252599312109993864e-05,-4.989950490554187056e-04,3.072160371144180922e-03,-1.603969832315287449e-03,-1.990898725149526424e-03,5.209223031461276965e-03,-1.965040579157142572e-02,7.651728790969312965e-02,3.265012315425949718e-02,-1.678782697211365638e-01,1.378367803323789394e-02,1.621168996296332987e-01,-1.899217817169885913e-01,-3.057107447835321831e-02,1.505283336719599463e-01,4.294686751404069303e-01,3.313448064192488496e-01,3.512579722796053128e-01,5.289806411426338784e-01,-1.358573308437773797e-01,-1.414201926104166618e-01,2.768575516181980278e-01,-2.912489272955460368e-02,-2.023905503295954644e-01,-1.441145880908579202e-01,6.153455612239766212e-03,-2.126232486316579143e-02,1.448443547036567039e-02,-5.009557004433869143e-02
4.641300980401232235e-05,-4.367157052429819692e-05,-2.050169118101978786e-04,1.148587692631833791e-03,-8.393974403799163170e-04,-2.348332270242873556e-04,2.513527433654923378e-03,-8.520224761989903320e-03,2.237572128298737778e-02,9.806763644431426216e-03,-6.078017609832195300e-02,-4.671636745302987226e-02,3.218696406324500492e-02,-7.152654785704856688e-02,-5.106010711734070701e-02,3.286375102295029382e-01,7.903184941612854952e-02,1.503814957635886754e-02,9.978907395092040389e-02,3.003654905805340780e-01,-7.625076891849161265e-02,-1.749298880360297941e-03,-5.917254350796867790e-01,1.761852268488293960e-01,5.069833210547147750e-01,3.477162339669263580e-01,-3.068270423450989229e-03,-1.206880311035724712e-02,-1.200571432252972928e-02,6.927385980247181829e-02
5.942753089391631257e-06,2.487923379099604693e-05,-3.256384966138502505e-04,7.787635201990039061e-04,-5.749660363518609716e-04,-5.647681316369062340e-04,2.200391217552137655e-03,-7.502749317163274340e-03,1.270646712384606962e-02,9.103915946513618102e-03,-5.368043645406333358e-02,-3.139226487704667445e-02,-1.886535753411532901e-01,-2.841713227616565196e-01,-7.118894300655795315e-02,8.007306400284422421e-02,1.433309885117906302e-01,3.891779354726183637e-01,-8.145062544943673100e-01,3.209519305513032494e-02,-1.147721310575952058e-01,-8.963298756199712669e-02,-1.513161363569741867e-02,4.583983194010634449e-02,-7.316981886709091054e-02,4.202547069684912928e-02,-1.745644285434699286e-03,-2.284596540962381336e-02,-1.995640026558298877e-03,1.906182162193667540e-02
-2.929506400517497740e-06,2.268678586554940258e-05,-8.290217661758587226e-05,1.400514848127760298e-04,-1.664925229610709503e-04,-4.096341550172122575e-04,5.541880719738340655e-04,-4.075062878020685626e-03,7.701612887554953185e-03,4.635473297857793315e-03,-2.130074891596279302e-02,-1.311755885774317822e-02,-6.593383307272156907e-03,1.058962744747528675e-02,1.627741455055909878e-03,4.060685926520263972e-02,2.202793466889808177e-02,7.407465574217789173e-02,4.453855155360064710e-02,-4.614303287523559283e-02,2.442722390595088444e-01,-1.606517123602514696e-01,-4.232639671317674906e-02,-1.100223422597196386e-03,-8.214312885918198526e-02,-3.613902913984819859e-02,-1.067814271940767251e-01,-6.539580597242605764e-02,-8.401440331539833384e-01,4.129635644023756935e-01
2.700926349069368549e-04,4.569749677440157476e-04,-8.417791494913505132e-03,1.893183958116149892e-03,-1.006345009240586610e-04,-3.234873911004905716e-03,-8.023010422614294812e-03,-3.795976191415149220e-02,-9.002699140765131613e-02,1.506593562211445275e-02,-1.085384796655164824e-01,-5.771002396210917623e-02,3.951927360419639490e-02,-8.117598324634417179e-04,-9.719875890989794209e-01,-1.140056060066046012e-01,4.047709125332717324e-03,-1.047718221136577504e-01,2.345870965577389125e-02,-2.840332325070209218e-02,9.288176974446317458e-03,-3.642418610041989885e-02,2.720274698746918962e-02,-2.849749638887419736e-02,8.681661231179998994e-03,8.388427672124974116e-03,-9.419585448581005091e-03,-3.912763597665899068e-03,2.003946349638761892e-03,8.806628404999929799e-03
-1.080096849471908865e-04,-4.016350735936355387e-04,-1.456668980672112639e-02,1.068170714701106340e-02,5.079217540270829223e-02,-2.024663305637478330e-02,9.810796051031363263e-02,-5.391616573842784588e-01,6.133380749983442098e-02,-8.242951100732374137e-01,-1.122149356325924247e-01,1.331322943855398240e-02,-1.893483427814244375e-03,-1.122589538605912049e-03,1.461903352498955706e-02,-1.486550309012092718e-03,-6.453415303613092673e-03,-4.687783191718727753e-03,-1.237031325484251295e-03,-5.120157177181720864e-03,5.253636311341843479e-04,3.636537475812902983e-04,4.132492648382951259e-03,-1.798153480096186582e-03,5.548146617287806268e-03,-2.367122442887613018e-03,1.031755991216393989e-04,-2.637113509457941502e-04,1.141292686556779360e-04,-5.180340997988879112e-04
1.900384888731084573e-03,2.556899017859279657e-03,-5.876723822285694065e-02,3.713112201731078033e-02,-1.392429546378473777e-02,-1.434950197593869436e-01,-1.170310480061580172e-01,-7.748531773486789787e-01,-3.684663722362808147e-01,4.651741584098412208e-01,4.549943851538655604e-02,3.943238755017475922e-02,-6.772731129788642224e-03,-1.805357260982030313e-03,6.310248474684673758e-02,1.137837387307221934e-02,-1.010284640930488725e-02,1.017384345460596064e-02,3.606656571396656304e-03,9.167840687357464366e-03,-3.297553872448657098e-03,1.708152995590223218e-03,1.178204877686905546e-03,3.167287280535503215e-03,-1.096977588455318176e-03,-1.838317916634599506e-03,6.800781519256865254e-04,1.054161002911056669e-03,1.632239673803732166e-03,1.536692852057654560e-03
4.623670442074734321e-02,6.279425175395289549e-02,-9.936516118234587358e-01,3.929236267084794398e-02,1.471012050358658056e-03,1.216260951887382369e-02,3.780040256128934517e-02,5.506637289515851907e-02,1.559974597009233799e-02,-1.250947124531666572e-02,4.477801255301853663e-04,4.767974312772727875e-04,-2.838352468169796916e-04,1.523607827056254764e-04,4.415153098551314464e-03,4.864139546166191446e-04,-7.826611420932556254e-05,-2.508611324406580050e-05,-3.146323365582297097e-04,-5.843385905793695623e-05,1.869980276966586475e-04,2.204948630588385414e-04,-1.814135978066638778e-04,1.169746569679412928e-04,-2.979487136594227096e-05,5.733652425341413943e-06,4.151118824303125948e-05,-2.839306112820467505e-05,-1.000773891039887322e-04,-1.063707185738098159e-04
-1.074468022646551561e-06,1.865039479927825378e-06,-7.507798055572532025e-05,-7.936905704616539065e-05,5.895108319289029899e-05,-1.351969337625009396e-04,2.302305785758327681e-05,-6.290561361272421987e-04,1.658849796424185933e-03,-3.003056983950539252e-04,-4.932840994010772966e-03,-4.836433877971156939e-03,1.556112910982163956e-03,-3.809933282384585056e-03,-1.399803739777638611e-02,2.637109803817300896e-02,-4.375851277084985211e-03,5.642349365749770029e-02,3.443650767524748108e-02,-6.755481107257119144e-02,-8.634877401078994152e-02,-3.210961827595750634e-02,2.975978752355330076e-02,1.522916008927478748e-01,-6.055048250215912253e-02,1.170190819009507693e-01,1.415605678729855987e-02,9.455834852718194572e-01,-1.556394199182827842e-01,-1.470064991810984545e-01
3.911396860532902715e-06,-1.242921589469633710e-05,-3.963022347512864586e-04,8.025544407255483150e-04,-3.079911746160832295e-04,-5.346950723452066102e-04,2.818975332900959768e-04,-1.053030818561333064e-02,2.004588294570741960e-02,1.179785094712833791e-02,-4.075776537799611493e-02,2.995555975815098262e-02,-3.602154382887017003e-02,8.244488772277268340e-02,-2.066398961075001806e-03,-6.068846001804272666e-02,4.065158882221112657e-01,8.736063800243056140e-04,8.351663278879187247e-02,-3.802348363004056653e-01,-2.139184441370762801e-01,-1.114103266514533536e-01,-3.684372698680206670e-01,4.150053619115242620e-01,-4.960390365601928531e-02,-5.240275381464108984e-01,-1.436435989272749902e-01,-3.685172258934229367e-02,4.903757625728701053e-02,-2.421311750088863193e-02
7.185687577714627950e-06,-2.782510288256002077e-05,-3.967003727956578893e-04,9.360469129824013253e-04,-3.119962836445349828e-04,-4.269700503321953748e-04,4.757003817991146380e-04,-1.047391004012467562e-02,2.515059038130494293e-02,1.818471345719964091e-02,-5.058155616566617496e-02,8.467915198348054118e-02,7.332707200497881606e-02,-2.099504579759502512e-02,4.230882107447401369e-02,-6.999266881735294321e-02,5.142450488011480747e-01,7.947556725198372252e-02,8.317666696528643044e-02,-4.775969698623907522e-01,-1.509400358659276353e-01,-7.131766828123647234e-03,1.197043394374627256e-01,-4.659536600404653450e-01,2.435244680075477897e-01,3.476906633263703861e-01,7.232047568497956304e-03,2.884381743685672170e-02,4.719454270001153390e-02,1.825595559886100672e-01
2.795189087296751483e-06,-7.294057524486300084e-06,-1.183370513831447302e-04,2.187078745967132264e-04,-1.410141398254579227e-04,1.189404851787860730e-04,-4.115317319641717563e-04,-4.100616621273560879e-03,1.631052749553391600e-03,4.282073371385321757e-03,-6.519440218241228518e-03,7.294328181197984665e-03,5.809784683805407392e-03,-2.347137886994713363e-03,-3.492592420527819257e-03,6.238570247063397051e-02,1.013539284881565250e-01,-5.000233776493265281e-02,-1.047897739318719851e-02,-1.107757988429987350e-01,-4.463078444007213819e-02,3.825260189911402608e-03,4.089527695510339345e-03,-4.714117203525189370e-02,3.712485242511409655e-02,1.312781729977227363e-01,2.943168957483277906e-02,-2.180869907531667595e-01,-4.208449827031255364e-01,-8.499249439328766531e-01
-2.249170394610644226e-06,-1.922344726771717780e-06,-2.113161663129186176e-04,3.993496050511598196e-07,5.430921462083825019e-05,-5.563306742920984564e-04,-2.604677219761216398e-04,-5.193566857993598199e-03,2.672155804178950704e-03,-2.854499688279273778e-03,-1.231747282183237244e-02,-5.479781167141858922e-03,-6.705992968883846272e-02,-6.144230395045193610e-02,-4.113495345638650512e-03,-4.363080707107797052e-02,6.044506542322916620e-02,-1.926987004305325685e-02,1.385383296100942963e-01,-8.484572286166108812e-02,-2.936825644507402161e-02,7.826710546144821645e-02,-2.964429775267692357e-01,1.380253644965535875e-01,-7.346750607596645999e-01,5.323272380108460267e-01,-1.709508211390046994e-02,-1.137267586906093586e-01,8.311612618562316812e-02,4.465972735456848891e-02
-2.526117882450385958e-07,6.016332375844940902e-07,-6.114497177207763859e-05,5.797875553339146471e-05,-2.358147057875304795e-05,2.649755749341340975e-05,5.098524235690364364e-05,-1.659136033948649955e-03,2.251475049371553031e-03,1.486727064227172596e-03,-6.086018772236832103e-03,5.809259521319031991e-04,6.929302936302790756e-04,1.111437244866619704e-02,-5.205546546299242086e-03,-7.273958404570525157e-03,5.058851105640261442e-02,1.221078871790541674e-03,1.441450618683089852e-02,-6.195897877425618483e-02,3.901972046300521135e-02,-1.206272021634014063e-01,-8.188206528214786450e-02,5.279389998715672966e-02,-3.161208211486337544e-02,-7.176630047792913192e-02,9.777273785893151326e-01,-1.766551820800491349e-02,-4.525793768256194949e-02,5.581171631518130200e-02
7.304043909265919149e-03,-7.865011277636427614e-04,8.829695533991833642e-03,7.189466754081941247e-02,-4.448070920152832203e-02,9.413252280728515164e-02,3.938684893289567945e-02,2.431114641912213159e-01,-8.012441284741392833e-01,-1.549458931732524691e-01,-4.661682628274314011e-01,-1.354516754598679151e-01,5.920662455588455303e-02,3.055028244060108145e-02,1.261963106893284059e-01,-2.527362944265021394e-02,1.025310790742010869e-02,-1.313174358605494652e-04,-1.637452858404567571e-02,1.803754650135329981e-03,-6.513502348676942361e-03,9.974908252878592410e-03,-3.758645876315586196e-03,8.950503144774833242e-04,-1.932273035727280919e-03,4.862946575747229341e-04,7.009739726665958383e-04,9.155036395364918181e-04,-1.375040699963653778e-03,-1.135141514407870351e-03
3.266935117834999028e-03,8.940102393805349559e-03,3.861830399584448292e-02,4.685794086389518109e-01,6.811647120951468404e-01,-1.228669592614893696e-01,5.371429502493256791e-01,1.680262548763365726e-02,-1.698158264422458194e-02,9.719934318577107268e-02,3.438157171352953373e-02,-3.454424231968625941e-03,1.327094707443317485e-03,2.488066066560543684e-03,-4.719633821753522855e-03,-2.492301713183810554e-04,1.652102207154899265e-03,4.073910264287098097e-04,-1.730448404247127516e-04,5.074932670098924146e-04,5.661297305755604568e-05,2.241886148069000809e-04,-2.275748615963369195e-04,1.163025946243547858e-04,-9.210251281613445048e-04,5.247055226759388645e-04,1.385589357277461476e-06,3.475580047057091925e-05,-8.186356115112435907e-05,-1.717354739296483485e-05
5.040102216885078423e-02,-5.897676904533201078e-03,2.629869197131006961e-02,7.313928313127857628e-01,-4.884741338587216819e-01,-4.430130107403420503e-01,-1.116405839266531308e-01,7.382696480806050232e-02,5.232342155069875933e-02,-7.222743571255342554e-02,3.090132966707553885e-02,2.959420654983019577e-03,1.757065324445709919e-04,-2.189990805178748060e-03,-9.021638217539984517e-03,7.351556470823246035e-04,1.674488159122702446e-03,1.982203202256893181e-03,8.453998587112399607e-04,-1.107908697486088964e-03,1.351449396023447769e-03,-6.251353534780100703e-04,-4.726708359124255003e-04,-1.683173988259519134e-04,3.625474011909797533e-04,4.977624101992222683e-05,-5.611250619944770893e-05,-1.234214895013922971e-04,-4.254341917544418128e-05,-2.505170209866647312e-04
8.593833451424357506e-01,5.045333238278425503e-01,7.040846913401867246e-02,-3.502450385379125841e-02,1.266210389796932657e-02,2.211972385451072345e-02,5.462024015750510707e-04,-7.179737776844088461e-03,2.906823293528907129e-03,2.919085414000840636e-03,1.776754213491778906e-03,6.108874234797619530e-04,-3.134206360432602334e-04,-1.311024261120208236e-04,-4.716819164555499568e-04,7.285272578029504821e-05,-8.217183832845020733e-05,-5.236602803821101455e-05,7.741908212740174742e-05,2.243583236365644223e-05,-3.369871551847007738e-05,-4.279233399196683430e-05,3.776587005470707469e-05,-5.602175124232913192e-06,-5.505468793248837991e-07,-4.508892728105329420e-06,-3.363290530850990079e-06,1.333730107055976897e-06,1.259256799522821395e-05,1.651332164714840886e-05
7.722659211425938284e-06,7.430439276688657229e-05,1.527331002917672713e-04,6.542279339540478435e-04,-5.307875645087742648e-04,-1.309779221245129053e-03,3.903035592926000410e-03,3.628332533556860324e-03,1.221881731098929322e-02,9.412243011706941664e-03,-6.454838610808526222e-02,-5.586544284027648161e-02,8.271309109394711298e-04,-7.059155228605505650e-02,-5.298165953612490875e-02,3.450434875766420495e-01,-4.618839907423418767e-01,3.953468131944487540e-01,2.413873526487661791e-01,-3.802079623841040923e-01,-3.415572846390683703e-01,-1.676623149682132941e-01,2.430295822911276993e-01,2.255745327882456019e-01,6.470962051340502230e-02,9.407180559587460800e-02,4.020970105579967958e-03,-1.510530952284149242e-01,1.885753689953032289e-02,4.680915605212009750e-02
1.014666017759560592e-04,2.169019109885101889e-04,6.874176162444678440e-04,1.061674004381500669e-02,-5.834474684003033984e-03,-1.080233607464389789e-02,1.166947514001195202e-02,-2.699593273368586580e-02,1.595883303874942039e-01,9.125437738951366895e-02,-4.199731398251840275e-01,2.503985174825901217e-01,-5.338474084023477895e-01,6.148055066779697375e-01,-1.402951759804168391e-02,2.980164340747094853e-02,-7.482725732929718619e-03,4.180841812295840038e-02,-1.888517220032643815e-02,1.446283075875988422e-01,-1.688439808059561953e-01,1.518961307918796633e-02,4.343844425366898826e-02,-6.415859540321758314e-02,-8.220969510205705655e-03,4.927043805296177359e-02,1.646169785173731692e-02,-5.430063259425074035e-03,-3.121189713110331804e-02,1.856330003342588145e-02
1.636520131655005885e-04,7.251671497551483636e-05,1.368933968929912561e-03,1.229099009466056575e-02,-5.606389413184397971e-03,-9.882899864165170523e-03,1.800176943427303153e-02,-2.590806716058579109e-02,1.981374248478512401e-01,1.158759610762409298e-01,-5.136706722383181933e-01,5.999446133440345941e-01,3.982653105855897269e-01,-2.646704835921880883e-01,3.906635634525102568e-02,-1.488957882929485554e-01,-1.898501916875773021e-01,-5.223814946841849605e-02,-7.792740762518046704e-02,-6.807632217751467818e-02,7.367679303041789474e-02,6.117823568419889640e-02,-8.127309186445294542e-02,6.300349335969029907e-02,1.297793691944850586e-02,-1.478453490646177045e-02,-1.659962783210046150e-03,3.581597838251299269e-03,-1.029802754580054491e-02,-1.227053338901300771e-02
7.610166365170994377e-05,1.337882333147993793e-05,3.988020968949087305e-04,3.385547083074905497e-03,-2.215456387135553411e-03,-2.536031472220208905e-03,4.193162400331189484e-03,-5.701692281420616369e-03,3.103974324743659363e-02,2.434606097518015114e-02,-1.152242588536208923e-01,2.536660762888004808e-02,-6.046814625192326910e-03,-8.579841556416396842e-02,-1.146002454676910316e-02,7.379804200526857150e-01,1.245320668926777202e-01,-5.634382184173765129e-01,-1.363451340787535937e-01,-1.030826128449885692e-01,2.773857311228202990e-02,-1.407260165198166539e-02,1.683521906256137679e-01,-4.078321490131744942e-02,-1.563130079207707968e-01,-8.210315577271010135e-02,-3.780322834668708738e-03,3.193335412239526466e-02,4.362432384643418620e-02,7.095357692764558966e-02
2.240742391653086679e-05,1.449315456907545718e-04,5.549107179772281651e-04,2.817006210684116791e-03,-1.811973857192392730e-03,-5.999899769137602944e-03,9.079751342043543283e-03,3.075987068561157264e-03,1.906724214842549919e-02,2.619170527599892426e-02,-1.507949023188882298e-01,-2.287322225728561156e-02,-6.633177319312574260e-01,-6.260316603326181450e-01,3.582546670918062420e-02,-1.660497323954092108e-01,-3.713573808958989947e-02,-1.597438532542381495e-01,2.548190726664116279e-01,-3.349785856213855634e-02,5.747323231687111872e-02,6.523144573752727438e-03,2.192066195218950186e-02,-2.798241766114611603e-02,1.124650559376431658e-01,-6.193837307950775251e-02,3.517821274855490333e-03,2.083843122348573787e-02,-9.027850398081375613e-03,-1.457790318056425248e-02
1.635789514185568345e-06,5.952120278508301146e-05,5.291142242007641175e-05,1.000738508837981664e-03,-5.303594545187544432e-04,-1.142533977526891077e-03,2.328031815879651537e-03,-4.306347794193795230e-03,1.882684760496104379e-02,1.353341240057924326e-02,-6.306153636419012387e-02,1.621607543647612948e-02,-3.879638019583154379e-02,7.560193887081380348e-02,2.885779738948682227e-02,3.810665323064919147e-02,-4.297285152489351001e-02,6.616815041993399926e-02,2.681225713979167730e-02,-6.692107795592780461e-02,4.593769482034869567e-01,-7.967573786544871473e-01,-1.226513526821629563e-01,-1.321603685127438199e-01,-1.996879568696750124e-02,5.588470870033725169e-02,-9.932342304721548942e-02,4.044422482769494814e-02,2.442763129208402328e-01,-1.456548421867899512e-01
