5.057396240588720414e-03,-1.008925681664986362e-02,-7.954520793179594568e-03,-3.806192630954564893e-02,-3.633173941230667670e-02,-1.339998664734458611e-01,-1.755813582394569585e-03,1.332408632183032238e-01,-3.735471596566014019e-01,-4.500062835800599376e-02,-3.661445633454373239e-01,7.412819226675079198e-01,-2.802135541629175997e-01,6.715220710837113693e-02,-1.802661447279200191e-01,-4.557057680791980897e-02,1.999756174790211574e-02,-7.008366597130273601e-02,5.251152238502006936e-02,-7.490019707170547658e-02,-6.546676465037536141e-02,-8.459561815314093139e-03,4.215667898204867453e-03,-2.163536622993561878e-02,5.136238771707290519e-03,-8.428158333841068552e-04,4.489231101331722738e-04,-2.777183312386975571e-03,-6.744515064447405284e-03,8.086355044226751099e-04
2.453970416432310273e-03,6.065702915333894690e-03,-1.108088498091792246e-02,-3.143225676962964621e-01,4.749139480042293138e-01,-8.450295890099271401e-02,-8.122150388470216198e-01,-1.253942675825344029e-02,-2.719857156913425139e-02,-7.964848529590720649e-02,3.526655616110047770e-02,-1.028425541626638157e-02,-2.443498696312450952e-03,5.321809156889109604e-03,1.851369067428540677e-03,-4.831262446843441818e-03,1.399466970127799309e-03,-5.627398901973427407e-04,-7.612356858413964504e-04,-1.066907193916225060e-03,1.097095621061420796e-03,6.257108432895262329e-04,7.778676423215778821e-04,-7.432098893460000204e-05,3.131170212351268474e-04,8.072827065631429412e-04,1.244625059557000171e-05,1.779487817954387822e-04,-6.984534191293448129e-05,1.501358619936730802e-04
3.468566797037572064e-02,-6.966060214509953163e-02,-2.803543571677914389e-02,-3.547596090461545004e-01,-2.912425947336010346e-01,-8.581451467191874016e-01,4.846470470584400558e-02,-1.230761609873108481e-01,1.284064590307940623e-01,6.156164405682799934e-02,-4.468301503877205628e-03,-7.779632438416933526e-02,3.350833121246336171e-02,-3.058791459850124066e-03,2.141422153837516107e-02,9.140844965080482942e-03,-8.534345254297937347e-03,1.164415593262856964e-02,-1.089592301192940371e-02,9.365468229662972724e-03,1.079594868114866837e-02,3.050452996934105085e-03,-2.393801737107343567e-04,2.399580298307195467e-03,-4.165739000983539756e-04,6.914142490961973407e-04,-1.201233619941044934e-04,1.416927086825178457e-04,4.150811265835454905e-04,-2.555598219533411486e-04
5.087985148401298341e-01,-8.561838199668029281e-01,2.264871859702597551e-02,4.568038396396026379e-02,5.242981096336706698e-02,5.151581263195902788e-02,2.702892059904607892e-03,6.323165666377815290e-03,-3.037580146557584872e-03,-8.663157944986813516e-04,3.272929680371960970e-03,-1.613057353353714116e-03,1.255326849661077358e-04,-3.702632561073536019e-04,2.831186348293890441e-04,-1.000397017718495166e-04,2.014762986842609386e-04,-7.214968182621530951e-05,8.071888698370194943e-05,1.548839862758244934e-04,-4.713528425153543804e-05,-8.390091230945375094e-05,1.175186541758481643e-05,2.947437516004003662e-05,-3.321696286037236092e-05,-2.480897588965777706e-05,3.589049409747907905e-06,1.518504167638494966e-05,2.720983798604665910e-05,1.474394704422421551e-06
2.884132770482332875e-06,6.157640100790315104e-06,1.564543004269345131e-04,-2.901140638421347657e-04,-4.565303633776742723e-04,-7.448045584527468888e-04,2.399924550643791742e-03,-5.072731675383209890e-03,9.995720486654513168e-03,6.789725834370717843e-04,2.596991773205671247e-02,-3.989623457820953151e-02,5.141511578011238350e-03,4.648569602751242980e-02,-1.787354127441314888e-01,-1.892662519844399427e-01,-5.545357922142158530e-02,-3.459841827364328326e-01,-1.742401247046641843e-01,-6.152873668472560315e-02,2.545465278718588020e-02,-9.481180343899428542e-02,5.867395897729109008e-03,6.544987675955283857e-01,-5.568489146548237789e-01,9.933382249590549939e-02,7.271478736586996748e-03,-1.053842714584788953e-01,1.539489935710921381e-02,3.655423507038703390e-02
3.681917656829616540e-05,-5.121576438623598541e-05,5.233565080388385320e-04,-2.799366686324448843e-03,-1.868690866634488672e-03,-8.702823330233475053e-04,2.492193826318672093e-03,-2.809128533948148515e-02,6.184023240874719080e-02,1.305123733862062832e-02,1.019724251491925804e-01,-1.122661660680869672e-01,-6.952312808196633998e-02,1.050812478473311939e-02,-2.233845074561918442e-01,-7.071947341966300371e-02,1.519250896772450787e-01,-3.605613608649724799e-01,3.525288485900749530e-02,6.508850908759035436e-02,-7.963486162856219241e-01,-2.295808678162631344e-01,1.028728909764704547e-01,-1.754846744309737638e-01,1.066251379828356549e-01,-1.426573133985321179e-02,1.192073042892046950e-02,-1.244341786374434690e-02,3.753891173414012489e-02,1.106804984225312483e-01
7.472424179485151377e-05,-1.409144398296997196e-04,9.032708128038487118e-04,-2.979095999591604114e-03,-1.170038703896238803e-03,-3.394241654513223015e-04,4.858551964643537807e-03,-3.244270622017913358e-02,7.051049141225587680e-02,1.105214062166132161e-02,1.958175474485339684e-01,7.317527331025813764e-02,2.615467693525965198e-01,6.535901118627075734e-02,-2.715588667853669480e-01,3.748944540518053120e-02,2.777537469753516564e-01,2.022412979837981753e-02,4.821580958333685496e-01,-5.945905236866475541e-01,1.064428954253557463e-01,1.041483734379861255e-02,8.619818322602479377e-02,-2.043568260744045850e-01,-2.774516434233275652e-01,-5.811249809450384426e-03,-1.144025040953302978e-02,1.801667203299871581e-02,2.459418689397303501e-02,4.128797729035916728e-03
4.534845602643635998e-05,-8.130176724300681144e-05,3.088987839287627205e-04,-1.087549651955500374e-03,-7.266973011423414220e-04,-4.109348410551115212e-04,2.844033999857760973e-03,-1.170566278087052832e-02,2.146713833298227736e-02,4.781424066592127910e-03,5.471910033597570527e-02,-3.218220390479181042e-02,5.166097872548239961e-02,4.701494942178812558e-02,-2.190781983591758575e-01,-2.402780346939566714e-01,-2.965161923577565566e-03,9.966415756556509797e-02,2.073333418227280289e-01,-2.301820524532727508e-01,-3.084590402914972468e-02,-1.240795448095375307e-03,-2.954101161040476042e-01,5.084003938632967179e-01,6.541741120001036691e-01,3.363205157178345006e-02,1.509486415471529216e-02,1.707513928610795984e-02,-4.502294497055836509e-02,-2.249840503832938043e-02
6.446028321077320895e-06,-2.987320087853150103e-07,3.039836828703121286e-04,-1.036454502221150539e-03,-6.571111222008754402e-04,-1.284463391295355666e-04,2.925983132838051812e-03,-8.754765429739462188e-03,1.849161652921824453e-02,3.637403291966027734e-03,4.715221083601616597e-02,-3.830827133974651355e-02,-4.967342590712527789e-02,3.371733935288721007e-01,-1.456163403763094111e-01,-1.076143078520757669e-02,-3.479981621462466257e-02,-3.183476973720828496e-01,5.743941190109849160e-01,5.817257019006728536e-01,2.791568114135765111e-01,-4.078157262365337578e-03,-3.848358183946997552e-02,-2.468932848271316455e-02,1.066529092361288671e-02,-8.471328205925188204e-02,-8.885840824219186709e-03,-5.526456210628746986e-03,-6.983592874782514059e-03,4.487133445389555886e-03
-3.094600646663738403e-06,1.367378953021404203e-05,9.743770473398145351e-05,-1.324492755092055698e-04,-1.180006295211513483e-04,2.270366857627643226e-04,3.749932390881116195e-04,-4.645601986769885491e-03,8.659207300300442861e-03,1.710040429835356455e-03,1.856683423558738374e-02,-1.785234217241617530e-02,-2.405967213552107162e-03,4.072882280292362128e-03,-4.860532403325917156e-02,6.847739189527574880e-04,2.409683790895621180e-02,-9.864185873599977394e-02,-1.232774979957424778e-02,1.174973126106479415e-02,-1.533064780605467303e-01,2.550499537652694548e-01,-2.691911522949142627e-02,-2.232800292154950902e-03,-5.929603321606981975e-02,-5.864332682617182102e-02,-2.865380247403141387e-02,4.220932098721819764e-02,-2.584361692916067876e-01,-9.058811506554719228e-01
2.829580640043479205e-04,3.462335817385947859e-04,8.376753320622253376e-03,-3.215977278070940477e-03,-1.104175581758627808e-03,7.979852754803751572e-03,-4.166829563831158344e-03,-6.665612156409222999e-02,-7.613066652600701534e-02,7.191722810514207531e-02,1.006987629921228811e-01,-2.869246551309785967e-02,9.174476440044260217e-02,5.542440559069648082e-02,-6.781878009771652449e-01,4.602822911521562421e-01,-4.555641131281600309e-01,2.039780761885230109e-01,-1.810043818500108037e-01,7.021502337477920908e-02,-8.276486217888625110e-03,-3.341375329549372414e-02,-1.290755545173163758e-02,-4.199765578157478585e-02,-3.085083673407233371e-03,5.515948161274925390e-03,-1.329416561082195566e-02,1.661084574167138431e-04,-1.618874340210658437e-03,1.382379014787274039e-03
-4.027937752013713198e-05,9.259727680154827031e-05,1.292140566674055552e-02,-1.360756081578012519e-02,4.871036725314546734e-02,-1.334566629359645873e-02,1.309946086545907551e-01,-5.856823466814347068e-01,-2.870557255740796010e-01,-7.357995984331696659e-01,1.068879447274811434e-01,-3.055446975496636103e-02,-9.021972682548333455e-03,6.068397020637235524e-03,2.069381808558660996e-02,-1.099031984178630919e-02,1.928847414134839296e-03,1.945691548308347337e-03,-5.090641286334568819e-03,9.775175656793373691e-04,6.170421605674526093e-04,2.430767961199731698e-03,3.219911095119477613e-03,-2.845448335240183257e-03,1.662249687743250779e-03,4.744544560365740633e-03,-9.825579366405064522e-05,7.963303913414766268e-04,6.973017170874672025e-04,4.820707172684316312e-04
2.000655220189020717e-03,1.479174810412198704e-03,5.799738527241709435e-02,-4.372679855789989717e-02,-1.981100730941296947e-02,1.442811586853469108e-01,-5.977167880179105192e-02,-7.438839581727292316e-01,-1.238378005999634379e-01,6.120942312480687209e-01,-1.061387509143299074e-01,7.490423576026017383e-02,-3.420442924312795674e-02,-9.861884630027943459e-04,6.518395381128221089e-02,-4.934039480894373414e-02,3.028586997598711056e-02,-2.157535071744352481e-02,1.508112283132075071e-02,-1.074600921934208697e-02,5.074260256489852502e-03,6.263648022951548780e-03,5.385732623897465654e-03,3.025935228938885641e-03,4.943712794171552802e-04,2.566917453836254758e-03,1.591213277262204257e-03,-1.935012897446178630e-03,-2.188595569709633846e-03,5.462702732929111552e-04
4.877681013964759588e-02,5.219080669419950275e-02,9.929080639040461786e-01,-6.306762073483355990e-02,1.807826608349509187e-02,-2.167279208908735183e-02,2.540303571509331879e-02,5.543684633358121616e-02,7.136971620031567522e-03,-2.165282951689184721e-02,2.844607626436649814e-03,-1.296327690153817021e-03,-4.345248472847019149e-04,-5.139222312699583605e-04,1.972518508460568715e-03,-1.162226572967869692e-03,1.473796104908710065e-03,-3.575029187378024630e-04,4.841330963728171510e-04,-5.259277279777532413e-05,-2.642167929550852802e-04,-9.329390952745278233e-06,-1.211369797386638586e-05,1.358646140826709427e-04,1.605425283791925064e-05,-1.174121829280196490e-04,4.144740591402584621e-05,7.284944192858722385e-05,6.578431399951409917e-05,-5.875878255919010607e-05
-9.593423449451889705e-07,-1.544338118932826981e-06,9.170289431731366945e-05,4.152230149510181985e-05,8.480501829143750935e-05,-2.447516935995418708e-05,1.097357059957323466e-05,-1.530217712780524222e-03,1.299365093722622136e-03,1.991621975287157368e-05,2.875267720282776492e-03,-4.651070148900827636e-03,6.350423227759491394e-04,-1.399199289536027591e-03,-2.275328069399609049e-02,-1.476135505191791299e-02,2.600046010966996710e-02,-5.140846476155387645e-02,-5.648130647831156592e-02,-3.498562173130893849e-02,5.923593530700452942e-02,-1.028930719484580023e-02,-1.718953167790735759e-01,-1.142135338968358338e-01,6.926170730363026551e-02,-8.220982654218342289e-02,-4.080415106154109545e-02,-7.929921213635958699e-01,5.194962579552939719e-01,-1.826310860408283665e-01
4.724230403669036469e-06,-2.001346822325486918e-05,3.533766448031253624e-04,-6.724542516547387782e-04,-3.090234392825177631e-04,3.958866547761623778e-05,-4.553110013383852048e-04,-1.142717216769068532e-02,1.724422080074836452e-02,3.664135461593804634e-03,4.146231699936713672e-02,2.049164841673551535e-02,-4.938602730928406265e-02,-5.980479966237615963e-02,-4.270973692509393016e-02,1.501081332913458133e-01,2.903073548836539453e-01,-4.055382525572336777e-02,-9.382815661970024534e-02,8.243765829028065761e-02,9.595545555456101716e-03,-9.821551673082327960e-02,-8.248507625460024251e-01,-1.550107579783570888e-01,-1.623169368496823473e-01,2.860232219124637654e-01,-1.097661625118282469e-01,6.461005049492762886e-02,-1.545735914651797105e-01,5.573395175787496797e-02
6.960558074393939845e-06,-3.348203877359481081e-05,5.896880084666464338e-04,-6.885692054154183856e-04,-2.722018444952491395e-04,-9.970885718321930390e-05,2.457176329928603903e-04,-1.621608068463324670e-02,2.382397828629936529e-02,5.468720388401430640e-03,1.037662707735917123e-01,1.535426000897084364e-01,1.683299840245279511e-01,-5.632290773617738312e-03,-1.254587805217857732e-01,3.713794166603049951e-01,6.791969411017814151e-01,-6.683984372881404679e-02,-2.653729410045039816e-01,2.011378620763642766e-01,1.509085537538398247e-01,4.095508722682133368e-02,2.735700692852032767e-01,2.193293529170370626e-01,2.085740957297883280e-01,-5.586557889120113279e-02,-1.522526152639996216e-02,-7.627855922493299856e-02,-7.426048666494805550e-02,2.292643892857749652e-02
2.914214364893902240e-06,-1.069350111542892150e-05,1.458520492819506166e-04,-1.640334143325380121e-04,-2.035106825995226494e-04,-1.492694845218447345e-04,-1.421459321849168381e-04,-4.357543132297967033e-03,2.592640440755991389e-03,3.129046593621430568e-03,1.042185326181561261e-02,1.983968654199625217e-02,1.098561278823622506e-02,-3.538273612469791229e-03,-5.971319067171006190e-02,-2.139621146730292384e-02,1.141042347130822310e-01,2.534055010550633619e-02,-6.053754709218153035e-02,7.565708268087016630e-02,1.572289328199556399e-02,-2.687725453763952291e-02,-5.925605765078796605e-02,5.384124160459632241e-02,-2.152662932271469723e-02,2.845093989459338609e-03,-2.757425891279458377e-02,5.657896980495692452e-01,7.776609951214130678e-01,-1.968973649309699592e-01
-1.707951141459450894e-06,-7.170325628290400151e-06,2.140261558452443704e-04,-4.248650115411941669e-05,7.641246498724834409e-05,3.676758264603177499e-04,-2.042545256797911868e-04,-6.182621239116853178e-03,9.258489117497087752e-04,-3.793900095502748620e-04,6.192865335920743133e-03,-9.366141142787353475e-04,-1.852228019325251329e-02,9.067119088981294428e-02,3.843419838604428262e-02,4.687451121130121329e-02,2.958570815917482139e-02,1.399306375714246854e-02,-9.093963399424435934e-02,-7.973006673765892227e-02,-3.197956217449068883e-02,-9.349676807770647413e-02,-2.643005659921330852e-01,5.497719173542860854e-02,-9.700862543702673535e-02,-9.289525015250006401e-01,-4.776668829363162755e-03,8.320213144467149269e-02,-6.695603602392959097e-02,7.450491813772865124e-02
-2.454408588449040309e-07,3.741148207921024445e-08,5.362167919179991574e-05,-2.375265413937139198e-05,-8.411520235757338599e-06,-5.280619418193961042e-06,-3.067553559221404606e-05,-1.673131811406300884e-03,1.944445434146681220e-03,2.990831650049630445e-04,7.137399192145442786e-03,1.939635232358963767e-03,9.187326344368879115e-04,-7.611033968736343434e-03,-2.645964316540955208e-02,3.434416718939394680e-02,4.425285539420734798e-02,-1.509672010259952186e-02,-1.193919109504933303e-02,1.845532522884931609e-02,-8.060829277330984824e-03,1.170732037844331719e-01,-1.066695203095747169e-01,-2.695660822305652113e-02,-3.198691176180194773e-02,1.361288733440947120e-02,9.835110730145081304e-01,-8.953442057812205368e-03,2.930275916059171815e-02,3.656250027926807779e-03
7.210849288835694156e-03,-6.214024518511638640e-04,-1.000792799895738883e-02,-6.826662956857987297e-02,-5.327173307957790149e-02,-7.022844620717805242e-02,2.646069181804901194e-02,2.279812324113451305e-01,-8.116698019994124103e-01,2.095808871100821313e-01,4.087299904134671369e-01,-2.200360023537057397e-01,3.090565860645164836e-02,-4.633257444866278885e-02,9.526741404994430729e-02,-3.380649877951895366e-02,5.011352915451027651e-02,-1.162020292173899551e-02,2.088942056135650524e-02,6.185704678681193044e-03,5.031300714108038162e-03,-3.371596689409887826e-03,9.058703987629317719e-04,5.860692817684484170e-03,-1.917712594353443000e-03,-3.265476135084189289e-03,1.093327945550522269e-03,5.470652054429235318e-04,1.849290632952987510e-03,-8.845240028023310976e-04
3.777359475022943388e-03,1.750333594779332827e-02,-5.854615259857297305e-02,-4.891788871984870668e-01,6.559820613730530381e-01,1.674210050785006343e-02,5.590910577993156716e-01,4.447322273543829335e-02,3.282330427334346351e-02,9.678567799186028886e-02,-3.509086312814513331e-02,8.745000809584157694e-03,2.453433972953434922e-03,-3.863378679237021440e-03,-3.264352137442661297e-03,3.622081230774505927e-03,-5.477630850886962277e-04,1.902450428252366486e-04,7.926802408967875777e-04,9.104784049306505807e-04,-1.117130884486408409e-03,-5.615138908553862340e-04,-7.155482570986827166e-04,4.011832699150116172e-04,-3.883196266197238081e-04,-8.112520860475571456e-04,-4.219619113598424959e-06,-1.438304659998043472e-04,2.282760613217990852e-06,-1.658171600592674231e-04
4.968721981793847164e-02,-1.273782344198093330e-02,-3.285360068983116111e-02,-7.212110006125085349e-01,-4.992396132536798259e-01,4.567421997260945332e-01,-5.293557590644957372e-02,6.034759618424983402e-02,2.909153114826094552e-02,-1.014065062946809953e-01,-2.343238466204270246e-02,6.068923251164392609e-03,5.119967914490356278e-03,1.605917303522155001e-03,-8.725902863690101000e-03,4.277197090595298568e-03,-2.255662632767954645e-03,-2.799978974278574868e-04,-8.570356552620746584e-04,-1.563520385724520188e-04,-1.078319667671146344e-03,-8.279555901520395519e-05,-7.964918312102704009e-04,-2.539242385512841850e-04,8.288052365845459033e-05,-1.332372275595286191e-04,-1.632005996007665353e-04,1.391650600602425730e-04,1.608283720600496656e-04,3.405684902994440664e-05
8.573044859247278549e-01,5.086873450339328695e-01,-6.661197247705111235e-02,3.659076783886126144e-02,5.036474483625462580e-03,-1.988511001718856405e-02,-2.150843650922750535e-03,-6.541531499340375207e-03,3.711346266375112855e-03,1.938282478727979940e-03,-1.769834329991208481e-03,1.023973686515067955e-03,-2.311356006006444019e-04,2.553529999200784633e-04,-2.553688495508524216e-04,8.451842926932758297e-05,-2.059080306636340205e-04,7.842722014036956977e-05,-8.275441379615622220e-05,-4.113970133619284308e-05,2.435756453618691608e-05,2.297221626100322514e-05,1.036568661061619873e-05,-2.265203326390285854e-05,9.968476567213248755e-06,2.589813312337498259e-05,-2.802665648585892456e-06,-9.530076793717044329e-06,-1.419696550643220936e-05,7.495105369451149151e-06
5.521687573321747719e-06,6.288329216022891252e-05,-4.212198333042749959e-05,-6.965946752357439790e-04,-3.457821899893157741e-04,4.413293288461121950e-04,5.047917830924690021e-03,6.012445042250498073e-05,1.660002219482586278e-02,5.993446097291035835e-03,4.481940448900158941e-02,-6.061107066213156785e-02,4.213316729173180106e-03,5.614145373059509225e-02,-2.250522508522267151e-01,-3.408924080039075211e-01,-5.473495184483967435e-02,-4.990188755496066664e-01,-4.122005728923531787e-01,-1.859714952799049470e-01,4.015836436077206972e-01,1.864887693387417980e-03,2.369196770278621939e-02,-3.600465560405637366e-01,2.311219652689900372e-01,-2.172976195682592426e-02,6.294450516564600168e-03,1.257488281470037217e-01,-7.708102391270722775e-02,1.709882346298638445e-02
9.721003912360065297e-05,1.179815323816106056e-04,-9.245151512588360709e-04,-1.053879668821724146e-02,-4.950700597891041950e-03,5.983074821406459895e-03,1.015847337379135323e-02,-3.416219509393610132e-02,1.669913755016389501e-01,2.242614352191366414e-02,3.706880435405792151e-01,-2.849127818806673415e-02,-8.278001901180526145e-01,-2.636041287571328495e-01,-9.171752846491920685e-02,8.155084784623159444e-02,6.022677248752770357e-02,5.496551711813829622e-02,7.537652127124991330e-02,-8.853665425348782037e-02,1.545437098551692423e-01,-6.578831340476357092e-02,9.808290925876177180e-02,4.092357028981281897e-02,1.396236638567239802e-03,-3.071678496630275701e-02,1.256095151776958838e-02,-4.877666435656710479e-03,-1.409801043287260735e-03,-3.659804914069147985e-02
1.571904308828432173e-04,-4.141485468335803757e-07,-5.851602589255267863e-04,-1.165467397958556972e-02,-4.383438146506731144e-03,4.742590176534777768e-03,1.296710874440928050e-02,-3.899538736219447521e-02,1.937482007953343910e-01,3.224703855014694059e-02,6.534145005538178896e-01,5.774909679775780402e-01,2.315973282714877401e-01,-1.332371388759768550e-02,2.238347360548442189e-01,-6.161234101120406648e-02,-2.518814376262971111e-01,-7.002860272048314072e-02,-6.213033950489892099e-02,9.861300559405900001e-02,-6.796698271565881910e-02,-2.281957296496617965e-02,-5.594263252882725190e-02,7.466887560957608666e-03,3.054987969664786987e-02,1.031871651115315314e-02,6.169510560802530727e-03,3.070094678498508887e-03,6.241510871974068064e-03,-3.327296807480702948e-03
7.179150602857008428e-05,-3.370967650284965519e-05,-1.366196583942421892e-04,-2.972577656871202515e-03,-2.118344090522517303e-03,1.071341656813959518e-03,5.056786173111056486e-03,-8.454869630965118968e-03,3.610550901114266409e-02,1.243083844394396106e-02,1.101593745458108453e-01,3.213052430426404510e-02,3.015472005394539360e-03,8.385352272412312236e-02,-3.153271183024495272e-01,-6.153373363158850529e-01,2.223735714729404012e-01,5.350362691638850254e-01,-1.303235751155711331e-01,2.958690328518948642e-01,-2.868347401169196731e-02,5.203049446319706062e-02,4.708940104296366336e-02,-1.189040788762856932e-01,-1.698156955900838316e-01,-3.896199096060490308e-02,-4.427352497663974984e-03,-6.690556499841135429e-02,-6.887400167078752689e-02,2.083482581018096871e-02
1.774498508480077736e-05,1.110043024247759058e-04,-5.716433512916586739e-04,-2.997178794450933072e-03,-1.330586769151727040e-03,4.940070186345655451e-03,9.180395684571754367e-03,5.576083876181350471e-03,2.891121373222650323e-02,2.049753769964965736e-02,1.166635594186746366e-01,-4.884564549812809436e-02,-2.339467716239075623e-01,8.800806077339782263e-01,1.707191158182621848e-01,1.102196269369933590e-01,4.174272102708154186e-02,1.163214845672172482e-01,-1.885959187716398644e-01,-1.884418940530453723e-01,-7.760988510920338590e-02,2.810277431002959972e-02,1.365052192502530688e-02,2.147590216541365137e-03,1.060419788900853789e-02,1.346801828814304103e-01,3.608821984972380471e-03,-9.715169469047543272e-04,1.910186844099511644e-02,-6.672332007624239350e-03
1.244471444231488463e-06,4.445606235994519287e-05,-7.214735724545741770e-05,-8.554535125442012510e-04,-3.538770499374818842e-04,8.421261817434878881e-04,1.856402048140152073e-03,-3.425774827963633338e-03,2.013095899843463446e-02,4.666279801993901584e-03,5.651972366938241149e-02,-1.595335998006730538e-02,-7.999626324233266583e-02,-3.782476672386454047e-02,-6.740142518352078282e-02,1.404526387838968444e-02,-8.158047125884148459e-03,-1.226921277750617628e-01,-5.003058380437374643e-03,-5.761681152937757344e-03,-1.503792943465708243e-01,9.104519502391315022e-01,-8.382577617006715942e-02,1.914421074532458161e-02,-3.328087046799201726e-02,-4.541442799554027548e-02,-1.267868380229648373e-01,5.006547501792228509e-03,9.139775271035477378e-02,2.860160811817922255e-01
