5.330272765452360832e-03,8.143880030235774864e-03,1.443317868994696378e-02,-1.992151867460415990e-02,4.435507319243743585e-02,-1.214030760731678871e-01,5.124177616950325448e-02,7.253181565294690436e-02,-3.773723727193675215e-01,-1.192463756201618194e-02,3.712734086778118336e-01,-7.138985350250057760e-01,3.631188873275097428e-01,9.454946654601259146e-03,8.010116156895308315e-02,1.402145845853604855e-01,1.253392728680817123e-02,-1.053142704358724369e-01,2.076316664477005983e-02,9.216085989602035289e-02,-7.112223988116296580e-02,6.955667375174492397e-04,-3.422090009894888929e-02,-1.137542173572433750e-02,-7.071308486216016341e-03,3.846333702413446808e-03,-6.380363586326271395e-03,-1.016672839581851456e-03,-6.191963774226654123e-04,-1.566497579665188653e-04
2.147481261607095491e-03,-5.414260868849129528e-03,8.475016466551237027e-03,-4.624007725440826277e-01,-3.275820842459240545e-01,-2.784103265536573280e-01,-7.654561011703523432e-01,9.225457714296120271e-02,-3.922482840808028809e-02,-6.764865143189077723e-02,-2.474752205942703717e-02,5.268308486083424572e-03,3.080252727107151735e-03,4.295243256255173569e-04,-5.584638386891306594e-03,4.853787302092622651e-03,5.779891231187913106e-04,-4.146937627042626977e-04,9.395443376056555104e-04,-4.865695139243047607e-04,1.278367182165661116e-03,9.221025045416246816e-05,-2.209377484575878608e-04,2.456129052079007486e-04,-2.511409454527917511e-04,6.856106181557786432e-04,-1.641273552551157395e-04,9.430585467187416922e-06,7.963716320443118082e-05,7.850328835839533875e-05
3.642374908579590342e-02,5.531469232455308443e-02,9.057880854727712316e-02,-2.152022635032091735e-01,4.044886146989637998e-01,-8.264111426894914514e-01,2.403664241190179296e-01,-4.454740223083772377e-02,1.513049802854875281e-01,5.501762568044969715e-02,4.359750762705731815e-03,7.680176682682489375e-02,-4.195213110362111530e-02,6.907480453003974306e-03,-7.103710717144782853e-03,-2.033336401716461656e-02,2.516473534998900190e-03,1.928331779691707173e-02,-6.991205598470397273e-04,-1.237710437248394461e-02,1.010230315002354391e-02,-2.401250750173547586e-03,3.827171082397162749e-03,2.369650588926824029e-03,6.648666747894410806e-04,-4.329930929077878605e-04,4.337781399461579129e-04,2.075721731820892992e-04,2.681176185913629827e-04,-1.389974799478671454e-04
5.255155034171941075e-01,8.399901463024336268e-01,1.073522716513371222e-01,2.244513969301276460e-02,-5.633082479228537082e-02,5.357084598269010178e-02,-1.173078397675212346e-02,1.770099073246194613e-04,-4.522359070274971707e-03,-1.038159424824679211e-03,-4.026555395186116708e-03,1.687477866317337472e-03,-4.097886801296745448e-04,-4.648335601612520727e-04,1.429893550368856086e-05,-7.093339149164751072e-05,-1.561182609055890020e-04,-1.154922679329126981e-04,-1.375887725979585213e-04,-1.512252388876204900e-04,3.681255711010383711e-05,1.011636032810122433e-04,5.348710789017396567e-05,-1.790607912846223018e-05,2.356627639053600850e-05,5.988297654423252280e-06,2.760556143972997723e-05,-2.509810872863615880e-06,-6.366191588761379819e-06,1.098683177594302651e-05
4.162795392606909688e-06,-1.761767194776254892e-05,-8.104533439811706017e-05,-2.292257759059855950e-04,8.313005824346138706e-04,-5.267409406631435578e-04,1.781054269613595569e-03,-2.764071674385875158e-03,1.068897758768209104e-02,6.885434945868931528e-04,-2.672540844521218567e-02,5.558759022166730873e-02,1.784183948936797796e-03,3.706752482410366478e-02,7.464834699993816436e-02,2.590371030681342668e-01,2.559574530055310770e-01,-2.221060661881540388e-01,1.652449735910840878e-01,-3.035801156026827347e-02,-1.188826942833596523e-01,1.531730109713122789e-01,4.881253324179595787e-01,5.525689449165667178e-01,4.030275079949486305e-01,1.551066216820244370e-01,3.677677302542517457e-02,1.003471613758034203e-02,-5.863116186525670764e-02,-7.982899725474466857e-02
3.756209880545223397e-05,-2.439671609680087354e-05,-4.508101629368246519e-05,-2.300185654609778873e-03,3.668673761628745214e-03,-2.203983384990603270e-03,-9.019621131644765637e-04,-1.266595065347246758e-02,6.559347605844342843e-02,7.783851647094466170e-03,-1.078993911804601996e-01,1.215544982106665645e-01,9.180094092810686668e-02,-4.360588160384144818e-02,9.078483449191177002e-02,1.508415526981402854e-01,-8.195309376227802312e-02,-3.915570329002925343e-01,3.511575889813803308e-02,-1.528110748841002009e-01,-7.508983227855038356e-01,2.566319643091244385e-01,-2.070698037928511981e-01,-2.171551852716930853e-01,-1.183241880702870785e-01,8.572569828945192372e-03,1.584408443231832136e-02,-3.706807826860508779e-03,-9.262961063690106078e-02,-2.076337722977310979e-02
7.750378597440875947e-05,3.950134735813028971e-05,-1.870873456777799994e-04,-2.901079527507097449e-03,3.358733492689080103e-03,-9.120195372723419831e-04,-5.123983811327594224e-04,-1.536908918585875271e-02,8.168578469992424096e-02,5.222421098464605921e-03,-1.875835716605727954e-01,-5.943365380044749596e-02,-1.652182531076133165e-01,1.144790999859248010e-01,5.895220703395739198e-02,1.247788623641271355e-01,-3.623250433307260709e-01,-3.176847840335603190e-01,1.083873399641932106e-01,6.936126754518192605e-01,1.107905076892608809e-01,-2.819990116929579210e-02,-3.219684572368736175e-01,1.471046122789065880e-01,1.600172478238374441e-01,7.495979975820944718e-02,9.865714316558730004e-03,1.716010540189800244e-03,5.313285990854120164e-03,9.992737280249146606e-03
4.742866039891352687e-05,2.774410538281043295e-05,-3.346405442569308183e-05,-1.001883293806175206e-03,1.630874991776281799e-03,-9.779280996579037613e-04,5.837177226987977060e-04,-8.224852829893956885e-03,2.246216766429883979e-02,4.202848906773842992e-03,-5.472155616290918373e-02,3.911371569950786165e-02,-2.791134309031837249e-02,6.199191312807383891e-02,6.847709662265838437e-02,3.219288509951708788e-01,-8.799118681671187769e-02,-1.605468965073395416e-03,-5.197190299470511726e-02,3.537455051373025183e-01,-2.631456278284810546e-02,-4.678010721895250329e-02,6.487442503471373412e-01,-2.699593670849402272e-01,-4.718176686214094473e-01,-1.641930352310696228e-01,-6.577669116391018748e-03,-3.254803380457874096e-03,-9.092611646140526076e-04,9.775913240867758688e-03
4.417686828744718291e-06,-4.521060008273240874e-05,-1.117892712603497094e-04,-8.038936642984856546e-04,1.136681134067062202e-03,-6.225814900418997263e-04,1.390689680357013423e-03,-6.315364264217331568e-03,1.894437301123835446e-02,-2.151834092056160910e-03,-5.319722266124920357e-02,6.802270820012040753e-02,1.530948371913802286e-01,3.073655051838647401e-01,2.180941543120275619e-02,2.096790806186048933e-02,1.899980465684610320e-01,-4.377346230597745635e-01,-7.636174183380908254e-01,-6.012411036879529436e-02,2.153355654592179202e-01,-5.920804328729417816e-03,-2.886350377729174702e-02,-2.597344779843207760e-02,5.879920906251924484e-02,-7.915485605377325928e-02,-2.669856462860538751e-02,3.413519914860140610e-03,-8.526832197589213902e-03,2.094945701903837276e-02
-3.132348965896767881e-06,-1.568335828888422695e-05,-4.854454834305327722e-05,-1.554538602779689284e-04,3.203211955655064277e-04,1.511367123036916815e-04,-1.386266556126130645e-05,-2.545387884866227250e-03,9.325694970872036235e-03,2.971899988930296554e-04,-1.744544163763425693e-02,2.253139316176975063e-02,1.128440410071476253e-02,-9.245272350305547282e-03,4.667293298564335891e-03,3.842459015819280760e-02,1.511705163195186177e-02,-1.003649746749730731e-01,4.375774038850171327e-02,-4.671923621845553570e-02,-1.429696729049066140e-01,-2.163629841602471571e-01,1.059256575073570100e-02,6.236609488883178287e-02,4.284831103324472645e-02,-1.278390605151313586e-01,-2.451389499524669058e-01,2.954692649869052751e-03,9.106378422529898264e-01,6.470904332859442332e-02
3.188241975092737969e-04,2.823275013147277628e-04,-6.594015036936537108e-03,-2.081796333521983809e-03,3.259333355200494560e-03,-3.245600893036942967e-03,-1.332477710407251568e-02,-6.378936744393629010e-02,-7.036777526084102286e-02,6.302105398459981189e-02,-9.516123479653613992e-02,-4.478505397209971866e-04,-5.292035060894813292e-02,2.386433379921758802e-01,9.288181074356988143e-01,-1.352690556352569018e-01,-3.755981222816454079e-02,1.568843878930475111e-01,1.958381863888926031e-02,-8.871009889902077561e-02,1.936414588573199310e-03,-4.107119651307795244e-02,-1.292421070776283987e-02,8.678551234194512368e-03,-3.204554385959151007e-03,2.506157458766768500e-02,-4.210783632030977962e-03,7.935969615449147178e-05,7.384709276437403935e-03,5.748793537070685973e-03
-1.090417603172819951e-04,4.548812246401247230e-04,-5.814993959048091014e-03,-3.053613443084808587e-02,-3.549442415820382862e-02,-4.682053718294691691e-02,4.808574038982871973e-02,-6.612018514380458845e-01,-2.232745865497297588e-01,-7.037679420868356850e-01,-9.945302734562698477e-02,1.822391634318653100e-02,6.044099374545093984e-04,-9.805661642514534870e-03,-2.237607611520735229e-02,3.893063360566001527e-03,9.618961308424198598e-04,4.564093008438052310e-03,3.852103268290629681e-03,-4.479030087506964512e-03,9.905179927761225984e-04,2.516513640203206590e-03,-3.013491819528120799e-03,1.443802028266533317e-03,-4.478743431043653335e-03,3.111557315304230246e-03,-1.118595650305568759e-04,1.945999000223511328e-04,-4.439305570307336998e-04,-9.560211486668538793e-05
2.234406376873489426e-03,4.096920050171021406e-03,-4.718415108012462278e-02,-3.332552977299635399e-02,4.252875436948168331e-02,5.001207558836553990e-02,-1.614318569700763095e-01,-7.171252641450834853e-01,-1.456237313460965847e-02,6.610564335427046023e-01,2.868047854242830250e-02,-6.107529930487191894e-02,4.423788330379423844e-02,-2.622284783473615224e-02,-8.156874654843748740e-02,9.281277869880493261e-03,2.504971448836040143e-02,-2.636979400202256549e-03,-1.318549556605015790e-03,1.401956083788451213e-02,-1.230383470907688102e-03,1.496836549235671028e-04,-2.301847099325584744e-03,3.116603582411688663e-03,-7.447519304607228864e-04,-1.428897259426486306e-03,-1.492783948642640700e-03,-7.179917833876922986e-05,-1.589825947987130207e-03,-1.094709573475291910e-03
5.417262212084986844e-02,1.020056204788085674e-01,-9.842629264707848380e-01,-8.536397673801361663e-02,7.985302344028760713e-02,-3.359439208569257873e-02,2.538487037453161788e-02,4.103462956597653949e-02,1.417397591482735981e-03,-2.740465686841758036e-02,2.324416091126115056e-03,9.721813852345375425e-04,-1.154339242263576490e-03,-9.619146144363563606e-05,-2.125923523563668163e-03,4.337282995156145995e-04,-6.420924936180354755e-04,-6.366266557400921625e-04,-9.244616296328952236e-06,-4.095629364851452019e-05,-6.682120632145970279e-05,1.723414359303500408e-04,1.299147369861232957e-04,-2.053294805183621867e-04,-9.583855723834473409e-06,-4.214664704472980675e-05,6.710288065551610380e-05,2.106456627961678404e-06,4.225521620436909951e-05,6.759047373877038881e-06
-1.051522375303292820e-06,1.334064068964395036e-06,-4.430511080172655529e-05,1.892211408771883157e-05,-4.707312718742609952e-05,-8.193496676134180310e-05,-1.187870040064571394e-04,-1.396304832207801707e-03,1.175525960718450938e-03,3.463985208364020284e-05,-2.664226614973156174e-03,2.593675338142563576e-03,-1.110573491591985984e-03,7.456663138586688442e-04,1.881827985423207769e-02,2.774595207822429938e-02,2.014874368585991421e-02,-3.234466313852738667e-02,4.198608711401022320e-02,-6.459385492484833943e-03,8.759299630780938151e-02,8.963702324089961940e-03,-3.207845624612526425e-02,-1.622959739252910205e-01,7.143560178608612810e-02,-1.214904302305093442e-01,1.970905585264705051e-01,1.132656682330447501e-01,1.184823751141377279e-01,-9.353628296478814219e-01
3.723416910234107135e-06,3.561836520588953714e-06,-8.983761504249414840e-05,-6.844041827921105514e-04,8.689631784007062574e-04,-1.141361418354255343e-03,-8.499231141027767476e-04,-8.800449233373253133e-03,2.243581797248650131e-02,3.144995144429280857e-03,-3.692695980506234543e-02,-2.823911516588045387e-02,6.022401626855796580e-02,-7.214219436295843391e-02,9.801599327067103684e-03,-6.763555988485754622e-02,-2.677724147983642222e-01,-2.058641198465455679e-01,8.947048036907952195e-02,-1.541179169126631054e-01,1.737345413933512606e-01,-5.572664315267616963e-02,2.754792396212853989e-01,-5.551149605758115557e-01,3.962964023873325470e-01,4.847741056924424474e-01,-1.046008579805283167e-01,1.069616781290287366e-01,3.539784125783971419e-02,6.986430288818962220e-02
8.267732423723576240e-06,1.548790118254097774e-05,-1.412425958023435786e-04,-7.346262260793858401e-04,9.385115681724614991e-04,-1.090323654859973136e-03,-1.307315764044739235e-03,-8.918534128073862810e-03,3.193609854737129716e-02,8.292468356186619149e-03,-8.147135636204880238e-02,-1.516087821813006109e-01,-6.024419204211738099e-02,1.229204613601803456e-02,-2.652286949963450838e-02,-9.800187927098352736e-02,-4.946182331308067726e-01,-3.847298433419502062e-01,1.776722779341275982e-01,-4.578903154861617142e-01,2.637218524848589096e-01,1.993973852978361133e-02,1.016515656996919842e-01,2.920125841539419898e-01,-3.064630664854726128e-01,-2.102152385457080330e-01,-1.005895383568398832e-01,-7.019397786248719913e-04,-7.320673917662252894e-02,-4.562772924644699357e-02
3.696655455924427611e-06,6.658892844675544965e-06,-3.207485513052569387e-05,-1.422498382864093903e-04,3.822812486300771330e-04,-5.019262015668837134e-04,-3.997499433096827776e-04,-3.960238458225020033e-03,4.170025063567204399e-03,3.176525387028399268e-03,-7.810096859882691839e-03,-1.681795117037653692e-02,1.912572017938460366e-03,2.691742272729486136e-03,2.370673683038407743e-03,6.475383963704155199e-02,-1.054481097913071153e-01,-3.982690359502695510e-02,-5.498988164290456900e-03,-1.047235861713121247e-01,5.371681066812296346e-02,1.531911289218666934e-02,1.724284451714119121e-02,-1.637810953559657237e-02,7.427129512981956588e-03,-2.530602241011799779e-03,9.262494145626788411e-01,-3.560980897191559375e-03,2.347146363272764602e-01,2.343313139089753527e-01
-2.122369651104483549e-06,1.715222463659959247e-05,-1.300297448507935227e-04,-7.644426747708739660e-05,1.981196172401386240e-05,-3.667990522177495025e-04,-7.083999700803517326e-04,-4.910762297186964213e-03,1.874511485201450995e-03,-1.470672793400914754e-03,-1.485152124745871792e-02,2.212800089082135775e-03,4.911629590961022473e-02,7.883579136396837161e-02,-5.467096124079852577e-03,-2.747557205254034726e-02,-8.661187754514679260e-02,3.178246267948543063e-02,1.245967177509603729e-01,7.695459474540863182e-03,-2.543696835495312322e-02,5.394258549388468438e-02,8.705093934416463508e-02,-2.208384829279789185e-01,5.140297790922148113e-01,-7.758948642106420213e-01,-2.307950726205261829e-02,-1.454453694626274031e-02,-1.268235312321414343e-01,1.525263181816827740e-01
-1.545982280353679920e-07,1.824729998281603834e-07,-1.853562007644530684e-05,-5.441053800269904763e-05,7.402645985919741912e-05,-1.423391424416942162e-04,-9.869894279340341481e-05,-1.288000658831059885e-03,2.608043312130721436e-03,-2.076681956873321268e-05,-4.630993105234558829e-03,2.820744198610339575e-04,2.869819401520585025e-03,-6.808518734445940211e-03,2.929432671700471437e-04,-2.213801847494116602e-03,-2.152951022035913542e-02,-4.118480039549658051e-02,1.160011119499021644e-02,-2.428630914156908877e-02,5.065538303392321320e-04,-1.174812198252575823e-01,3.001037606051917134e-02,-5.964459518396847404e-02,5.675684256441369813e-02,4.990857197969652409e-02,1.929059993594567715e-02,-9.802452483614225720e-01,-9.824638522677469135e-03,-1.081873574909146818e-01
7.426021362318600133e-03,-2.540106110543585878e-03,1.250046605085546048e-02,-4.064128901255088799e-02,6.900789983533719973e-02,-5.855435120611057059e-02,7.605835771178449944e-02,1.546215967595394036e-01,-8.129083146870184073e-01,1.932560236666566178e-01,-4.598582052859697122e-01,1.752781208825333059e-01,-6.282012745501128204e-02,-7.671650527865869762e-02,-9.570632770475487328e-02,-1.893158791553252104e-02,-4.634130834685595141e-03,-7.099842664628570367e-03,-1.435895179924295308e-02,-4.960673592440917150e-03,1.006093256726247123e-02,8.061916434535042197e-03,6.256756277538569853e-03,-6.346727184718128304e-04,3.113822897626647521e-03,-3.557997995296372472e-03,2.538256114692291274e-03,-7.793919698893568896e-05,6.753631736876856582e-05,-2.482165959872989513e-04
3.332977665060250783e-03,-1.734554134472907072e-02,2.953359783063475019e-02,-6.986544180804785675e-01,-4.319123507622330549e-01,1.442754748997202296e-01,5.410134164647835142e-01,-2.633221305751331717e-02,3.826848688551977296e-02,8.766135443263735338e-02,2.699856939473113671e-02,-3.986059586339052094e-03,-2.424968786489344139e-03,6.338043692016469754e-04,5.676823386965598565e-03,-2.971824041280487789e-03,-8.462912119408673006e-04,-2.411931143897139075e-04,-8.738826112727027902e-04,3.122145112561491268e-04,-1.241040750783539400e-03,-2.184554276707126135e-04,4.393281627294116031e-04,-1.113488704892402520e-04,4.468656303968126706e-04,-6.362472750383953201e-04,1.468517311695474140e-04,-7.658225581306789560e-06,7.521890481997832362e-06,-6.062745212700438154e-05
5.036297144718856339e-02,-1.129379002203663093e-02,8.783645508867052309e-02,-4.883243188399614132e-01,7.225369543031557873e-01,4.372694783832182797e-01,-1.603923290418510506e-01,3.704669713939041931e-02,3.463241699311797421e-03,-9.725868670237931835e-02,3.436690146752316433e-02,-4.073135126881748461e-03,-3.447147577303084475e-03,6.068368772508774163e-03,7.853382914877440196e-03,8.738082903838923941e-04,-2.602169240963588155e-03,-2.976353598495065297e-03,1.156046656049060980e-03,-3.061462299609917425e-04,-5.541510896463428806e-04,9.477399630510868083e-05,8.658991094001800481e-05,-4.974907288712850052e-04,1.453156638577938578e-05,1.318138462259915082e-04,-7.337876709417932939e-05,1.778108503518976241e-06,8.365887772898239570e-05,7.328522866998975021e-05
8.467179133888713682e-01,-5.295316461400415564e-01,-1.298874720300218812e-02,3.432761204076872907e-02,-2.899982925443501947e-02,-2.028197766370412949e-02,4.114524667994257610e-03,-3.134880026007921990e-03,5.401990850685864376e-03,2.166154582912612706e-03,1.927638376072061694e-03,-9.323459676153582863e-04,4.748801957635886148e-04,2.394789181354939833e-04,1.484053933308934357e-04,6.569248467747092169e-05,1.212483890294381551e-04,1.311503069328933161e-04,5.543765252323654597e-05,6.066680368283036034e-05,-3.900671021943566326e-05,-4.773357241190038228e-05,-3.655394327550027833e-05,2.467343426931558887e-05,-1.529224273622179379e-05,9.061080004341862755e-06,-1.148418850057868051e-05,8.398913232965732012e-07,-5.984871835145768946e-06,-2.061956169018123165e-06
7.585186862209582859e-06,-9.122103828381566526e-05,-3.482107887840138101e-06,-7.786326170350424403e-04,9.496853099067047079e-04,1.603124658165998523e-03,4.339458759493387482e-03,2.587642118826249862e-03,1.758164536848285525e-02,4.065260716651610678e-03,-4.653620019795313284e-02,7.874279680937643078e-02,4.703777852931865025e-03,3.130413004230498536e-02,8.793989892161703514e-02,4.038641768194792814e-01,4.850830718032935751e-01,-2.409610667020433417e-01,4.345656400455659152e-01,-1.119124589079683596e-01,4.015626763208582917e-01,5.029220724780031349e-02,-2.580934993672812094e-01,-2.301772723694696932e-01,-1.467475832616371711e-01,-4.887857274053391404e-02,-4.416758887133347133e-02,-1.844216561615794406e-02,-8.220598515753445995e-03,1.226346391554219567e-01
9.803892261126559643e-05,-3.765459977286012829e-04,5.771443373530892864e-04,-9.076028983327925903e-03,1.025051378625917164e-02,7.517544062166291348e-03,3.755666778786942873e-03,8.770127340826291626e-03,1.940268255234969264e-01,-1.608776320767259932e-02,-3.557608794967372368e-01,5.205090269529217412e-02,6.838353388445905789e-01,-5.299246292320285434e-01,1.541147350041616459e-01,-6.923768273296726505e-02,-7.431568980062763091e-03,3.262054260789694349e-02,-3.058641026424202200e-02,1.234557607966206977e-01,1.426303808155585662e-01,5.297652458817049548e-02,3.884946393356427091e-03,1.030288735774087944e-01,-3.067093275643229325e-02,-5.560646276874178090e-02,5.572799157394931098e-03,-1.354699380461506057e-02,1.282250959222836634e-02,-4.225949349296679041e-04
1.722876398468961958e-04,-3.606492481795960645e-04,8.136944297260734161e-04,-1.078790522206059775e-02,1.058169148392086069e-02,1.055007267307329563e-02,3.438030747018727597e-03,1.029358572767829182e-02,2.466564577220902998e-01,-1.295204708955281434e-02,-6.307792987586209321e-01,-6.116070759468341667e-01,-2.317797338136304841e-01,8.351030730013614400e-02,-1.000289893383003170e-01,-6.937962410702784577e-02,2.389514335169329040e-01,9.487212817038920276e-02,-3.872282382475731449e-02,-7.469567767838254657e-02,-9.587826537393295823e-02,1.891514795738770058e-02,4.814430862835947927e-02,-7.469344092318676298e-02,7.942503037056285187e-03,1.292987153017401830e-02,1.035383587266902779e-02,-8.414547822736421828e-04,1.030318861600766633e-02,2.132027480749942340e-03
7.684820699770896532e-05,-9.461609382535323841e-05,2.682305235286052314e-04,-2.537764639120536521e-03,3.808362865199424289e-03,2.423123515331498078e-03,3.947953382702285366e-03,-6.798959655390115044e-04,4.301860037974912510e-02,8.994868057424623697e-03,-1.107954623431534752e-01,-1.381873337822536567e-02,4.371598937563029447e-02,2.877382582423178292e-02,-1.118475366167757945e-02,7.372981750343235996e-01,-3.331517957700294019e-01,3.905331713619336620e-01,-2.164170857232235179e-01,-2.547230586774565375e-01,3.513497664574164597e-02,-4.216191205810767423e-02,-1.629689169081087741e-01,6.095823178584901941e-02,1.370782919072985051e-01,4.917187229395472009e-02,-9.168404321856464534e-02,1.595350722658522586e-03,-1.679598367153617433e-02,-2.596055233068386009e-02
1.529223352591626460e-05,-2.251197947526988432e-04,2.416632199161727901e-04,-2.591311086077783144e-03,2.637480534292826334e-03,6.526959419366722484e-03,7.036087203310652932e-03,1.188607247862801496e-02,3.206251766396875369e-02,4.015403349232884653e-03,-1.578920060443068096e-01,1.156460688573935774e-01,5.114924523148758340e-01,7.193158993667349010e-01,-2.215786926309070703e-01,-1.075187042836001916e-01,-6.492515516407919296e-02,1.525836570307629869e-01,2.680759463074673388e-01,6.762428590650565799e-03,-4.768088204892047960e-02,-1.303718232105231106e-02,5.478978177913569093e-03,2.627763364805852861e-02,-6.790732783033921749e-02,1.113031567218800283e-01,1.331604293963620754e-02,2.863916873527551604e-04,1.758078666730486864e-02,-2.549087410420783004e-02
1.350790872311227408e-06,-6.410987192504410731e-05,9.617952198804611519e-06,-8.658862754741326103e-04,1.017004199450596618e-03,1.484777313418234566e-03,8.222903431837217184e-04,8.765485410402875472e-04,2.300876157340914566e-02,-2.783186750641635648e-03,-5.046731821867073836e-02,3.038012935528006456e-02,5.465491902477639247e-02,-5.272778625267039027e-02,2.926118583128274088e-03,4.872401432469990884e-02,8.175449867600252662e-02,-1.375388688784772717e-01,6.274688634243560936e-02,-5.990631119013513362e-02,-1.781451319470311045e-01,-9.115431931905556562e-01,-2.025635259215633963e-02,4.759149143525241016e-02,2.119087876053468364e-02,-3.305161452406591566e-02,8.923665373168462867e-02,1.181023509837451219e-01,-2.563396674268826891e-01,-1.503592145381218645e-02
