5.181005703043591905e-03,-1.115666825088151154e-02,-1.052073204569368113e-02,4.735106637327304163e-02,3.561074402589051169e-02,1.397708832437934701e-01,-2.880889706375167059e-02,4.735666404244927297e-02,-3.434597487129558147e-01,-1.651386942503954569e-01,-3.196255525688497245e-01,-7.500840149414352842e-01,3.051585508153315529e-01,-2.507584330865801625e-02,1.620018531438500164e-01,-1.207005745073447267e-01,3.316443498491892378e-02,-7.379126836695298897e-02,-4.592492647888676838e-03,-1.143860939070897725e-01,-8.731727506955759555e-02,1.863631748642235325e-02,3.456534649135740295e-02,7.685070239819694060e-03,9.839341691013699098e-03,-4.844655246160903955e-03,-1.298285801662490231e-03,-1.207284708946505108e-03,-4.877770764016377963e-03,-3.256510414840057058e-03
2.130237931309059921e-03,4.731218961173596152e-03,-1.222422261178095736e-02,3.004231403914018883e-01,-4.887386709215952307e-01,2.083785400235896035e-01,7.862021613801231101e-01,2.698805473230081464e-02,2.735150491298157099e-02,-8.533165867614710132e-02,1.844080906267836148e-02,4.762347501192599683e-03,1.696772835344812023e-03,-1.555234511767927688e-03,-5.501300409606117887e-03,-2.903605854342214236e-03,-1.813958000477446813e-04,-1.001168832809970705e-03,1.155884231770221973e-03,-3.453891128624246836e-04,3.877966884426189780e-04,-3.237300671356901471e-05,3.440989774653396100e-04,1.243580311707595271e-04,6.321926003897761518e-04,-8.765297551627803134e-04,3.895006305172482971e-05,-4.171498187608810613e-05,-5.447583849695391341e-05,-3.717068601524071270e-05
3.577193822267357021e-02,-7.131302854732866903e-02,-5.915301391638748407e-02,3.995490555578963821e-01,2.889308585302313714e-01,8.095540055754273379e-01,-1.767362457917651120e-01,-1.249086865442954747e-01,1.502091138053995023e-01,1.141125965433851530e-01,-1.983335721289943357e-02,7.896443563896930751e-02,-3.619347470038622450e-02,-4.518207560486385381e-03,-1.358048191158315633e-02,1.645032347328770697e-02,-8.950016916351973342e-03,1.349276759138758226e-02,4.460704020560269864e-03,1.643533328487507481e-02,1.406768949671439832e-02,-5.288447265230452124e-03,-4.236673555006162384e-03,-5.138808911577629054e-04,-1.715468208369282490e-03,7.802331473605039758e-04,2.568930292969857985e-04,8.694399012780076375e-05,4.763533275788157961e-04,9.716695109687915671e-04
5.279959362906534448e-01,-8.398793305387294295e-01,9.878814752991117720e-02,-3.741812676758121681e-02,-4.129450003349396936e-02,-5.284960109925794514e-02,7.287911400482432155e-03,7.285730289281878644e-03,-5.362050368064310082e-03,-3.079193276991188267e-03,4.106665159880442013e-03,1.895513685764576130e-03,-3.185670427764040157e-04,4.132720591974814537e-04,-4.786360663551926650e-04,9.477969555967444108e-05,9.658378264753198113e-05,-1.146355768720146374e-04,-1.587915832129165776e-04,9.038781440411200636e-05,-5.845303484253522660e-05,1.167648956094618460e-04,-2.695236219265194065e-05,-7.940558478956853507e-06,7.389484491002032777e-07,-1.056006117545403274e-05,-4.263680537987470543e-06,2.047307306722907365e-06,1.378365016848622521e-05,-2.106030799962795008e-05
4.326228125949699729e-06,3.693085005183537956e-05,3.268605958004525510e-05,3.143921979299245471e-04,4.288814068738120290e-04,1.916022989305462231e-04,-1.267234222332812429e-03,-3.971245002765222062e-03,7.766526923608262946e-03,5.830214359022242721e-03,2.612993950193449183e-02,5.655101815712262198e-02,2.556411409938566352e-03,-6.461635866252170290e-02,6.172602162397048536e-02,-2.330027268115291428e-01,-9.938281096038582840e-02,-3.211438385277554097e-01,1.969167188316691963e-01,-9.577491471807283996e-02,2.084822401237762871e-02,2.450673220303060396e-01,-5.508930689766334821e-01,4.428225429064308605e-01,-4.293525311752123819e-01,-8.888239341435912044e-02,-1.612414528588060640e-03,1.272602755504376737e-01,-3.741177095950234260e-02,-5.345062017039796387e-02
4.237913911348569336e-05,7.986391162141128451e-05,5.810969576227469362e-05,2.712338564983761066e-03,1.819219115716105709e-03,-8.169758781904673441e-04,-1.095743876334059425e-04,-1.587400890263801836e-02,5.876249646249356862e-02,3.726983985628500029e-02,1.070044190435002346e-01,1.308790909531782343e-01,7.916505082114622116e-02,2.556262841438766351e-02,1.226273997556825007e-01,-6.474928216013221827e-02,1.214953188311434368e-01,-2.051100712809609816e-01,5.744508514619436901e-02,-1.265605398611284634e-02,-8.095113248894776348e-01,3.692067902971757909e-01,2.439300399955928733e-01,-1.383453284420347804e-02,1.059764856151094725e-01,-4.980836096914872252e-02,-5.520563557599421529e-03,1.264433398140380957e-02,-7.157166518188816384e-02,-9.763805544933941427e-02
8.347678606491919543e-05,4.877643491994381787e-05,2.860332273176336196e-04,3.106664533711317629e-03,1.317017160482229906e-03,-2.697162244416257109e-03,-1.130407019384603888e-03,-2.014128578373208800e-02,7.502667689786060579e-02,3.666118808491920789e-02,2.050885442723544561e-01,-4.455988186986752086e-02,-1.846956285558025157e-01,-1.784873100542546664e-01,1.439546779072552740e-01,-1.387741306435223178e-02,4.762044978894697800e-01,-4.605831506451977392e-02,-1.726762105183573537e-01,-6.719271142851088729e-01,1.193991969367970279e-01,-8.225771122698778692e-02,2.548220768638042033e-01,5.432178227633846501e-02,-2.474130700786389414e-01,-2.315195884976194510e-02,4.436490893292103013e-03,-6.096308973494156749e-03,-1.900387135924025417e-02,-1.996344423808213767e-02
4.986050445370391373e-05,-1.447254223558125426e-05,2.213801502857397360e-05,1.179199896514270289e-03,7.680219340395502648e-04,-2.752407364965289119e-04,-7.035464945187778043e-04,-1.003442012182216396e-02,1.925672812863604005e-02,1.426793913136087735e-02,5.561829944728277630e-02,5.283182705930525996e-02,-2.747821740955002853e-02,-7.655488067291045529e-02,9.825612422032055371e-02,-2.695946965181716948e-01,8.255381250315212138e-02,6.192833001175081231e-02,-1.416695961144048832e-01,-3.156752675539989950e-01,-5.424554648585437622e-02,-1.233132077220372609e-02,-5.613421404446584662e-01,-1.558638235723078247e-01,6.536518088970768581e-01,5.081219667147730823e-02,-1.306150970520811565e-03,-9.770283908009737978e-03,3.629122063856225072e-02,1.910866271772398983e-02
9.775591048726139937e-06,5.392179433310036136e-05,1.342286725459466577e-04,9.985124411939576804e-04,7.391823550341230977e-04,3.510799847086819628e-04,-6.387164624697034849e-04,-9.180704191498134659e-03,1.456625652419384423e-02,1.659446841509468890e-02,5.353250784734218254e-02,4.821065620190083389e-02,1.427479061932747373e-01,-3.089512995938571982e-01,3.800914394320949012e-03,-7.480582856184456175e-02,-3.460112680307716321e-02,-5.438240014045245818e-01,-6.836350900515184570e-01,2.790278264020042420e-01,1.115340618968770209e-01,3.783519693429089701e-04,3.374710021826381884e-02,-9.349154865980249807e-02,-1.906233887818282319e-02,8.621685180696866957e-02,1.028691466593200342e-02,-1.716628471983671494e-02,-1.028787859398667959e-02,4.472904330430071962e-03
-2.634263945856130818e-06,3.108513112278579071e-05,3.764670653612384204e-05,1.405700327357133550e-04,1.031172884014277483e-04,-4.950249283229854816e-04,8.938680154592380572e-05,-3.160184833573933313e-03,8.178668092697906691e-03,5.009809132921799052e-03,1.813393704196330711e-02,1.968800252679857657e-02,1.078280010360015660e-02,-1.543093236040865394e-03,1.647575007482670120e-02,-2.515907900671965694e-02,4.625604756783868732e-02,-9.764233254611420776e-02,4.983242758151068541e-02,8.144747620678691527e-03,-2.127659152253705555e-01,-1.986870116190253832e-01,-4.195808263752630329e-02,6.455242360633624277e-02,-1.004327662023488110e-01,5.100890155467160264e-02,-7.592534225898917022e-02,-1.738937750785305436e-01,6.012281244216410858e-01,6.950496234484121461e-01
2.989069170290769022e-04,9.027913016274402656e-04,5.767023619755785348e-03,4.337986056256511874e-03,1.770535040526477520e-03,-6.941184114249946725e-03,1.397462449740791146e-02,-9.480040127886367463e-02,-9.203263922886792403e-02,2.965893574833677188e-02,1.303124574655427914e-01,4.168023437909781220e-02,-1.058409773068641896e-01,-3.195674811092902856e-01,8.439044858204286514e-01,1.552937249673170539e-01,-2.184029221279020494e-01,1.876012791400218926e-01,5.101034911737965805e-02,1.567930137505295918e-01,1.861715043353646265e-02,-2.981804472894389671e-02,-3.883084123561292896e-03,-1.022191404450652381e-02,-2.556723308586495227e-02,-2.529991067241982652e-02,2.309774329171839641e-03,-1.403795175777708751e-02,9.563916498506169067e-03,2.313628891870754198e-03
-9.711930896200518006e-05,7.778775022391949277e-05,8.178060708338048823e-03,1.637248294298924642e-02,-4.054465182438296567e-02,-2.269005703601899987e-02,-9.750052044127617557e-02,-5.893011113973390946e-01,1.488047645502938998e-01,-7.794249593152707822e-01,9.512712744052161107e-02,2.389772929462143439e-02,1.542334170006865075e-02,1.227302928352233882e-02,-3.076689203738660824e-02,-7.111631360291834764e-03,-2.945027669632007197e-03,6.614383035255453402e-06,8.707012852486615889e-04,3.878228933486155619e-03,1.625197567767079545e-03,-7.234896646279977226e-04,3.186460861011924418e-03,2.087592598309186576e-03,3.362412431367598278e-03,-4.222899974902290417e-03,4.454890577314051902e-04,2.073380248335528566e-04,3.005012066176852565e-04,-6.981240314710493444e-04
2.130177960853585090e-03,5.838685621865958610e-03,4.282611100693516776e-02,5.132754402314892300e-02,2.578153238691862498e-02,-1.658254980894236508e-01,1.337997118446490330e-01,-7.807218051722599750e-01,-1.383632760452733479e-01,5.396416388193950864e-01,-1.164018239529679560e-01,-8.315862898180817475e-02,3.389195802512518646e-02,3.767881095781826228e-02,-7.390108793316685354e-02,-1.740141811147235401e-02,3.672086486168441629e-03,-1.408012093854222636e-02,-8.675963037237302946e-04,-2.120605113488945384e-02,1.350371710966333499e-03,-1.793104176616868274e-03,3.871135943601343703e-03,6.639341525183507786e-03,2.114939641776602056e-03,1.736683607992001513e-03,-4.268650575612689159e-04,1.410199505982364732e-03,-3.098345816384585113e-03,8.795385036350929610e-04
5.396347214405804171e-02,1.413976192587662328e-01,9.787180235128042360e-01,1.235586659453943859e-01,3.136757965719015606e-02,1.437253307492599753e-02,-2.096723614821373316e-02,4.368156622408526230e-02,-1.362414322590556207e-03,-1.912307412864150055e-02,4.623106080889023868e-03,2.579572592245296236e-03,-2.748036251160280649e-04,6.790346793855191057e-04,-1.856299155318799328e-03,-2.720685587954990063e-04,8.453409485284753624e-04,-4.241217793756206413e-04,-2.354962437851506999e-04,-1.818710484564684730e-04,-2.336128932633415082e-04,1.695022944514415323e-04,-9.465055066342040364e-05,-1.252713564590671115e-04,1.101168048692306587e-04,7.705996788820057184e-05,-4.835567349852345492e-06,3.236279339111846162e-05,4.748186414981561698e-05,-1.433718981770754562e-05
-1.006183753942255580e-06,5.826276503503263372e-06,4.204909940374820955e-05,-1.976451074682667372e-05,-5.796246233363789110e-05,-1.813295853598778228e-04,1.002281087289200493e-04,-1.617888156224015330e-03,6.420667491697315153e-04,9.475419649324059914e-04,3.107170794543010189e-03,5.374726923732054198e-03,-1.928406761640763176e-03,-4.794850267052935995e-03,1.951370836538024109e-02,-2.373295637605742775e-02,-1.249499456918306411e-02,-4.344303371386722123e-02,5.561484600572764309e-02,-1.705221976988783791e-02,2.787271873737025979e-02,1.549622415884683744e-03,7.368194845771373902e-02,-2.085382805507028925e-01,1.871264334448648333e-03,9.240527789356950406e-02,8.594714714712997639e-02,9.194775966185382288e-01,2.871405668977867198e-01,6.714478785702950037e-03
5.009368658232938585e-06,9.001604960370576620e-06,1.785757196674489424e-04,8.229440603763619371e-04,3.853723565539096977e-04,-1.033214006165558479e-03,5.397916805362879900e-04,-7.111070906277387922e-03,2.071250307885048533e-02,1.148673968683514360e-02,4.594126417408423563e-02,-3.670079700543042722e-02,5.558036812436347590e-02,7.646682096343840329e-02,3.932415936677004231e-02,1.018616971668227233e-01,2.246716865829208876e-01,-8.361729201298306879e-02,1.002084701247478310e-01,7.906351657834168045e-02,4.545072926503096467e-02,1.321504658359737572e-01,-2.665274427621657782e-01,-7.081414150286433618e-01,-2.717781591256159257e-01,-4.625335646204168927e-01,6.140617144404347805e-02,-8.883317890854559862e-02,-4.649784635747878508e-02,8.747999295671260445e-02
7.258085950956154591e-06,1.464203557128889004e-05,3.237213985900635831e-04,8.957538339557784583e-04,4.618427129937002816e-04,-9.283645491118744505e-04,4.510285654788743570e-04,-1.159357079566977582e-02,2.801830122733454248e-02,1.782750281136904341e-02,1.214304781524584570e-01,-1.647568809784297761e-01,-1.181072086623259076e-01,-4.377760021272335267e-02,5.882064728844088597e-02,1.702029410710799717e-01,6.560461161150894505e-01,-1.979789994866804070e-01,2.798365617087982815e-01,4.282622124949057030e-01,1.587414681589809917e-01,4.350564239426640140e-02,-6.469375305203156623e-02,2.137296222969002346e-01,2.582817212304635013e-01,1.388132160055692566e-01,4.421002733388358641e-02,4.828694050595067067e-02,-7.950265508200865527e-02,6.102327676266460638e-02
3.457016258440222928e-06,-5.048578001425206690e-06,8.950869038046197022e-05,2.651812405094871846e-04,2.156239237711768679e-04,-5.528255076839406432e-05,3.278284903336595320e-04,-3.548862104967774340e-03,2.723991682923417295e-03,4.524148660234756161e-03,1.279610763298624082e-02,-1.678922366253834952e-02,-1.087297633607824283e-02,2.499042721845908931e-03,8.438500762743711761e-03,-5.973373552944557380e-02,1.093114651442188279e-01,2.805985913284019580e-03,3.771838296377771904e-02,8.501515432836054265e-02,3.746172252980260048e-02,3.515452296538367633e-02,-2.411159720992572808e-02,-4.568706310922140967e-02,-4.427396658706568566e-02,3.551834248807979322e-02,-1.443057043407729688e-02,-2.249956751990846715e-01,6.957186126559526951e-01,-6.570825127896715578e-01
-1.399970056809962921e-06,4.551971313188758130e-06,1.147177615363060405e-04,1.046579402619228304e-04,3.635780336232741081e-05,-4.405578584748965883e-04,7.473850896255391282e-04,-5.765975809672621057e-03,1.090472634057905021e-03,-1.118061018066787487e-03,1.420362008164807038e-02,2.258236321461001752e-03,5.745248093464356415e-02,-7.322907085293492435e-02,-1.920438366929550986e-02,3.250153372153372772e-02,2.825558129940971414e-02,7.690323942797344658e-02,1.063183594192117359e-01,-4.617671011148292287e-02,-6.887897760634562050e-02,1.328972582638011102e-01,-1.563242410642952385e-01,-3.297287299060524535e-01,-2.785818204112974206e-01,8.427295327681805226e-01,7.609853158665024452e-03,-1.112841691150796009e-01,-1.165130391577591240e-01,1.171853631743895521e-02
-2.305376737840556517e-07,3.009725316044574362e-06,2.822714803731327259e-05,5.237846603975206296e-05,1.911695485004312372e-05,-9.909741293754803699e-05,9.521241318815184759e-05,-1.321502394586840639e-03,2.372284074951896797e-03,8.993536723725314378e-04,7.088534749817317245e-03,-3.696542329820375148e-03,1.027809613329889451e-03,2.799770327862923045e-03,1.136157661810432463e-02,1.234480326757859611e-02,4.991073954279699049e-02,-3.466154686663907442e-02,2.283392360728996734e-02,3.214749099905808011e-02,-1.935871522241732617e-02,-1.075434435213571405e-01,-3.488492171697197414e-02,-6.485771636040862931e-02,-2.225590491296296561e-02,-9.626088107368506105e-03,-9.782806834956803144e-01,1.007581474775382652e-01,-6.594562455676689083e-02,-7.003005300770487329e-02
7.089765246781240017e-03,-1.175478140723376077e-03,-1.861035306595645172e-02,7.439862761060987706e-02,4.415090413657622725e-02,9.860618746778652965e-02,-1.992010798372299482e-02,-5.266846086735929577e-03,-8.465834205177631411e-01,-9.465913553545642067e-02,4.318433749329769200e-01,2.016286197356861043e-01,-4.231746483354601601e-02,1.004159070188166275e-01,-1.259718387374541004e-01,1.868140890237791202e-02,1.870144083903564625e-02,-1.437758256022201968e-02,-1.892142592372442894e-02,-5.054317141826280765e-03,8.651090646097866349e-03,4.966929770428582178e-03,-4.139282873795504906e-03,-4.184962768088083774e-04,-3.047972424080116756e-04,3.227673997687226150e-03,-3.227881312696780840e-04,1.704510623014359513e-03,8.169979697381150830e-04,-3.519884999932700585e-04
2.763673508676043038e-03,1.178033056772975762e-02,-4.537466992668798271e-02,4.494220853172708474e-01,-6.814175429902709080e-01,-1.111334393488219024e-01,-5.546070791341481954e-01,1.051323328192264525e-02,-2.072973583737548059e-02,1.016751824005479171e-01,-2.440477718571374896e-02,-4.547744454637131159e-03,-1.899231204531068870e-03,-6.130350052792635186e-04,6.201699371000167840e-03,2.154532411521940891e-03,7.543178873259944817e-04,6.981092919722737579e-04,-7.403955903539177980e-04,3.563706301480986912e-04,-5.857645449040335814e-04,2.660132896646994014e-04,-5.801825191900149238e-04,-6.056122226627719295e-05,-6.237901726700606931e-04,8.096005551938514509e-04,-5.273521502963999749e-05,1.647426486606970509e-05,4.454802540620940459e-05,6.219925330073634829e-05
4.912040295179516403e-02,-3.711293198605014436e-03,-1.046621855345812868e-01,7.199781962624420828e-01,4.526834163646415998e-01,-4.771602548383312992e-01,1.167397463275034047e-01,1.111070947867315445e-01,2.933000124331969563e-02,-9.136820240240875468e-02,-1.713639259059236350e-02,-2.745093340374807431e-03,-3.616541885539269544e-03,-8.333487548548131063e-03,8.590974500285427154e-03,1.247790109725516662e-05,1.156774435702021290e-03,-9.371579968716899989e-04,4.566851800639331336e-04,1.006841676437699330e-03,-1.722984780060405480e-03,6.469204039192387066e-04,-3.199850431352899431e-04,-6.790092945797300246e-04,1.666711787041260859e-04,-2.822934670317397000e-04,3.527163744015559302e-05,-1.093308254401223126e-04,2.315635066438631801e-04,-1.146757255590972010e-04
8.452939223602599084e-01,5.188332335506902204e-01,-1.153110204083534901e-01,-4.653589811505935009e-02,-1.194250607250153459e-02,2.413863179678093704e-02,-2.693708063148668539e-03,-6.922311734650739984e-03,4.899977811708797204e-03,3.812068775924242446e-03,-2.610837052412459756e-03,-1.327437094690345079e-03,3.650031795934869207e-04,-2.973199165769708336e-04,4.190110029896267790e-04,-9.053835983612872778e-05,-1.219691671648002015e-04,1.067875211915581929e-04,1.026663792976923307e-04,-4.314148519964387082e-06,3.059078792860218249e-05,-5.389355432051340746e-05,3.057934422727146310e-05,1.824805552952415730e-05,-9.593783981068162189e-06,-4.079260464825427469e-06,2.222720785182325353e-06,-6.581236954698791796e-06,-1.287539239492706882e-05,3.109132648780310328e-06
5.888543656488725729e-06,9.894805354410163604e-05,-1.595549491681371378e-04,7.148101007036274795e-04,1.928020839736844800e-04,-1.362458684334186742e-03,-3.283791556123802271e-03,8.896346857409084341e-04,9.681376033167097758e-03,1.260507708093402610e-02,4.767644573926736740e-02,8.157840635400047391e-02,-2.011468239986573779e-03,-6.150009229829762891e-02,6.766565435177589183e-02,-3.850713907261647528e-01,-2.259780909130928161e-01,-4.611872544797794293e-01,5.067379838682750659e-01,-1.148191114034222970e-01,2.863110893125266343e-01,-4.003792068257045617e-02,3.328685099371851419e-01,-2.087654480841599214e-01,1.940225671099349014e-01,3.928084202565661209e-02,-1.015390627751831983e-02,-1.455627144587468003e-01,-3.417097916366067245e-02,2.872692046091674875e-02
9.875841424870252536e-05,3.024055175615467908e-04,-9.711932638586418280e-04,8.846936521716348631e-03,3.985448803945106609e-03,-1.075175702015647786e-02,-2.135752532097574645e-03,5.478427872046106456e-03,1.755802966358651629e-01,8.507119039935776006e-02,3.526711978314879259e-01,4.222103768212978614e-02,6.730423409818206970e-01,5.044857102316336883e-01,2.476767204551523216e-01,6.789707274533836323e-02,2.258975052117211460e-02,-3.609766886049511903e-03,-6.134760711848175063e-02,-7.529667151878685627e-02,1.887393911062172080e-01,1.019665093145995759e-02,1.337249775971152688e-02,1.006617099337116655e-01,3.027779423714181684e-02,6.715248685229208148e-02,-8.919264763858795325e-03,4.816015883936409191e-03,2.079278945171051177e-02,1.131500317136389412e-02
1.644740956150380609e-04,2.981966584016701818e-04,-9.150088077124254047e-04,1.052766883567842447e-02,3.578111220991512555e-03,-1.084860273361070229e-02,-7.627031864815561439e-03,1.121524959036598445e-03,2.177440361298837168e-01,1.078399761278123203e-01,6.544012439958015737e-01,-5.561306917171250364e-01,-2.376833359480868268e-01,-4.010625040324650170e-02,-1.904811962416198545e-01,2.797106213874588423e-02,-3.084500953709888305e-01,6.775732535280117562e-03,-2.876197848781751089e-03,4.188376512784536265e-02,-8.517025476547018803e-02,2.355045066107967419e-02,-3.835797391306781240e-02,-3.138768664093406074e-02,1.704982850399294411e-02,-1.254465984609741749e-02,-8.082610547674673462e-03,-2.192226056677463314e-03,1.477155033226172642e-02,-3.908307540832819255e-03
7.476601872887073097e-05,4.384715885896250611e-05,-3.968922065387503299e-04,3.030508089971839774e-03,1.753992021183636233e-03,-2.049514686105179725e-03,-2.020383485392369689e-03,-1.931400775529355145e-03,3.069462612366420651e-02,2.892310381691854185e-02,1.209761494127342407e-01,-4.356487128553345085e-03,2.512591183152104377e-02,-2.753663286336410256e-03,3.519166772623710804e-02,-7.832110810192709494e-01,2.076560047129932252e-01,4.044737193606071646e-01,-9.209877368662743036e-02,3.136583918635185153e-01,5.693918486161974463e-03,-2.711578922387959667e-02,1.094073578455686119e-01,-8.046881014166801932e-03,-1.749602938269907704e-01,-3.160249097061693102e-02,3.096898505178668701e-03,2.729963777408859343e-02,-7.453737491187542585e-02,6.276156514088696015e-02
2.188212043195974528e-05,2.031184705623567557e-04,-5.207544186474560117e-04,2.471666123582425077e-03,1.337573483404957226e-03,-3.608087072982866985e-03,-4.438445717506841331e-03,2.391986012736977297e-03,1.537151260207747679e-02,3.261823721023195122e-02,1.426166329767518115e-01,7.983684870147282620e-02,5.430900481202215468e-01,-6.875061333578650347e-01,-2.813932171748159128e-01,1.018660418432039833e-01,3.708388461126424507e-02,2.063716016300624900e-01,2.235481900752036011e-01,-3.655908086374536070e-02,-1.034880437335755979e-02,-1.650738340490956121e-02,5.622530024735662886e-03,4.405422461141470653e-02,3.644537450398478012e-02,-1.226292752346791470e-01,-3.859375591441529824e-03,1.735127733754490004e-02,2.052224093163543261e-02,-6.265255529396220394e-03
6.677108429578476458e-07,6.743909826120534094e-05,-9.596224358053752216e-05,7.551542439247853865e-04,2.163708591845023700e-04,-1.633440978943781832e-03,-4.828102762335161166e-04,-3.729482721483434737e-04,1.962601321702688029e-02,1.112223128342647652e-02,4.974039168547601808e-02,2.118132000834171969e-02,6.332926766181301570e-02,4.205120306864305185e-02,2.966500087577515765e-02,-2.428866587429784341e-02,4.125880252074309168e-02,-1.679087985469822630e-01,1.071890008323299476e-01,5.008177797105330814e-02,-3.186583623481977212e-01,-8.383606365272540106e-01,-1.465118547685696770e-01,-3.158487513884059711e-02,-1.153256109075663921e-01,1.516810744116351556e-02,1.529169940272042671e-01,4.111975057996707095e-02,-1.715125229493458248e-01,-2.248253258945334676e-01
