-5.101650140234254005e-03,-1.021005671637753749e-02,6.876100346544304978e-03,4.001431771528417974e-02,-3.454222779186507525e-02,1.415547298108798535e-01,2.404330166856613604e-02,-1.598466971929117519e-01,3.672835104814061169e-01,1.408620494564660243e-02,3.143742911734779821e-01,7.745762057304829140e-01,1.900354879043108514e-01,9.155418031099502030e-02,1.883151969111507007e-01,-1.184731369453186217e-01,-1.818044163864616924e-02,6.560916178332025506e-02,5.698235272678047088e-03,1.131334969106166100e-01,6.448796040864426815e-02,9.743852722458508711e-03,-3.092735116368611203e-02,-1.016511373625739005e-02,-1.553862540629820464e-03,-1.308053703508569969e-02,-2.965895761690739638e-03,-2.608932515225662052e-03,1.652736674483601918e-03,-1.878598185056981878e-04
-2.235708673832569483e-03,-8.977133069009430970e-04,-5.515090871570771554e-03,3.170391455669352432e-01,4.849992603845691974e-01,1.454439371187274399e-01,-7.986542548232297145e-01,2.506829274874736602e-03,2.113735662161459264e-02,6.625264706004603543e-02,-1.761534345504045529e-02,-8.998263101012893197e-04,5.555943174626122409e-03,2.476991206865333459e-03,-4.573241280019436049e-03,-2.289734603017898502e-03,-1.449655283968458554e-03,3.768991703842047218e-05,-1.213336997238858303e-03,-3.704344767180349452e-04,-9.761461271255315658e-04,4.868087989434202430e-04,-7.050010954645992466e-04,7.387454397539857916e-04,-2.480058532526293940e-04,-5.378819709583845853e-04,-1.720213920018776120e-04,-1.762166803859004332e-04,-4.724267282644554474e-05,6.446122475592893394e-05
-3.510932558948998139e-02,-6.952939230863819375e-02,2.134873051017542253e-02,3.654553448329119769e-01,-2.840158215038985356e-01,8.441786492374481199e-01,1.189056891905392044e-01,1.411811944233392069e-01,-1.486440919114777881e-01,-4.206809483483253675e-02,1.910842894071082196e-02,-8.051481230524891453e-02,-2.563739893650128845e-02,-4.233235801618199026e-03,-1.400327953705184265e-02,2.062383968644686955e-02,-2.108556270035184463e-03,-1.225120451453171229e-02,-2.080252556428583647e-03,-1.557243539187215531e-02,-1.091242383230876800e-02,8.401748032023090892e-04,3.461738656625705859e-03,1.521981202731236688e-03,-1.007912019917403720e-05,1.187174743686160222e-03,-2.260764075705625877e-05,5.255282984697362721e-04,-4.784088631203521451e-05,1.405896418923687039e-04
-5.151533933757468375e-01,-8.520767581378823063e-01,-3.847089193303435822e-02,-5.048832136498108275e-02,4.072868285201492605e-02,-5.281655522064874347e-02,-2.032105909519770891e-03,-8.130045265623988757e-03,3.794205735460267487e-03,7.677465687195522779e-04,-3.914263034666401984e-03,-1.839956521608682258e-03,5.926752393760735012e-05,-4.429564803828370712e-04,-6.901281155758753980e-04,-7.733547992967938951e-05,1.577296110920772842e-04,1.231944624792086023e-04,4.051195758246574011e-05,-1.437342965707054290e-04,7.598708631054335060e-05,-1.070352018669288067e-04,4.605946887174951860e-05,1.795470840756066119e-05,2.073790416668987803e-05,3.049079237072201893e-05,1.853564137326255235e-05,-5.363128576151779680e-06,-9.476681074081393089e-06,-7.163086132445612346e-06
-4.429447016184184538e-06,1.210225424353470170e-05,-1.428253081955893991e-04,2.947000486974773732e-04,-3.970995004978588564e-04,7.475126058188357250e-04,7.619227297287171777e-04,4.349118373605952506e-03,-1.136259296455357018e-02,1.812542498111537471e-04,-2.061775175476617677e-02,-4.329175222532678086e-02,-5.015013710904582186e-03,4.374450810803362510e-02,7.311741437455612780e-02,-1.982073813769631987e-01,-1.728390952828162686e-01,2.760177731553213887e-01,-2.700694765838123068e-01,1.576539743996092924e-02,7.722659008404793302e-02,-7.018333279627188281e-02,6.335212327147496936e-01,3.078650649632633796e-01,4.812770176970759262e-01,-1.490511336984973456e-01,3.966408219028277893e-02,-5.438059705608810912e-02,7.916946902533260333e-02,-8.554797446001434838e-03
-4.154098752541581652e-05,-2.113168240884687982e-05,-5.048488503202846860e-04,3.021485512747170647e-03,-1.498903412324974291e-03,-5.633323594491842232e-04,-9.810283164340182025e-04,2.833520125512906801e-02,-6.253058553144093257e-02,-1.258521518283288107e-02,-9.253656623303857520e-02,-1.001424938740663878e-01,7.548709699944528007e-02,1.371208626870234169e-02,1.161108733079484479e-01,-1.758957962092391469e-01,1.163903526762958690e-01,2.449906122311162893e-01,-2.417033651807008049e-02,1.700541539334458549e-02,8.577744401439973965e-01,-2.134633741406882224e-01,-2.077412859657215560e-01,-1.222676947136630034e-02,-1.236138698328551055e-01,-9.344484544647946658e-03,4.698906951724772518e-02,-9.721686244457419801e-02,7.759856650583771623e-04,-9.968670211308533827e-03
-7.925438863843433832e-05,-6.264229758043390113e-05,-9.670663222488705326e-04,3.112080859722014640e-03,-1.152337540219985738e-03,-1.747505077043348806e-03,-4.623779527354263401e-04,3.096503939468215130e-02,-8.395966548442428123e-02,-3.467670847629725044e-03,-1.921931318453652393e-01,1.214740539238901539e-02,-2.649256045473682430e-01,2.823366955844501883e-02,1.618772273544879237e-01,-2.399812208477710429e-01,3.317208370930098682e-01,1.083474177932399612e-01,5.646371634902590253e-02,6.787289336927839756e-01,-1.852806342181531341e-01,3.740809919991668758e-02,-2.882879986122236504e-01,2.843274013523402338e-02,2.954085055188404030e-01,-7.817165827307487325e-02,2.445383403524086299e-02,-2.706800418993734678e-02,1.577650262148785638e-03,1.025568399610209472e-02
-4.836092440786761995e-05,-5.897597692645240318e-05,-3.660053407317294285e-04,1.131517457685380984e-03,-6.655021171303341851e-04,2.505088666466929212e-04,1.196728803361564289e-05,1.164725757386091305e-02,-2.436820717295328995e-02,-3.041474202038976869e-03,-4.876479158208029546e-02,-6.101941540627912886e-02,-4.437606378925210149e-02,2.644746883697738499e-02,6.849877317549847577e-02,-2.982349113454295098e-01,-9.322623083686236434e-02,-1.222249738964845123e-02,1.077602462351643364e-01,3.944716231344038704e-01,-1.005462786658784836e-02,8.119627669146919913e-02,5.144951608973119539e-01,-1.513315478246749779e-01,-6.369149209857931648e-01,1.246284379370549145e-01,-2.504055700803116055e-02,5.693466839213071062e-02,-3.760728242597057708e-02,4.035499833063275164e-03
-6.683873052420465191e-06,2.974068982141691379e-05,-4.043221654452719394e-04,7.576641020974253645e-04,-7.104651579385440471e-04,-2.653827480925769681e-04,4.082025567280757284e-04,1.041337303540869862e-02,-1.199882548278827406e-02,-7.402427809803121747e-03,-4.742424910921837211e-02,-5.759241228689471886e-02,3.183328551968114817e-02,3.691096698112972807e-01,1.033481191735484833e-01,-8.988696121433635555e-02,2.293922573237844667e-02,5.954292832691544524e-01,5.852047554173740451e-01,-2.801049555306310834e-01,-2.159853434981263975e-01,-4.660640925811124213e-02,-3.200504926707268064e-03,-7.413019840628748414e-02,1.515578825612574204e-02,8.465322381813576713e-02,-1.471306807007297102e-02,-9.396943725468160855e-03,9.398928990100077416e-03,2.755439734876121045e-03
2.099054273255507046e-06,1.316967580328305373e-05,-9.942937730534094154e-05,2.016346182482813064e-04,-6.437727406646738006e-05,-3.340867566867256879e-04,-1.381195078065950018e-04,4.550308698862685040e-03,-8.552077592350135898e-03,-1.375504209334010028e-03,-1.545547170716378774e-02,-1.305980106708093391e-02,3.151299255226891905e-03,6.016452127792211967e-03,1.212596004738542184e-02,-3.987205884290107721e-02,4.351560224257855491e-02,6.757550727830906323e-02,-2.356437164618711139e-02,-2.590232738106871754e-02,1.481499245613786264e-01,2.333343259503881661e-01,-1.570229833185671220e-02,1.048989533882460114e-02,1.066846422340547995e-01,3.252175814439850488e-02,-3.073048240182345014e-01,8.952584122094505714e-01,-2.104762643704922997e-02,-6.685331787295110961e-02
-2.718680342779278064e-04,4.996810885530436706e-04,-8.743820681792727548e-03,2.740676517082317552e-03,-6.402255367515162976e-04,-2.598826439199071470e-03,-5.463789084314354255e-03,2.857574568588145889e-02,6.668541314563351807e-02,-5.385960246169897020e-02,-1.305730570031918836e-01,-1.043240293127723484e-01,-1.282297874297378681e-01,5.831488843279829248e-02,8.865546722345818420e-01,2.640922867734754598e-01,-2.148184337632565999e-01,-1.819168988143874954e-01,4.408833690520092517e-03,-6.702602489114393991e-02,1.342788359320630509e-02,3.650077366994859684e-02,-2.812425811335020668e-04,-3.240884260766917907e-02,1.228873668296226419e-03,-3.971693465461169359e-02,-1.066976246078996972e-02,5.128924222095144342e-03,-1.250725737233984898e-02,4.782213479403434921e-03
8.569989179000743452e-05,-7.226093463200902603e-04,-1.758421320946044683e-02,1.029180125260605559e-02,4.291273037069826685e-02,-1.388270320226395627e-04,1.013487794901370004e-01,6.051776614275881094e-01,3.963735758640367091e-01,6.636986892402217952e-01,-1.471930792345938488e-01,-1.810697956525287450e-02,2.738281885596575982e-02,1.814597072349656472e-03,-2.689228113062664197e-02,-8.371614544420254850e-03,-3.613475265333992732e-04,-3.048037550467647995e-03,-4.770157331464988833e-03,-2.687214570611325820e-03,-5.311666980666278478e-04,-1.170658529965583556e-03,-4.112931570809665385e-03,3.034492829262503896e-03,-2.291523325831163003e-03,-3.193120848508927429e-03,-3.580784254608128034e-04,-5.489013544431174023e-04,1.279107804354165010e-04,4.028180848060520375e-04
-1.902848645818705541e-03,1.865634034086182357e-03,-6.593498100886863167e-02,4.181106192351347062e-02,-2.150552145335201185e-02,-1.293467363288709759e-01,-7.168745814632497548e-02,6.819214718737842684e-01,1.505419493061586345e-01,-6.843655346565289399e-01,7.892606943255628393e-02,7.958668354903053466e-02,5.782834924295277186e-03,-7.173280562230700992e-03,-4.773940516723805538e-02,-1.215647857397592763e-02,-5.402968887449963523e-03,1.423313614163954945e-02,-2.501882822732241253e-03,1.173000379298922390e-02,-4.565475283971535785e-03,1.402801453644616841e-03,-2.863930889772852394e-03,6.304486710422297149e-03,5.867183388750065766e-05,1.117921103434283076e-03,-2.518979679805456035e-04,-8.861369660909479504e-04,2.325918957017557385e-03,-4.541827400419754771e-04
-4.603257069185199418e-02,6.987967056673974331e-02,-9.927776079254716501e-01,3.928393398234179129e-02,3.916997892267426798e-03,1.793090645051858417e-02,3.014268345395595267e-02,-5.925705698492803042e-02,-1.340743339513024435e-02,2.961513125968130711e-02,-1.939417917040683328e-03,-1.764124905820744094e-03,1.771837335849484789e-03,-5.983073266910317735e-05,-4.457860959262029306e-03,-1.098943859488065800e-03,1.444555366077748771e-03,4.593774534218439788e-04,8.676287863979958298e-05,-1.112809256340639502e-04,1.851428572312221609e-04,-2.475788167734766323e-04,9.929877314968660351e-05,6.416076053092296992e-05,-5.092135178449176409e-05,2.065044505594329028e-04,4.834544595030991547e-05,-5.640617497785091215e-07,1.167712396934294966e-05,-2.202407984328426130e-05
9.402865893419507732e-07,6.172487905080124071e-07,-7.967623585050519653e-05,-3.896172418118682112e-05,8.724483215557331099e-05,-2.077173777888910691e-05,-1.952148587557804398e-04,8.947147730170478463e-04,-8.872684788858791697e-04,2.335839857540367365e-04,-2.031992228738621186e-03,-2.801657572135912364e-03,-3.020400016157184439e-03,-4.461074692987513496e-03,2.046275124040974891e-02,-2.481744810809231871e-02,-4.980777007556606850e-03,2.459682024948353987e-02,-8.033788483732058616e-02,-2.167026217965211873e-02,-4.749005945579916343e-02,-3.198357871867214819e-02,-3.284162466369480032e-02,-2.070225978615481410e-01,-3.858163819925112398e-02,6.439492315573493338e-03,5.717479995529058945e-01,2.270857465004932074e-01,7.497093521375912673e-01,-4.578281939949253171e-02
-5.300278780422406430e-06,-1.909477525780471014e-05,-3.881379659981855639e-04,8.358547900539277939e-04,-2.038419003301135380e-04,-1.010646780005383660e-03,-1.072371218948369549e-03,1.209997769262733357e-02,-1.851147897216389240e-02,-5.320834783336887523e-03,-3.607181043608949367e-02,3.424335283852749517e-02,2.292214658675754274e-02,-4.481086949306460621e-02,2.680115968307935845e-02,-3.309083948546327064e-02,2.734648450998767855e-01,-6.395072854962368172e-03,-1.108805329612604501e-01,-1.267290442328624644e-01,-1.946789760972955294e-02,-1.223993697600014724e-01,2.033058806906466731e-01,-7.746591994898800460e-01,1.381788618664288593e-01,-4.111446203084008766e-01,-1.959106384318988481e-01,-4.042553068197108496e-02,-5.208004830128359214e-02,4.276402205998187239e-02
-6.499965470255155885e-06,-1.575586933063790614e-05,-6.456302144473958322e-04,7.921799450671729087e-04,-1.774149050684454339e-04,-1.245264156529267896e-03,-1.483454703046964331e-03,1.495999132254738698e-02,-2.883510790479833913e-02,-5.918571272143452813e-03,-1.047422908084184590e-01,1.448120893575664536e-01,-1.964798894074463731e-01,2.200708634765766863e-02,1.621524198719594134e-01,-1.090139972292442083e-01,7.013040370751096875e-01,-3.311691400741217234e-02,-2.405112444020741091e-01,-3.739259113164271620e-01,-1.063195256680327522e-01,-1.314607763314912768e-02,1.368848409972664437e-01,2.852871607003943377e-01,-2.260155721464407186e-01,1.610877145430281709e-01,-5.251762444457679785e-02,-2.779620304475522580e-02,7.573164737519932910e-02,3.472399984611698742e-02
-3.145011981483298480e-06,-1.334399052919807305e-05,-1.978548726525512877e-04,1.878693656235573767e-04,-1.113368995057538099e-04,6.979580259610581878e-05,-3.329848469462557315e-04,3.927459263069476257e-03,-3.100633318320470018e-03,-2.469366572218738287e-03,-1.087775076377775832e-02,1.647719713484382606e-02,-1.487736891949401410e-02,-3.313578158058189983e-03,2.529287369268768196e-02,-9.082613744072798312e-02,6.959530792547798106e-02,-2.664912140161969020e-02,-2.278175846552415312e-02,-9.798384848681425396e-02,-1.897647055688041207e-02,-1.253803703795317893e-02,4.260938984351069631e-02,-6.829818913950594372e-02,4.959562028598030192e-02,-7.477428128425033134e-03,7.119586877180872353e-01,2.293614135829342426e-01,-6.308292141733909952e-01,8.850650433725824884e-02
1.849337073870515386e-06,-6.458326786142952939e-06,-2.234758641051119515e-04,-5.309971005594462529e-05,2.400090512631796198e-05,-2.854750355143343527e-04,-7.375811493031951983e-04,4.999158391456360456e-03,8.468770267178727090e-04,-2.963401405513801305e-04,-7.050216840598071827e-03,1.942322049954258627e-03,1.463433881070841207e-02,8.893590183833058327e-02,6.854243732303063122e-03,3.141808570018075203e-02,2.264737930064048346e-02,-8.099875179219945265e-02,-1.004511428721912292e-01,5.774292389676158321e-02,6.941199030639781664e-02,-7.902105071164423900e-02,1.019240299795941551e-01,-3.318684851474897890e-01,3.206415504539574246e-01,8.534405982376718214e-01,-4.868100205603106967e-02,-6.604461914657357158e-02,-2.384013273412041722e-02,1.429474452978283204e-02
-4.699471134698804158e-08,-1.255320476049437104e-06,-5.804351771923278627e-05,6.170168804576013470e-05,-1.463389750495245258e-06,-3.947037779323224471e-05,-1.036918758137611211e-04,1.653673371660291337e-03,-1.771131183580640497e-03,-1.264992930059365942e-04,-5.913976180124839131e-03,4.133493562082504909e-03,-4.707467036822882318e-03,-2.820061425120508249e-03,1.279758697873859853e-02,-1.108437737352373741e-02,5.070530470990242122e-02,4.004678853858952524e-03,-1.339088471292082180e-02,-2.704651142737560243e-02,-4.360448722194505862e-03,1.098266414534000007e-01,1.702234902476038383e-02,-4.380867929767957858e-02,7.257092302298883552e-03,-8.453661050424800955e-04,5.816873092773850590e-02,-8.788881066116679963e-02,-8.699950725375280025e-02,-9.813802415263004342e-01
-7.222843206273829239e-03,-4.134490001661470220e-04,9.810040218155444136e-03,7.027120984820187100e-02,-4.666397491530860364e-02,1.084746429366086895e-01,2.734141055373861401e-02,-3.290534861309742376e-01,7.369104992470140170e-01,-2.504620101472672111e-01,-4.410468905509990489e-01,-2.169786411044963004e-01,-9.818504034983022155e-03,-7.049226781428828692e-02,-1.321382772582717080e-01,-5.921204476959265710e-03,3.698003401225734982e-02,1.767610389480524236e-02,1.699864636339684437e-03,-7.122168950990197950e-03,-4.845469593627689357e-03,-1.255519882502881268e-02,5.622775564384119296e-03,2.642897403923034731e-03,1.941865409414215288e-03,7.231234691658005621e-03,1.826810130177546152e-03,5.470523057544156211e-04,5.175290628963841438e-04,-7.446799243364688467e-04
-3.176330479349202471e-03,6.162197917674631931e-03,3.813136553975755849e-02,4.818318079477124094e-01,6.555023018972511162e-01,-7.426869607600615486e-02,5.673428218247209553e-01,-3.190298504861299039e-02,-3.742268880117526064e-02,-7.720707366144076433e-02,2.825221580269989680e-02,1.805050059864798115e-03,-6.693410247751403926e-03,-3.811462336091023446e-04,4.994121766155779248e-03,1.822188585311843023e-03,1.101342356290212123e-03,1.364477346730641819e-04,1.181704397000660645e-03,3.391904145055669247e-04,8.479730223881266384e-04,-3.518355472029480418e-04,9.289385928121900995e-04,-5.750634465762782420e-04,3.325534695646480956e-04,5.223141230344367650e-04,1.345268155290702385e-04,1.765594657734117167e-04,6.760838707804672449e-06,-6.687526216079201630e-05
-4.971211031501945876e-02,-8.486940251514592248e-03,2.358625566012428204e-02,7.210517386100856463e-01,-4.968661354616628056e-01,-4.564560440400692864e-01,-9.147438139673910729e-02,-5.742115299104503384e-02,-6.690427269276008268e-03,9.724275972378994271e-02,2.215045394512158913e-02,5.002718868957802163e-03,-2.769569124132970767e-03,3.155330442020216463e-03,7.420258858081121671e-03,-7.979100217126698386e-04,-5.320437875080089870e-05,7.156453712703757133e-05,-9.264588785413648865e-05,1.868570933946975916e-04,1.140273480183189676e-03,4.980968951475282140e-04,6.249560211670751706e-05,-5.815459309779955847e-04,-2.070701191155676981e-05,-2.192031759386129980e-04,3.882450479349385642e-05,1.958355229752806328e-05,-1.536172703458720890e-04,5.865959540479802423e-05
-8.536375003024656571e-01,5.138366588609436514e-01,7.439679817551700380e-02,-3.222614325096982008e-02,1.277251317658913837e-02,2.119297861627615978e-02,-1.871298458120177453e-04,8.002512589362496126e-03,-3.636330665616353819e-03,-2.224027653972529290e-03,2.252362802625375391e-03,1.178808520742332441e-03,4.314954061603279195e-05,3.008798899782056508e-04,5.954290198175979420e-04,8.706252426759229833e-05,-1.924569102134494002e-04,-1.048666321902855491e-04,-1.167580499817991722e-05,4.901627450837077991e-05,-2.816253554173225342e-05,5.737130050969569691e-05,-3.090971114202112314e-05,-4.258247523090453661e-06,-8.891487417912278949e-06,-3.580440671791568528e-05,-9.248177849068747985e-06,-3.266915934670415144e-06,4.634781437398789967e-07,3.845894099755057639e-06
-7.696245185064787018e-06,7.688926455100999319e-05,1.314655259844119118e-04,7.861212797044286492e-04,-2.126079837941723669e-04,-4.997375873528334600e-04,2.885741051831758330e-03,-1.758857755435895651e-03,-1.876328160022373848e-02,-4.497688286430079861e-03,-3.734184784995004530e-02,-5.697773941838632505e-02,8.640728659348818896e-03,3.116115085594647893e-02,7.381652517812148373e-02,-3.114701596877355039e-01,-3.152025536958400487e-01,3.587697675536740127e-01,-6.184966493163038814e-01,-1.094934467413026802e-01,-2.729494983581907119e-01,-3.048020802604752433e-03,-3.458642454161091617e-01,-1.166520092858723268e-01,-1.969076005457602585e-01,6.668043249493116331e-02,-9.302698523788260898e-02,-1.950147514292348283e-02,-9.412792875082372224e-02,4.144482443359305546e-03
-1.064449199924218158e-04,1.793583864887892819e-04,1.131069348482874456e-03,1.119209759157302995e-02,-3.614953311845107205e-03,-1.057340069347343856e-02,4.775093125652958743e-03,4.195614840423322889e-02,-1.888739450296561262e-01,-3.202232870920056207e-02,-3.595267011188125750e-01,4.404600768976326547e-02,8.331039964607842574e-01,-2.369040010416138820e-01,1.405682810088310086e-01,2.600780520067244236e-02,1.214957769613190935e-01,2.042713322028802056e-02,1.135943277400666175e-02,8.522427727071937853e-02,-1.598269955673202458e-01,-4.393351136992942885e-02,1.377093042031354159e-02,8.342229326448520610e-02,9.875889396930165060e-04,4.100772343975252893e-02,5.342814388975582196e-03,2.267284533009705783e-02,1.824601803226150003e-03,-4.745989836190988784e-03
-1.706152004652347089e-04,1.837591506631701995e-04,8.460846542262791476e-04,1.242921829585053907e-02,-4.051528647488538033e-03,-9.945775935481866031e-03,5.655660001011215271e-03,4.342978135184699662e-02,-2.485607130974611667e-01,-1.745294186164921338e-02,-6.623920980017847793e-01,5.281009313539875016e-01,-2.863310146328645889e-01,9.260614818018863062e-03,-1.706084596770990058e-01,1.545132583860508169e-01,-2.561136945437696433e-01,3.022613237478085149e-02,2.261069782496590019e-02,-7.540408661900120657e-02,7.665514000412641804e-02,-2.377487777896478485e-02,3.474320584736265843e-02,-3.663638547728172157e-02,-3.269649344468967406e-02,-3.196010196783595492e-03,2.767055923971730759e-03,1.108877984424473488e-02,-6.332859836400614277e-03,-8.492188868248805658e-03
-7.679707094189498079e-05,3.729898746951232365e-06,1.880873265742123918e-04,3.165376982596533346e-03,-1.567188229172408655e-03,-1.031376412677162489e-03,2.223212568970950667e-03,8.105078438399103413e-03,-4.269100994559587442e-02,-1.634397770712625597e-02,-1.065183498111529209e-01,5.529575891208323400e-03,2.640502303735648218e-02,1.639731478945418916e-02,4.417355803515884277e-02,-7.322774187339329277e-01,-1.676389094234861654e-01,-4.925839232671094803e-01,2.329330942763376544e-01,-2.729335807737591213e-01,9.224437736139932367e-05,4.089932332598605891e-03,-1.070519266425253302e-01,1.671628631085688571e-02,1.621129135459855597e-01,-1.800805542446231797e-02,-5.896631377253439693e-02,-3.284419731594585140e-02,6.979736156301090400e-02,-4.569505012758859688e-03
-1.966763157621427704e-05,1.495904452433298719e-04,6.215599893158356773e-04,2.414969119205121351e-03,-1.522444936966379668e-03,-4.283948992498214786e-03,3.636048498718969565e-03,-2.226646365196101752e-03,-2.151555135665168816e-02,-3.032947937368759075e-02,-1.145408586660026373e-01,-5.525925093153292306e-02,2.157863593856224060e-01,8.803057696043373737e-01,-1.124893759016756256e-01,8.843262178744873414e-02,5.339270653979662218e-02,-2.512737028149857332e-01,-2.075098151535171576e-01,1.023350553092491066e-01,3.447985386459578167e-02,2.964235330440189234e-02,-1.488741817819233364e-02,3.272792165624392735e-02,-3.270832084956371705e-02,-1.268448792653535662e-01,1.655749964554068671e-02,9.509396401179016911e-03,-3.495572727910704110e-03,-2.037651944016781545e-03
-3.429273992480070776e-06,4.482755088252074184e-05,1.203377055400429573e-04,1.038150022958624638e-03,-1.709352082835017899e-04,-1.097525306475706161e-03,1.097146384927782372e-03,4.962154879913145689e-03,-2.164335434672402109e-02,-3.912130773333874142e-03,-5.058807902110450117e-02,-4.610571451477336359e-03,6.275941626525838313e-02,-2.131514957976032507e-02,-4.897318830216108865e-03,-2.305278750396419149e-02,4.818427086602017351e-02,9.937854090840068932e-02,-2.621681760140802397e-02,-8.001051357318907098e-02,1.564577112097739475e-01,9.193845389412494962e-01,7.210294206212213876e-03,-1.010802247498093359e-01,6.602545488041797195e-02,3.882623858119738439e-03,8.426120038556733638e-02,-2.472900258842103127e-01,3.516655017365299257e-02,1.370868455800990926e-01
