5.149250121202561190e-03,-1.044015190747753750e-02,9.296660160966646255e-03,2.534585181843289695e-02,-3.547106904980688868e-02,1.359970141501136154e-01,-2.192306386490908837e-02,-1.547436735740134739e-01,3.063784770103467614e-01,1.251469788864155441e-01,4.388793611452075916e-01,-7.156000840273745167e-01,-2.662565394564540555e-01,9.641930709722318360e-02,-1.410714155290132277e-01,-1.299507679905071711e-01,8.946970651982508183e-02,9.405645073295616776e-02,-2.484712494370861988e-02,-4.963511365687724164e-02,5.593844569152914281e-02,-6.659309935818499490e-04,2.048534481872860830e-02,1.293448929321620346e-02,-1.506731094985896188e-03,6.036350362651643313e-03,1.203564058109280258e-03,1.102592445265556309e-03,-7.746125205901050956e-03,8.178006123750368114e-05
2.836763083177831768e-03,1.127418406118778187e-03,-1.239215908592997996e-02,4.416300440562802576e-01,3.602880188868216593e-01,1.473765939623444543e-01,8.034178355115134673e-01,1.759543906320362380e-02,1.377096656690644100e-02,8.221679851020585739e-02,-2.158657590895485257e-02,3.328504222597554463e-03,5.083739388428427756e-04,-5.047354565725982109e-03,1.864171244847308414e-03,-3.819472952486997232e-03,-9.315564306571643858e-04,-2.785271401377654825e-03,-1.482959271936557530e-03,-7.256723660174899853e-04,-1.949865064919917323e-04,-3.011562632826104090e-04,-1.856782950622231829e-04,5.461109796478033499e-04,-3.995590809264441086e-04,8.282700512335826803e-04,-2.989520555060867417e-06,2.020883000655860739e-04,-2.937743074957809637e-04,-3.752916507927272664e-05
3.540118699026420512e-02,-7.048619589678617459e-02,3.619433441007785524e-02,2.468147805351069146e-01,-3.434261062708477419e-01,8.675882429695818132e-01,-1.343066620384297527e-01,1.303803001233703462e-01,-1.091026738643737781e-01,-7.545055911321138509e-02,-1.286229414697663033e-02,7.471408816722724389e-02,3.249603051429492129e-02,-1.502001157129450974e-02,1.296786354777529175e-02,2.161498332098122158e-02,-1.361603091317514780e-02,-1.676008715603755431e-02,2.619110234770166863e-03,5.820518568750682187e-03,-8.967943513312145315e-03,-1.880133204949970167e-03,-2.789263729581783167e-03,-1.030557489651728106e-03,-4.062819806440692936e-04,-9.573153054314415640e-04,-2.259859974080986303e-04,-2.968112303462207367e-04,8.804258343770959535e-04,-3.508068928522327422e-04
5.022687343700792395e-01,-8.602741149295539680e-01,-9.043561896348598084e-03,-3.293260533285417152e-02,5.661349359735937808e-02,-5.673367124930937810e-02,2.266714635420487029e-03,-6.115118473931110618e-03,2.462360193815713288e-03,1.433879958046089826e-03,-3.219072501184640136e-03,1.790484786897583291e-03,7.359477000791833515e-05,7.183939607424602017e-05,3.920109564757926477e-04,-6.435997844720276091e-05,3.863288111849371284e-06,3.882480450892132742e-05,3.964286104199559488e-05,1.257344776490136704e-04,4.480986616109056874e-05,1.077949246024188979e-04,-2.488155181231473885e-05,-4.036740825568461093e-05,4.540159329780634541e-05,5.508306302222883639e-06,1.399828663990960179e-06,8.999030770938141679e-06,1.316961757631939103e-05,1.893544943319432213e-05
2.740723109872912076e-06,2.247193770172381021e-05,-1.671188193153278574e-04,1.263312570063791307e-04,-7.428911674465238498e-04,1.155147906571657619e-03,-1.731616068701433055e-03,5.741217251010904618e-03,-5.969271881638994401e-03,-5.666051613246795432e-03,-3.418403230058456033e-02,3.625755385877000442e-02,-1.364603796021756493e-02,-4.231956212037971815e-02,-1.335271260323444842e-01,-2.094605914495205889e-01,2.542784952910732699e-01,-1.297560395636461750e-01,-2.758128858732100674e-01,1.139972013199237744e-02,-3.359120386069142788e-02,1.885208320582827668e-01,-5.094827208581717004e-01,-4.894420179924856007e-01,4.368078505443127035e-01,1.853110536092889005e-01,1.726009303081866772e-02,-1.151318960851064471e-01,-1.608152220417726624e-02,3.586318578501421217e-02
4.033760152988618089e-05,-1.023513145485243831e-05,-5.561761106065376235e-04,2.270674377119308741e-03,-3.388598165907910718e-03,1.300259238174271328e-03,5.774200141048543670e-04,3.039535079483419999e-02,-4.656982314278422519e-02,-3.064490486875172393e-02,-1.277161946962224737e-01,1.159461805502682019e-01,-9.938708735192681998e-02,5.912280533336905508e-02,-1.253867553217296316e-01,-1.306693251307992909e-01,2.296472665645789557e-01,3.134587689555344836e-01,-2.781404215495715260e-01,1.131181222129257063e-01,6.573423086060231624e-01,3.864899176864635133e-01,1.656256666849797721e-01,2.367420029669991821e-01,-1.867415323531643537e-02,1.946314042132394478e-02,6.663648276188158595e-03,-1.397990166440008300e-02,-2.830552031022909656e-02,1.102364714774071025e-01
7.896687122329305538e-05,-8.422161856374298409e-05,-7.195513261283054823e-04,2.747988344127561770e-03,-2.596897961609974728e-03,-8.313922017232114835e-06,-1.224421388292872741e-03,2.064571271742205588e-02,-6.090993984291858537e-02,-2.765962742356497389e-02,-2.008904073186242312e-01,-5.364482167671577595e-02,1.711773516157997221e-01,-8.239524518902338612e-02,-1.587917651662064666e-01,-1.383051291662256710e-01,2.446217536149141725e-01,5.454360565918905390e-01,1.690780635949203914e-01,-5.582077673940335494e-01,-1.730418028450693979e-01,-2.017529452531485190e-01,-7.840487248053296110e-02,2.128798362893417340e-01,2.266686916102536864e-01,1.292801288142608751e-02,-8.639047584904141139e-04,6.671580339919066724e-03,-2.885672555419268020e-03,1.334015268189326156e-02
4.746344206715162535e-05,-5.405286044610826810e-05,-2.991920144798865732e-04,9.853315237155688393e-04,-1.369506677021378131e-03,1.446741836513993143e-03,-1.365797341826256945e-03,7.467346060936677285e-03,-1.732617696676740093e-02,-1.369632433367996317e-02,-6.643772468328099090e-02,4.076000368112936423e-02,3.445522294194080376e-02,-4.713624800503270207e-02,-1.404424110299195005e-01,-2.874537628987233195e-01,2.996197535596609174e-02,1.202478593040408328e-01,1.068901827222124151e-01,-2.326848287813902405e-01,6.329669484580156824e-02,4.288298562092823091e-02,1.724333944082045711e-01,-6.260316466066943031e-01,-6.143971108236243595e-01,1.922683408365256572e-02,-9.412890688048951510e-04,2.787322353770268699e-02,1.862986454409313458e-02,-1.462174942517736193e-02
6.436261309300547453e-06,3.321384593883497453e-05,-4.087693566591093261e-04,7.194560160167448332e-04,-1.299714856036535051e-03,7.767686586563313537e-04,-4.288930399497486025e-04,1.146399886196687590e-02,-9.461997439664885864e-03,-7.435800841845328045e-03,-6.199456513819295161e-02,2.796296402450434287e-02,-2.056330434384169570e-01,-3.005328775095927885e-01,-9.416886664618413783e-02,-6.069246132347264067e-02,4.843344174018045512e-01,1.168938543667886604e-01,5.035664416612101180e-01,5.642541956289580662e-01,-1.411716027700694043e-01,-2.718517801823886609e-02,2.828346517034095037e-02,-2.314485905934201768e-02,4.161848946054892522e-03,-8.604280980561185288e-02,-4.923016346016162448e-03,1.681071215354275686e-02,-5.388761893707255711e-04,-1.079166723998873549e-03
-2.917684011148216528e-06,1.784228410884053853e-05,-1.280062439524358691e-04,1.132159482070119514e-04,-2.800060500457490277e-04,-1.938816575191402319e-04,-1.315069714863855185e-06,4.919561673850866845e-03,-6.527191645583443370e-03,-5.277222435136098844e-03,-2.060480820367360105e-02,2.040261418443659047e-02,-1.201763399788360366e-02,7.545745386840426415e-03,-1.689230313016714183e-02,-2.983830331821209561e-02,5.103061750804863128e-02,3.239720920268469168e-02,-8.117509965205094158e-02,4.188098834662568049e-02,1.980694586160509640e-01,-1.823949972828237953e-01,-5.113928364490971656e-02,-2.279210754475713765e-02,4.331751313180824681e-02,-4.248070496782770100e-02,-4.045232598756853121e-02,1.199018817750456406e-01,2.618060050858098814e-02,-9.432267893699801675e-01
2.859670600326625787e-04,2.057192427918932932e-04,-9.714531852172490767e-03,2.336627211485332693e-03,-2.319256894958033038e-03,-7.716928111547933285e-04,3.513922255602683602e-03,1.487139043155365388e-02,9.091629181733171250e-02,-4.636075250064437131e-02,-9.471221633308199439e-02,6.115236250390711920e-02,-3.537632935536424300e-02,5.037255266032557299e-02,-8.903758692704251132e-01,3.822973083906814340e-01,-1.419079683890594745e-01,-1.022482252269125425e-01,1.871811761166966570e-02,1.824278145320508068e-02,-1.190432151048529882e-02,-2.739668329036595504e-02,-2.018030313145168647e-02,1.844890458944327058e-02,-2.565472144387704462e-02,6.259576297680462947e-03,-1.048365518829855875e-02,6.606746211153379650e-03,7.690090142440763298e-03,-6.934507616912342519e-04
-3.208632269331598120e-05,-2.551029838848904415e-04,-1.422226758092581290e-02,3.094906550668903925e-02,3.286426738220640797e-02,2.091267116792413366e-03,-1.343550289033332013e-01,5.013396216646065495e-01,2.262288139244994500e-01,8.035961715567131458e-01,-1.738755596360208600e-01,2.465586094533847930e-02,-6.419942405224075312e-03,-3.057571687756243262e-03,1.038523188349834911e-02,-6.115250817557232876e-03,-1.283997627605689383e-02,-1.171853588178831812e-02,7.170897915133019138e-04,-4.898645897469351522e-03,2.423528653785330875e-03,-5.500532344042344127e-04,-1.026770276878422950e-03,4.274936179848300329e-03,-2.394759155590028919e-03,3.925516380339801742e-03,-3.335310859321965549e-04,8.607688559612820334e-04,-2.400708164481394312e-03,-9.304946246823468377e-05
2.056917211708688895e-03,3.060395423951529090e-04,-6.997751511666189250e-02,3.526315008815537194e-02,-4.052286627972801619e-02,-1.129851911556927629e-01,5.260156572992007867e-02,7.182753226538801661e-01,3.990548808021722738e-01,-5.374471983056556823e-01,6.258026720071453719e-02,-6.606483274997357324e-02,3.207905725459687159e-03,5.645668654909504619e-03,5.814678827188124455e-02,-2.395993262971651827e-02,1.630468142574166557e-02,-2.028075374224612079e-03,2.264232546343756397e-03,-9.770341036943656562e-03,-2.180668029543747846e-03,-1.217782955197051166e-03,2.213606468032100396e-03,-1.397878416711461854e-04,6.065410208821003487e-04,2.447868490465338010e-04,1.262394871252492693e-03,-9.448911421616219960e-04,-1.951453736224788510e-03,5.985706573280535165e-04
4.656969373953375596e-02,3.327461362747015372e-02,-9.932736473952286094e-01,5.027524379721025338e-02,-1.949355428894563452e-02,2.203131001889831533e-02,-3.885328507031627493e-02,-6.286255952443770001e-02,-2.778126999392806912e-02,2.177788813506014928e-02,4.505134325832231904e-04,8.396602875837115044e-04,-1.144986641512489144e-03,-8.979950860042933516e-05,4.820129539521538810e-03,-2.209947273121528732e-03,2.816844094056596376e-04,5.360561703275453947e-04,-2.975966354902591176e-04,3.139611004330131140e-04,3.265041814563603845e-04,3.678136413921147502e-04,8.004348097476663944e-05,-6.615099188859484763e-06,1.961209270525624145e-04,-6.870315973066247635e-05,3.204996921256409207e-05,-3.025046875109578347e-05,-2.597962169092836754e-06,-3.578861025487516714e-05
-1.117043999661282754e-06,8.227865691651203572e-07,-6.688211453866498479e-05,-4.120269919179940466e-05,8.415645415314889711e-05,-1.229212695174809354e-04,-3.873956626425400790e-06,1.585486238213984012e-03,-7.689722728972041114e-04,9.699384176087566534e-04,-5.109165280308758557e-03,5.260236133462463902e-03,-1.730041996992064297e-05,-1.229272652272274391e-03,-2.236540240711297825e-02,-2.658314740650166014e-02,2.120160312014452222e-02,7.670240618581888881e-03,-5.360987925339028015e-02,1.001721600049660515e-02,-6.656373166509377270e-02,-3.192791274625048081e-02,1.540953805679630695e-01,3.446362008898495866e-02,-2.732539778011593493e-02,-9.308784945221543206e-02,1.019918699867482931e-01,-9.282543609026645548e-01,2.621141232732483450e-01,-1.212166375526132212e-01
5.455925563237639558e-06,-1.445590740236951930e-05,-3.797692787054032814e-04,7.164242932806723276e-04,-7.553977795151209547e-04,-4.678881673430579933e-04,1.352116283371224701e-03,1.209649944475954010e-02,-1.440638795180780238e-02,-5.654515100910108109e-03,-4.056313458548613943e-02,-1.177306714857842031e-02,-3.954746774174835305e-02,8.483758852210393497e-02,1.752035774821672845e-02,9.338688310963094708e-02,-1.522193775285990980e-01,3.273314976785944297e-01,-1.813176191455667108e-01,2.243305120088143756e-01,-1.475667780454149036e-01,-1.786714616091041596e-01,5.707065987307715638e-01,-3.188047919829450905e-01,3.522915342718838660e-01,3.406228121994616664e-01,-1.671122066437783216e-01,7.116463192950606836e-03,-1.311548954025934244e-01,1.290671706009935416e-02
8.758068123252849222e-06,-2.800933626060728228e-05,-4.835271332327733726e-04,7.775878610545127866e-04,-5.328094555049885193e-04,-1.003124192942089158e-03,5.712652289791320418e-04,1.215601089927675731e-02,-1.902493978756507331e-02,-9.307979522326904898e-03,-8.504647872838753953e-02,-1.211280169223979547e-01,8.439883263380727751e-02,4.544993755365951855e-03,3.520023739299361215e-02,1.093033950477848293e-01,-1.814719208431178898e-01,5.184030635931118347e-01,-3.640671628220505940e-01,3.662362346984861516e-01,-2.686474689826865991e-01,-1.275932484054478032e-02,-4.211512253491070390e-01,3.688701432638843286e-02,-3.523823960697305413e-01,-8.021521485002677809e-02,3.727702370333760978e-02,-2.538678743138246541e-02,-7.149300804328906356e-02,-1.445022446576021188e-03
3.802806004510190397e-06,-1.573747238374570152e-05,-1.658329104392230156e-04,1.526324025047238987e-04,-2.473441549765353843e-04,1.940461868150081162e-04,5.663423741656253829e-05,4.603270239189796893e-03,-1.419314338064654041e-03,-1.628858152235617730e-03,-1.099161631015839816e-02,-1.044717653094413314e-02,3.440961830407981720e-03,5.065730518914596248e-03,-1.294215175302854647e-02,-6.119036203519875178e-02,-7.879773995668483411e-02,8.241036755284052162e-02,-4.643193913221807523e-02,7.879592055936335271e-02,-2.714340283761598749e-02,1.496737991267726130e-02,3.955228916227781014e-03,-1.670736755750475838e-02,6.279908410520390616e-02,4.579325692867975556e-02,-8.799025540876417861e-02,2.486412259131926539e-01,9.453489395192009592e-01,6.232028658750194544e-02
-1.980771205285596427e-06,-5.159692590732777870e-06,-2.138565283365643111e-04,5.347419143092173619e-05,-4.664849118439545517e-05,-2.723102831945351304e-05,5.280253716184944409e-04,4.351759874348100181e-03,2.042524443562290619e-03,1.369323156511765335e-03,-8.136855709510615320e-03,-6.277352773281254066e-03,-4.320290144375736607e-02,-7.218682246309289507e-02,-5.556021233453629221e-03,4.662129835172418302e-02,-8.358938989307168610e-02,8.761580145528484465e-02,-1.216768417489021564e-01,-4.484971397599635257e-02,-7.775359869125256923e-03,6.653812515803454730e-02,1.425640792836839199e-01,-2.493792496254002289e-01,2.639472007200233117e-01,-8.899373669297263589e-01,-1.385404971494851208e-02,8.410985858998411280e-02,-2.110273766715472371e-02,5.230762362880548438e-02
-1.678303940664446206e-08,-4.916448347703902161e-07,-6.634705534617349270e-05,4.714114885804356883e-05,-7.370036332137808524e-05,4.495218088192324906e-05,1.035215472492827552e-04,1.587650863478347763e-03,-1.791411664209898369e-03,-4.117113673436496282e-04,-5.613104283888731803e-03,2.992738488133901784e-03,-2.308740373922568787e-03,1.024390768641252752e-02,-6.225243075973090762e-03,1.210669468120691844e-02,-1.870457300166215517e-02,3.598622234716532947e-02,-2.819949026243252083e-02,4.515268925557826968e-02,3.679723131026914340e-02,-1.279683600049610348e-01,9.286886695727025742e-02,-6.564203221503603358e-02,7.443001841133474461e-02,4.881347911161762476e-02,9.689404800205597690e-01,1.262198960172498940e-01,4.127937590687746211e-02,1.058520360418030958e-02
7.493512651570146711e-03,-7.145324927141464286e-04,1.120359818157654584e-02,4.712867686660882072e-02,-6.133346474273856236e-02,9.186895108991387227e-02,-2.530876422342113671e-02,-4.222995389060743010e-01,7.844199460843067628e-01,-4.816916605948715069e-02,-3.744861274630384429e-01,1.734572074079614445e-01,5.126932546297875010e-02,2.437667612149654883e-02,1.220485837638829174e-01,-7.482119431559529181e-03,7.046593884955846751e-03,2.371045269927907293e-03,6.594962548498643426e-03,7.602079319886800510e-03,-7.573982997834395776e-03,5.171636731416000970e-03,-2.237258359594706224e-04,-2.984499528207647159e-03,4.463250526338355915e-03,-2.984414071260985731e-03,6.398280048329269736e-04,-4.806933500420539638e-04,1.285991913363238124e-03,1.804059401569390263e-04
4.150485491380618251e-03,1.232260463759519281e-02,4.552190406384822724e-02,6.680905591957522205e-01,4.760995644557473594e-01,-9.304097813682006557e-02,-5.508135263193033593e-01,-3.900903285260016312e-02,-2.387031999233187735e-02,-9.909400794068431995e-02,2.727924663100346481e-02,-1.819615964782219731e-03,-2.370797906241733737e-04,2.942653595421271251e-03,-2.275252267537418611e-03,2.533515037626452807e-03,1.307848220407569059e-03,2.564130617957157202e-03,7.546955994458829026e-04,1.157349742635758886e-03,2.976214492900301225e-04,3.069918983536376838e-04,3.070121317136917052e-05,-7.441045342149256491e-04,4.822450670378100514e-04,-7.145595974642871646e-04,1.596211675282242052e-05,-1.889781458964650944e-04,3.439771610501468819e-04,2.470866487088693085e-05
5.169746004801258066e-02,-9.955362537578603746e-03,3.660491011657382443e-02,5.365058426810681569e-01,-7.165868538621743555e-01,-4.157874405802874374e-01,9.773073813301765000e-02,-5.320073709462894151e-02,-4.557291520037380639e-02,7.915304524580356327e-02,2.861624464676508148e-02,-2.002682975698566199e-03,1.949607096608180126e-03,-4.130720876471181274e-03,-9.853807416046243481e-03,4.361240517904824664e-05,3.320063359460067231e-04,2.447557554643287406e-03,-1.288342618092139366e-03,4.744925412005107537e-04,1.090735586597525991e-03,-1.281067290166588719e-04,-1.360638321081385660e-04,-9.364424142577931114e-05,-1.792102871288060967e-04,2.403791695953821006e-04,-8.133309127411913781e-05,7.479979269364171095e-05,5.574792405885051525e-05,-1.061398334668661427e-04
8.611150881047836547e-01,5.034788229206644816e-01,5.514420289250258900e-02,-3.119067567433447125e-02,2.253920415131625832e-02,1.981868239626583678e-02,6.615281840361033998e-04,7.813615297333501020e-03,-2.211076388832252174e-03,-2.422768294027340726e-03,1.331304834568612303e-03,-1.004519200433526488e-03,-2.501497319027912690e-04,-1.605199857700795028e-05,-4.648128168436890914e-04,1.142780121734986924e-04,-6.069025006493400707e-05,-8.487714264841275636e-05,1.455780993117414013e-05,-7.828277432314783061e-05,-1.528333847335542177e-05,-4.117696036175348017e-05,4.063136130047718967e-06,1.774688667554815856e-05,-2.768319416018622561e-05,9.597308998732889568e-06,-1.898981955362239807e-06,1.188938380652226649e-06,-6.936550108357627971e-06,2.946330087587047240e-06
5.727321973368380743e-06,7.922650175675444834e-05,1.267166650653240721e-04,4.350546449159466405e-04,-7.769502559702873854e-04,-7.458524324389202579e-04,-3.835320786544147657e-03,1.371048390942119968e-03,-1.207282691094400777e-02,-1.226549630467621728e-02,-5.667682511233860382e-02,5.372547415167053947e-02,-1.698818974875029864e-02,-6.969173588289050147e-02,-1.681081928065711051e-01,-3.784922574651090610e-01,3.041471397210396832e-01,-2.968869918519212447e-01,-5.217506498773133439e-01,2.254183954529119169e-02,-3.982641655580459461e-01,-1.349969995260773548e-01,2.690822247385966093e-01,2.597975922286699935e-01,-1.488746670711227349e-01,-6.604551732664963593e-02,-8.299839964908274637e-03,1.382503632315917330e-01,-3.289852208964559599e-02,4.124630825113234471e-03
1.105784027911401878e-04,1.583206791542189900e-04,8.276184637103131117e-04,9.031588114591204697e-03,-1.038790948278182913e-02,-9.037131188918984953e-03,4.007758633028368593e-03,4.378611466791521023e-02,-1.392707832043189320e-01,-6.886780776846361529e-02,-3.562028374950455545e-01,4.134960990282821047e-03,-6.903113258527279195e-01,5.539866241211525155e-01,8.974948582826729193e-02,7.397028323059691782e-03,2.747193222493115455e-02,-6.103167356369546340e-03,6.865568040590350196e-02,-1.101161324726540464e-01,-1.664909411895811042e-01,2.115431386221747895e-02,-7.515492873056460466e-02,-5.620212781187122232e-03,-3.755648432182598362e-02,-3.552302011072909493e-02,1.793724517724740522e-02,6.263834464574503241e-03,1.285574941855115692e-02,-2.326437990762101823e-02
1.770868051189624574e-04,9.171785047140577310e-05,8.858575491988196536e-04,9.895589752670087488e-03,-9.418853505709683799e-03,-1.151312940753894572e-02,-3.122628090958778392e-03,2.403910001180722608e-02,-1.702974288755933763e-01,-8.203366650401017202e-02,-6.183834468602041889e-01,-6.352010372276236660e-01,2.750299008784823918e-01,-6.822065358665894974e-02,5.406663927108103923e-02,1.013793310174889439e-01,4.136563667860441995e-02,-2.332663763230372056e-01,5.264317352260679955e-03,7.342880321152892020e-02,9.795022152675242344e-02,6.297901380625352263e-02,8.302772346351128263e-02,-4.265218560664237046e-02,3.865022843815303730e-03,5.489130957193583127e-03,-2.648455563094036756e-03,7.025482085700586812e-04,9.908058691570869117e-03,-4.326660085194796064e-03
8.029113406040862874e-05,-7.527554942688480202e-06,3.934463563105999352e-04,2.534212250457145571e-03,-3.509564067194736493e-03,-5.671463548457781213e-04,-2.288525881902669836e-03,5.821342911397873153e-03,-2.847219450525039289e-02,-3.502431971842628194e-02,-1.265820991864988476e-01,-2.184167947714245328e-02,-2.772140468011981967e-02,-3.623258297928579064e-02,-1.828140453229373241e-01,-6.827928026310416953e-01,-5.854434390404992250e-01,-7.680706052525749193e-03,2.118269742927121058e-01,1.821070687161009394e-01,3.230813130621989354e-02,6.626737972686481438e-03,-6.029977187310959358e-02,1.405337696005901638e-01,1.530094747459599114e-01,-1.806058564076264833e-02,6.416897080927841217e-03,-3.461564028024998602e-02,-9.661691618377117596e-02,-8.567684863168872206e-03
1.921188022224152664e-05,1.652345740702445447e-04,5.983717203917793184e-04,2.121528896609107834e-03,-2.985148319200696659e-03,-2.968258906153255824e-03,-3.566304588972978203e-03,-5.924792238716150052e-03,-4.725117044362731403e-03,-3.368952002904630760e-02,-1.230269185800894477e-01,-2.848228655415276436e-02,-5.236101915164180776e-01,-7.410272813862198715e-01,7.755002331840772645e-02,1.354553753000268257e-01,-2.076639328257389172e-01,-3.695500458843083320e-03,-1.683225728257003451e-01,-2.077441716308384700e-01,5.160490396492869308e-02,-2.080938923407602698e-02,-1.957204176712142030e-02,2.502839173824835187e-02,-2.648602611687642452e-02,1.241494691480825724e-01,2.008346431209156319e-03,-1.565406527650145541e-02,8.509036160483414088e-03,-2.098258774500256010e-03
2.890169733066850470e-06,5.111527312128363344e-05,2.699966630230813785e-05,7.368485359656130537e-04,-1.047359262986940045e-03,-1.194995230596818461e-03,-6.379944005903664516e-05,4.998709067551792770e-03,-1.739374232436078152e-02,-1.082838442964029722e-02,-5.027609568634602843e-02,1.865722135308612792e-02,-5.626276787336563501e-02,5.631994008693830961e-02,6.867804084358526164e-03,-5.420773363198980871e-02,7.024104985070246665e-02,-6.410002840448070227e-02,-9.558157524437430053e-02,9.503118343610029994e-02,4.124040196975699013e-01,-8.127139145170605428e-01,-1.676549706790967098e-01,-6.992622546103248460e-02,-3.902971866394332190e-02,-8.030393853327016940e-02,-1.045980848690510334e-01,-5.697327829341296279e-02,1.281153550486742281e-02,2.724741502252593373e-01
