4.795488346264374473e-03,1.133988603720744240e-02,-1.191789956401147731e-02,-3.571227989225812111e-02,-3.816059559155678821e-02,1.422724382430569923e-01,1.977120796617115595e-02,5.647461758625723109e-04,-3.304928422092162643e-01,1.305400872235981391e-01,4.291487733789436931e-01,7.265438608564256384e-01,2.650203222915472057e-01,-5.765092572528204146e-02,1.086843205826093228e-01,1.619884589155630439e-01,1.340755553581674496e-02,1.117419203410924405e-01,-3.457367684905070931e-02,-6.983596385088530756e-02,-7.079473846806481896e-02,2.678001113424296597e-03,-2.175926237929729293e-02,-4.195507791044301299e-02,1.968104141208136190e-02,5.067059854774689891e-03,2.904891308272573858e-03,3.899321682904729591e-03,-1.199842448585577330e-03,5.878043747301531730e-06
2.286401532188308584e-03,-1.397379031943550912e-03,-3.132228918049189542e-03,-3.730950439785604145e-01,4.410005152711128362e-01,1.857729663433543288e-01,-7.879966576702523984e-01,3.752599487914645704e-02,3.421643533270904425e-02,8.896910575274928623e-02,-1.689007021536508696e-02,-1.243179465394460888e-03,1.144183179499705686e-03,-3.754273473652951741e-03,-6.027894887075337452e-03,3.322666371531985026e-03,-9.117430829339637482e-04,9.043749453972575476e-05,1.658023492546866363e-03,-1.587882632423514911e-03,1.116592491972132214e-04,1.620519029475045851e-05,2.490204278957426805e-04,2.060912830185985633e-04,4.380305416861461935e-04,8.778085651570892000e-04,9.962818770802145114e-06,2.326269063897090476e-04,5.191094966358494899e-05,-5.253626406494533844e-05
3.301134804687779617e-02,7.807655866976165315e-02,-7.098386691010218075e-02,-3.222507242152148343e-01,-3.226716558961523207e-01,8.410366570024871979e-01,1.630182534073351119e-01,-5.865516683359253691e-02,1.471420575257648966e-01,-1.000251744068907239e-01,-6.267828464416293210e-03,-9.014001030196316933e-02,-3.427990627098006365e-02,1.974368442266488839e-03,-1.193659588899758858e-02,-2.513184171570494868e-02,-6.994895192656789065e-03,-1.843609262960002604e-02,4.839050247589400493e-03,8.054723474763983079e-03,1.188427557482317314e-02,-2.076420190338602347e-03,4.028112107615199229e-03,5.828492282009521859e-03,-2.729931935543323477e-03,-9.308012690933879611e-04,1.541105431322174237e-04,-5.868424962051937586e-04,2.155614839560850236e-04,8.396008416085824376e-05
4.893403616201305040e-01,8.655658761407287738e-01,5.736509721541534212e-02,4.709027199144978637e-02,5.337716346128813100e-02,-5.380090647816358068e-02,-5.217280651721400292e-03,2.839375928371681065e-03,-5.833787063354627968e-03,2.403390569833423109e-03,-3.713242181527875042e-03,-8.466969190508040737e-04,-4.406374158266456077e-05,3.598326554736752084e-04,-1.163165131956052226e-04,4.577274506508241292e-05,1.617447063073318642e-04,7.016701347340458287e-05,8.010732152834150563e-05,1.586184937629470516e-04,-7.114868716109368251e-05,5.954352855876672373e-05,-2.511605758864158666e-05,1.720595081428230399e-05,-2.090471328573985846e-05,1.357256331606939550e-05,-3.051939011658954902e-05,-1.436519694695041782e-06,-1.863581820027122789e-06,-6.649973795673949161e-06
4.505946556155241054e-06,-1.232759363694310229e-05,1.761034081864085605e-05,-3.587997878409583024e-04,-7.285544264204164107e-04,3.035802252822045297e-04,2.111211768880813609e-03,-3.501696958364829658e-03,8.126130690907031745e-03,-8.709344360292508441e-03,-2.698489249906193058e-02,-5.036621446175759687e-02,-1.493073170976486367e-03,-5.185595704744407758e-02,-5.485654622101789751e-03,2.412753107921704609e-01,-1.341526571861666461e-01,2.580747624747611879e-01,2.451293004490142369e-01,-1.774601538750830987e-01,-2.094500378736941226e-01,1.083191409490223134e-01,6.215631520447351122e-02,5.641827862210903044e-01,-5.729596395486374893e-01,2.099689034980020685e-01,-4.251824279372454912e-02,1.886813980790344805e-02,-9.820271316944462637e-04,8.460571152599094535e-02
3.714170342189190377e-05,5.714508727462296273e-05,-1.224647987886027931e-05,-2.828692055386881551e-03,-2.533396685430353793e-03,-7.734458761755138613e-04,1.187640661982640152e-03,-6.688286233545119759e-03,5.820468754477035184e-02,-3.235385015252528751e-02,-1.111375842883108866e-01,-1.136105899124935786e-01,9.110628854450988912e-02,-1.232069189341315589e-02,9.961903970074503789e-02,1.651345884345542525e-01,1.509007916275740269e-01,1.814705104323933171e-01,1.562585695736382341e-01,-2.328311602797972571e-02,-7.737909829814176854e-01,2.571323874853014835e-01,6.188302108454242501e-02,-3.272608157804500761e-01,2.320270680142091924e-01,-1.455757281363582621e-03,-6.309936982074694500e-02,9.990384059500213854e-02,-1.164435165207857760e-02,1.425095647500429843e-02
7.447251810670875482e-05,1.056890867161107840e-04,1.663788093039546474e-04,-3.256751646349762778e-03,-2.359102663094845599e-03,-2.183249884716899521e-03,3.200287166847563119e-03,-1.155229533508127931e-02,7.703859979113859835e-02,-3.081681011670399026e-02,-1.962766448425801447e-01,5.449678365754247883e-02,-2.001737259028213145e-01,-1.724300869949174086e-01,6.589006752880671725e-02,1.547832356596142156e-01,3.915616986563798529e-01,3.507363288282865921e-01,-4.953692851785599927e-01,-4.186371176998699428e-01,1.643459114831657408e-01,-2.500401775168053370e-02,7.053356859556558778e-02,-2.617810740178529993e-01,-2.035789703775168769e-01,1.153337240710955863e-01,-5.725246976269732398e-03,-1.390205588092721656e-02,1.145051349568349669e-02,-1.133359019748661489e-02
4.400681480313286116e-05,7.512766930803449277e-05,-1.036335760859558203e-05,-1.211275579348844878e-03,-1.151032316521790515e-03,-1.526611794554747934e-04,1.495634032381032994e-03,-7.781459550502388585e-03,2.020169056369668439e-02,-1.277711965580877705e-02,-5.401960129920762438e-02,-4.726817496365929433e-02,-4.785106419306154463e-02,-8.834939786926813976e-02,-5.683376004195756122e-03,3.029830515215227726e-01,1.181110147176310347e-02,7.957166818177272005e-02,-3.064587236025988481e-01,-1.115358327224599683e-01,-4.124741716765703559e-02,6.975448993927194086e-02,-3.789490050014584499e-01,5.498930129482206830e-01,5.219016296336101979e-01,-2.321305902811833799e-01,7.265926964164782760e-04,2.127725229462334999e-02,-5.760286840904761500e-03,-1.232270362973936564e-02
6.790233010664965660e-06,-2.098683718612447696e-05,1.126218130628013896e-04,-9.725441593194330712e-04,-1.059466347488976839e-03,-6.623969669793714583e-04,2.155061239246496962e-04,-6.086501833288935487e-03,1.643912967754623811e-02,-1.134230335164274767e-02,-4.666578919609810222e-02,-4.982385482148409678e-02,9.235837538162509908e-02,-3.604529890716634544e-01,3.876317523136023346e-02,2.319619417622236640e-02,1.186360781361927956e-02,5.932304809179604899e-01,2.771438542837607183e-02,6.785031562172020303e-01,1.426508508638106298e-01,-7.912802830318639569e-02,-6.752060154787191404e-02,-3.718214210194398239e-02,-3.031452847521426755e-02,-8.108858258657175577e-02,2.690206413134614213e-02,8.367311795412817749e-03,-3.579706457955050391e-03,-1.880452519584193891e-02
-2.390275180726622528e-06,-1.647911759329987686e-05,3.419830474649353653e-05,-2.006412347847655688e-04,-2.114649654090352052e-04,-4.890161030528760149e-04,8.177140743282657216e-05,-1.964614013590233917e-03,8.224135234329698479e-03,-4.874577683142418232e-03,-1.914329233959262064e-02,-2.040449162625015966e-02,7.778297406516135847e-03,-9.426594130870814131e-03,1.335927173163765740e-02,3.810679469613863918e-02,4.011264902616411970e-02,3.206667915341147868e-02,7.559431280857532853e-02,-5.299299700865491014e-02,-1.674834407840637418e-01,-2.230339042202510447e-01,-3.689837439494717680e-02,-1.587707935510131218e-03,1.253665897317406651e-02,-2.053525903300193814e-02,5.785435276704877783e-01,-7.560822376135675205e-01,-5.565834719857504741e-03,6.320082922918626375e-03
2.931084011670525256e-04,-5.144998167347107545e-04,5.924914993329569515e-03,-5.157213617938236072e-03,-3.892298027639215334e-03,-1.183296263068288638e-03,-1.771103780361445168e-02,-1.107266328479120376e-01,-7.721540357764394846e-02,-4.665179581766677741e-02,-1.144525647178120803e-01,-2.590784354829246683e-02,-1.293430389155645899e-01,-1.709474538013114608e-01,9.151494829411028764e-01,-2.271558069101377655e-02,-2.339250738037147448e-01,-1.573690161498255691e-01,-2.696862349169423800e-02,6.058256018889593593e-03,2.121457809805085346e-02,5.469676704649005516e-03,5.932715156793855540e-03,1.019038717379816029e-02,-1.687298451849679817e-02,1.189754176455090455e-02,9.078073578931934381e-03,-3.392480357720216964e-03,8.887127565405904261e-03,-1.662504292630458689e-03
-7.589354881777556766e-05,-6.412008420766288584e-05,7.379294742095071809e-03,-2.146246413386487806e-02,3.799987169448562629e-02,5.718811889193967449e-03,1.019976191049414421e-01,-5.886639822775646680e-01,1.761982980721433778e-01,7.756457371210477847e-01,-8.390814560597864569e-02,-1.472148340159402415e-02,1.875256035281828298e-02,4.430475410762517441e-03,-2.459816560523661946e-02,3.877857895034837223e-03,-7.973558024260316360e-03,-3.138218581995746645e-03,5.474147255296793642e-03,1.036744652844845708e-03,6.004775198373049063e-04,-1.233466254061360611e-03,4.574633401484892031e-03,-1.423903625387873883e-03,3.846691977161155983e-03,3.741905853942889722e-03,-4.012086954133495839e-04,4.504683880742933874e-04,3.077848184832593240e-04,2.791177779133327671e-06
2.018983113557027299e-03,-2.538159566574321215e-03,4.142773529696805457e-02,-4.793336224289434372e-02,-3.466780703726643487e-02,-1.109984534624299801e-01,-1.276292701093850734e-01,-7.888477738744748002e-01,-4.656100009762512842e-02,-5.633316835647004250e-01,9.516053960127857092e-02,5.044686216303712056e-02,3.204723204419195753e-02,2.318561445480736560e-02,-1.041084557925108789e-01,-4.465300634001397560e-03,1.136906966645570734e-02,1.293407472758371923e-02,1.272108962074858240e-04,-3.138010189696439651e-03,1.012055253900145469e-03,-4.058982156245159213e-03,3.688436567078546245e-03,-2.090368689408073598e-03,1.773325665002880528e-03,8.606857841495814529e-05,-8.623306557697809174e-05,1.614284488444845452e-03,-1.174618653277085308e-03,-1.807775036442560006e-05
5.523061649550096985e-02,-8.455379865808114459e-02,9.832124707064214819e-01,-1.243817673848254257e-01,-6.698191854641102894e-02,1.645621880568950285e-02,2.575945093994708515e-02,4.206440473929395907e-02,-5.443934673185118860e-03,1.977546963276504560e-02,-2.880123482228086514e-03,-7.581608287576758944e-04,-7.816709224396798316e-05,1.635831196217690288e-04,-1.363994156847515545e-03,3.501029377307268665e-04,6.851463875101011314e-04,3.572779739751905667e-04,7.572370474488691211e-05,1.670059413426677465e-05,-2.418443259322759439e-04,6.496199062928407846e-05,-1.543884864093013050e-04,-7.807904780274499030e-06,8.321660650203558946e-05,-9.895573649518588663e-05,-1.523416057620680130e-05,-2.937284332930943062e-05,-1.321429422118263550e-05,1.929410777194110610e-05
-9.046833682347659944e-07,-4.199854478552621714e-06,3.583650600788812436e-05,-7.294868370865586843e-06,3.564969999288843865e-05,-3.799270954675618714e-05,-1.173437464704840222e-04,-1.391878268865483518e-03,9.282050785578058573e-04,-9.603548736632409964e-04,-2.886316565160025865e-03,-4.014168655009557260e-03,-1.703762284202274720e-03,-4.108034294343231203e-03,5.610480631558415962e-03,2.393927240138831597e-02,-9.532331069389849559e-03,1.148683378514592582e-02,4.512844924184189477e-02,-2.052913440396169839e-02,8.144851067081525231e-02,3.253993979504211931e-02,-1.052497865390091963e-01,-1.013301083314217255e-01,1.617380935297136821e-02,-1.130071214700634763e-01,-2.382381495944382588e-01,-1.854460305117336671e-01,-8.064307126794947878e-02,9.257134912750237810e-01
4.036877517240872368e-06,1.779044773830872330e-05,1.599765535117735396e-04,-9.230836488012486183e-04,-6.306320716323084857e-04,2.956741108117332654e-05,-1.161199675530003158e-04,-5.695053513625409833e-03,2.423340951955136463e-02,-8.601927747068459709e-03,-4.153979111610236336e-02,2.613690695541020029e-02,6.348931154549845857e-02,4.104238617401310962e-02,6.577944390679676956e-02,-5.043510093081451928e-02,3.086373892053936308e-01,-1.335698558752573539e-01,1.595040717247842577e-01,8.066277913247407727e-02,6.093233248816824071e-02,1.804565846295261289e-01,-7.650287008025883351e-01,-9.145742058498206040e-02,-1.329006333904135806e-01,4.106940680324355775e-01,8.822782945246074315e-02,4.443197559827963966e-02,1.142253934802234805e-01,-1.468547481234949541e-02
5.817481657548314549e-06,3.964136724611922542e-06,2.630175223301725422e-04,-9.062166745442938468e-04,-8.486467981796949655e-04,-5.550003938130473229e-04,5.843091946064806483e-04,-9.039069178185964518e-03,3.459508379487059859e-02,-1.194372146504899326e-02,-9.532527253898291641e-02,1.642952242424374765e-01,-1.275344015256037744e-01,-8.298343964413942841e-02,1.294289152242716345e-01,-4.808208872220710861e-02,6.877274966510485976e-01,-9.071037990547439755e-02,4.610378553419705594e-01,1.482163755525203915e-02,1.434961721205718632e-01,-2.912516687089807335e-02,2.780419735009350135e-01,2.628792269727644459e-01,1.461030937139981833e-01,-1.595901988100155711e-01,4.725452944656825804e-02,8.149443675435011358e-02,2.879879474817168342e-02,4.401768979831543332e-02
2.652803118416411051e-06,8.503576433209409150e-06,7.380111695759392608e-05,-2.362205659582253920e-04,-2.738695483732992873e-04,3.457061653642041414e-04,-9.453600916864933739e-05,-3.060510339417105326e-03,4.933519011507646324e-03,-3.187190085544605589e-03,-1.022651313373169370e-02,1.516716090072956630e-02,-1.212487784470277045e-02,-1.307312018730546338e-02,1.716179755932787862e-02,7.459536676427674928e-02,9.394373131500523277e-02,-5.191430168239782178e-02,6.330304959991973901e-02,5.752791499480357923e-02,2.068373305112489527e-02,4.618840821309900396e-02,-3.640450076935067975e-02,6.185589944809347963e-03,-1.108940235366617441e-02,1.481779350007773974e-03,-7.366638198917866420e-01,-5.738130367020807254e-01,-6.966996742925089976e-03,-3.139644016002680615e-01
-2.506320924860965927e-06,8.788343326580420890e-07,9.211307521688586494e-05,-1.184286213474595800e-04,-3.698976937991026680e-05,-4.661037359511889804e-04,-5.790723968604248682e-04,-4.844104189941409941e-03,4.525094418226589116e-03,1.583954240435484070e-03,-9.061849385116324540e-03,6.525114753496363221e-04,4.163629105663089330e-02,-7.042773261988471978e-02,-7.810133641574552518e-03,-4.067776795468192041e-02,5.071896594189412993e-02,-1.031676750708939855e-01,1.646378585901356675e-02,-7.643550902272006065e-02,-6.626694209386171930e-02,1.489722043223777881e-01,-2.674213453524647011e-01,-1.133527326788568435e-01,-4.407011977274585823e-01,-8.064310368407692220e-01,4.806611240263854862e-02,3.918718969786758738e-02,-4.500946914443392996e-03,-1.130036595912478764e-01
-1.930017140320850967e-07,-6.888260295313539879e-07,2.976017931607495144e-05,-8.055704250781251788e-05,-6.389476562165863664e-05,6.206796128383959815e-05,-2.645051888920923796e-05,-1.224387255304301312e-03,3.062984341041303637e-03,-6.940342519826532249e-04,-6.731196375252692689e-03,5.898903869299113208e-04,-2.284453085533798885e-03,2.250459952410391231e-03,2.249580302435457910e-02,-1.360181797084292037e-03,5.821495262855515274e-02,-1.621684145400285881e-02,4.049050032899333129e-02,-1.172277125347292656e-02,-5.465270307871813484e-03,-9.787216144479223001e-02,-9.600573882521380720e-02,-4.490547225903348226e-03,-2.088976289549978119e-02,5.266759712333388133e-02,9.172558853753358735e-03,5.436422199431476671e-02,-9.815040934311966003e-01,-7.449600802413339218e-02
7.085252884571575926e-03,2.173308433387309210e-03,-1.982351651485342661e-02,-6.811227296914262874e-02,-6.296879694309245878e-02,8.382813308528369589e-02,-2.620566588313379304e-03,-6.503053879961485928e-02,-8.518488641559748276e-01,8.987401841853814854e-02,-4.592794633151582873e-01,-1.225685712289624058e-01,-1.006289853093685072e-02,6.143155465473024851e-02,-1.181823835450667715e-01,-2.817384354975934618e-02,3.135102622531657501e-02,6.133262143383736743e-03,3.423919925667527533e-03,1.686953199605535289e-02,7.788895081790310308e-04,4.041508063755430702e-03,6.315809933648795782e-04,3.942362785142853980e-03,-1.376996342294957692e-03,-2.381368076013807688e-03,-2.184811828219875973e-03,-1.078405429057995241e-03,-1.038833620008615052e-03,2.020445664031353503e-04
3.597530313458430044e-03,-9.097700049935496941e-03,-4.070860046870251880e-02,-5.484572257579020116e-01,6.015349552181029624e-01,-9.672704712937545135e-02,5.603629329092315592e-01,5.157005177912162529e-03,-3.303574207494978932e-02,-1.034812041804053229e-01,1.891441500551471061e-02,9.465835755904099431e-04,-2.666629467345557874e-03,1.380240508420961390e-03,5.498823259485178042e-03,-2.313428713178735437e-03,1.157491972540892295e-03,6.079701951989592047e-05,-1.089401624069806073e-03,1.168735128737123131e-03,-4.434486278186027561e-04,8.792443429782329726e-05,-3.781466803468667287e-04,1.324715333202503204e-04,-5.359164241673347161e-04,-7.543729364270102683e-04,3.766705458363201348e-06,-1.965156308975368206e-04,-4.744442012538900176e-05,3.779856912703477199e-05
4.844762020208694814e-02,2.219385740515303698e-02,-1.169184209223304294e-01,-6.544564967270689593e-01,-5.690069303727438577e-01,-4.528784405719282202e-01,-1.008704573150089462e-01,7.911637010900400557e-02,3.360577627746813567e-02,8.451722337543265962e-02,3.703707598396385747e-02,3.652002569085961194e-03,-5.503072923358449942e-03,-4.655104876675197033e-03,1.225649396629503729e-02,3.138277295971938011e-03,1.431368899294862564e-04,1.061782635590547254e-03,5.570283444706086067e-04,-1.471310666630092469e-03,-7.906910716369347156e-04,1.986922510006976445e-04,-9.708930927324522673e-04,-2.823852895720869722e-04,-2.743269908126469981e-05,2.550621269797306227e-04,2.737754653928160413e-05,-4.782673178706138708e-05,1.587408525702791199e-04,7.987115222531168955e-07
8.683104757390540662e-01,-4.866549771908669775e-01,-8.533820830220958942e-02,3.426365412001151217e-02,1.535399888956310785e-02,2.127266716059248927e-02,7.059326393559147176e-04,-4.238549168558883307e-03,5.059104603047876424e-03,-3.358862625925154374e-03,1.790125500290721009e-03,5.064722904089919917e-04,2.085631809631930680e-04,-1.988572278531475473e-04,2.181649629867545947e-04,7.956845043765082312e-06,-1.588173137038543506e-04,-7.707346602097120110e-05,-4.391532789748027465e-05,-5.464717963257536898e-05,3.877015955970742982e-05,-2.331278172019128755e-05,3.385359403734662539e-05,-8.074205355538010520e-06,5.501092600790296129e-06,6.314111764543077859e-06,1.012281892514825176e-05,6.565260245374608952e-06,9.309627617024088242e-07,-1.293929370995526119e-06
9.021570011815726507e-06,-6.398665564996103392e-05,-1.838310512517900795e-04,-8.091029540217876959e-04,-7.002433411636586544e-04,-1.289884200597628391e-03,3.783342391116192253e-03,2.477964133350171651e-03,8.402143197081404086e-03,-1.609055063751509834e-02,-5.113265977831284170e-02,-6.574628134169567539e-02,1.125795773976834410e-03,-5.354906764158358368e-02,-2.925170956434005806e-02,3.600367379142273005e-01,-2.878557936701089948e-01,2.156412725719700774e-01,5.364949485309886690e-01,-3.569244133904265204e-01,4.000995876186874134e-01,6.598563200810374230e-02,-8.450664135724531012e-02,-2.805708535147177773e-01,2.085924465301270958e-01,-5.987235717488736952e-02,4.490273578079431727e-02,2.909076885616873956e-02,9.051101113801390818e-03,-1.201669171217978893e-01
9.754704040600782394e-05,7.954966981935132462e-06,-1.111724210879402614e-03,-1.038659457862313971e-02,-6.681498838509007145e-03,-1.167558946379406055e-02,4.483074527055211193e-03,2.497742327301922041e-02,1.767770081830451201e-01,-7.411692091853876174e-02,-3.597957021903720465e-01,3.070839901756962712e-02,7.667063132286349170e-01,3.870847553888283055e-01,1.712638277678849852e-01,3.232413529413515063e-02,5.877083500908028557e-02,7.270837848163447248e-02,-9.446164468288008320e-02,-2.194427632924678823e-02,1.642625258574929581e-01,2.444603217537675427e-02,9.888549919795333598e-02,7.388757399389984937e-02,-1.171571004826127936e-02,-4.440387536884633085e-02,8.687678631629527221e-03,-2.419789721614585762e-02,-1.198827668163911578e-02,-9.817647040170618660e-04
1.640767187013402275e-04,1.790894729559319994e-05,-1.197220991472047399e-03,-1.125500713085603871e-02,-7.823898837986079102e-03,-1.549719430686436784e-02,1.074199759155154352e-02,2.393293830071526254e-02,2.350002055712600846e-01,-8.876196134135462545e-02,-5.879724304840134863e-01,6.214654937556206571e-01,-2.643285500087301232e-01,-6.560470389726550181e-03,-1.461621045644314887e-01,-1.239039925001236553e-01,-2.705031617969885782e-01,-1.114933851304279223e-02,5.370239388009405423e-02,7.460719730597005495e-02,-1.013949106100923564e-01,2.169712688463113631e-02,-6.297586381518503751e-02,3.866301799886661186e-03,2.431486810309083785e-02,2.145856133427263997e-04,-3.543499452173831232e-03,-8.092944179242929012e-03,-8.256803304353436609e-03,-1.694735036152244991e-03
7.111097620166600020e-05,4.896803446218632195e-05,-4.647713804374431577e-04,-2.979964445070044498e-03,-2.615890753005204687e-03,-2.148117434848998124e-03,3.718157101691530343e-03,1.977801853811114643e-03,3.563271680737118557e-02,-2.583878477241070837e-02,-1.066783725912970882e-01,2.129397095817751190e-02,1.424914876534413843e-03,-9.116228143105656323e-02,-8.563138870533741620e-02,7.548345013815676019e-01,4.799914107292737458e-02,-4.679327984966210052e-01,-9.922969284003629875e-02,3.228991695692625119e-01,3.245435316179264701e-02,-6.778851833110438596e-02,1.203690515083048335e-01,-1.176365815499490625e-01,-1.433418067483595015e-01,4.389243044678866473e-02,7.222442836798635690e-02,4.966893428194574245e-02,1.760661679175931161e-03,3.548592065206481599e-02
1.708731045975175593e-05,-8.905113036999997721e-05,-5.832229971590226648e-04,-2.480288346679493904e-03,-2.185872366255849596e-03,-7.613437330676577942e-03,5.092847585831613427e-03,1.107935335431598639e-02,2.421490599666695914e-02,-2.288745352433476168e-02,-1.159614411222885388e-01,-3.987421436273146103e-02,4.099663592235440190e-01,-7.853373952715594353e-01,-1.632917635488528307e-01,-1.957198820183970456e-01,-5.028414360163453722e-02,-2.621818419172828318e-01,9.357536769126838239e-03,-2.101442619114566868e-01,-3.287134668702292040e-02,-8.179089360546722533e-04,4.145177188684867620e-02,2.756361971310888198e-02,4.829947550014890290e-02,1.075986283886544159e-01,-2.350466515864466088e-02,-6.981008544691093796e-03,-2.099177108554418306e-03,1.568600506654753077e-02
2.420175227736286520e-06,-4.123221927817016000e-05,-9.774317562430774240e-05,-9.672677218310829234e-04,-6.663561292824769777e-04,-1.404808824909123659e-03,8.439184531859886609e-04,1.545398801718378444e-03,2.108881738117293625e-02,-1.074276240371896222e-02,-5.378762180328954673e-02,-2.317791225242392394e-02,5.585602005455794772e-02,3.394924604742399765e-02,3.727233139358553798e-02,4.210073884996647781e-02,2.170119795642790408e-02,3.074268267956980702e-02,1.104213505321852695e-01,-1.162295428847841955e-01,-1.984889670437784137e-01,-8.844109207467261147e-01,-2.108204701286959526e-01,-3.072260605418770940e-02,-3.335935290258994906e-02,-4.961261616188745310e-02,-1.973054944441683944e-01,1.910089417815458990e-01,1.243856266767083552e-01,4.590531870870730689e-03
