4.792936263964047046e-03,1.138138475877147580e-02,-1.145348661309585243e-02,3.322807116310590170e-02,3.162940330082891077e-02,1.371668756849185045e-01,-1.584524643421921994e-03,7.768831846872537028e-02,3.532205552548516314e-01,5.617863344690158384e-02,4.052686377460205658e-01,-7.446035871287973729e-01,2.504044279655973093e-01,-1.087633547997027827e-01,1.227236128148617295e-01,1.332102447176583548e-01,2.537798533047397678e-02,6.913359168511880315e-02,5.561130142412230859e-02,-8.388709821777456943e-02,4.489184637714412063e-02,3.768201052629124685e-04,8.810227073111684794e-04,3.369712092147182647e-02,-3.346194779393922916e-03,8.028161156800835141e-03,-7.660141134234225383e-04,4.650030577405690410e-03,-4.097653714180241567e-03,-1.918402363904343983e-03
2.351610931375802509e-03,9.937699248511932203e-05,-3.139980301283068487e-03,3.605158226645073793e-01,-4.633836993792477266e-01,1.933447429898061190e-02,-8.002020437044469192e-01,7.156911987821243382e-02,-1.639110280308137685e-02,9.443000880245189244e-02,-1.319815587965977172e-02,2.561371710817143214e-03,4.595764896325860334e-03,-4.315881976389683225e-03,-6.689871723305325368e-03,2.074697759642282150e-03,-3.062147965290391762e-03,-7.789347164438761286e-04,-1.210157789504002221e-03,-3.453485841528386099e-04,-4.729476241433085257e-04,2.579612152908283699e-04,-1.105475942230485118e-03,3.018437907757728694e-04,-4.080432646620594898e-04,-7.453406158272314836e-04,7.490513343345588256e-05,1.804146566750287775e-04,1.350667795691986748e-04,-1.236145083344745836e-04
3.298115420686015958e-02,7.807539431080862125e-02,-5.719750793890458068e-02,3.282332853750749013e-01,2.906936649754067736e-01,8.696367889938964035e-01,-1.131032450930961018e-02,-9.363975122943871132e-02,-1.419929308958824132e-01,-6.020112146831137906e-02,-1.766465710495455227e-02,7.654944315481956862e-02,-3.331490273119857431e-02,9.443749275729575871e-03,-9.090537726631282150e-03,-1.996261432423362958e-02,-8.040534369607879248e-03,-1.104378517355049730e-02,-8.788714734516527016e-03,1.137014239573149073e-02,-9.011457429908803496e-03,1.527372299282414971e-03,-4.856499922442271020e-04,-4.782141926156484139e-03,4.661821299861638036e-04,-1.234453239231683881e-03,1.108137732099283057e-04,-4.847883404450627600e-04,4.567553500914187320e-04,5.828605623688827304e-04
4.872747057446928931e-01,8.671706429555734452e-01,4.922831022300497295e-02,-4.917367710310673046e-02,-4.882053054888753352e-02,-5.709618335151477042e-02,6.491386987193911717e-03,3.820384956995821150e-03,4.879225780727271949e-03,9.635299176879613984e-04,-2.806062629623936114e-03,1.983091831426619586e-03,-1.888372819647051191e-05,3.477316023684037956e-04,-2.739514564602069601e-04,-3.509755101567475143e-05,1.530651112468782720e-04,3.202801727994167058e-05,-1.959344988305639640e-05,1.404656844306928032e-04,1.410951536912600937e-04,-6.175436220741331919e-05,-8.250866634037988736e-07,-7.840401899243693644e-06,1.246833232398884506e-05,-3.123979785164948562e-06,1.264661610839181389e-07,-6.708396837245960869e-06,1.038244387964554704e-05,-1.366703509045744924e-05
4.080607590885763690e-06,-5.612425991089859806e-06,4.987738794072626579e-05,3.052744650932621528e-04,6.535493596814618200e-04,8.989470515587331782e-04,1.017394878403738660e-03,-3.352723466868890931e-03,-7.231648366968402089e-03,2.387274012793824587e-03,-2.657336348570797993e-02,3.890254735231549188e-02,2.773543636277020063e-03,-4.841534142635098986e-02,6.450083778708584625e-02,2.355950027374432432e-01,-1.414260925064429741e-01,3.394339498417490719e-01,-1.345666144637066020e-01,-5.026779981054468188e-02,1.582440172684212443e-01,-1.742394075574605905e-01,-9.982453551006471859e-02,-6.899688662702434527e-01,3.878743142218861739e-01,-2.720597996239858540e-01,-2.384167688567223500e-04,-6.048324785551258825e-02,-9.504731908383626249e-02,-3.552699366788347746e-02
3.520915809438696168e-05,5.417616617462683160e-05,2.553794042716982802e-04,3.062328802377988282e-03,2.473911501154784850e-03,1.830763163821113367e-03,-4.805882051689529944e-05,-1.602772213143225169e-02,-5.498161379960123801e-02,-8.161040570091784158e-03,-1.228606371793435487e-01,9.027041869542233588e-02,1.025754301081661934e-01,3.879559426011122691e-02,9.379959150336579510e-02,1.691247777864339774e-01,1.095944956530049558e-01,2.969303583291020843e-01,8.488759966688751157e-02,-6.878390192069445963e-02,8.076066642922806738e-01,-1.299681321709818260e-01,-3.345501975390288707e-02,3.274581235870362983e-01,-1.436186400095633142e-01,3.825052421297325117e-02,-1.192179276045481073e-02,-7.369334887167678684e-03,-6.002148165976017857e-02,-9.214283637961659390e-02
7.036878214922063590e-05,1.122731349996309680e-04,4.511031589714001246e-04,3.272982793505524544e-03,1.645332757098512139e-03,-1.738662852860537377e-03,9.503007398148675218e-04,-1.927020837748169221e-02,-6.572220753875114563e-02,5.959488990052268231e-03,-2.162057105733202478e-01,-6.248067658133064223e-02,-2.347252738022976848e-01,-5.239257263462581554e-02,1.297257752463299718e-01,1.898745521980302886e-01,4.313766223833412905e-01,1.133473101905874136e-01,2.754970329459925926e-01,-6.011495017076887715e-01,-2.546609563694478551e-01,4.669216395382450729e-02,-9.926065144663918927e-02,1.854003647169950864e-01,2.659232535633205829e-01,-1.225701734640012863e-01,5.581954652545159483e-03,-1.269182890463441040e-03,4.971170421480354540e-03,-2.486333731545331549e-02
4.376193075053295755e-05,7.688852843252905742e-05,7.581934022449098216e-05,1.248128583485502360e-03,1.094917891493661817e-03,4.652885713619622538e-04,9.018770181113939068e-05,-8.353714498259629667e-03,-1.683837907623499455e-02,2.854548472233398590e-04,-6.205293616831788345e-02,3.788657286696496540e-02,-4.029289891128611661e-02,-1.752234491707444636e-02,7.431459901709112914e-02,3.227870856992895443e-01,2.870548071228766832e-02,-8.348538514836151281e-02,1.722931654971915083e-01,-2.758472847567768893e-01,-2.386833663928753305e-02,-2.714871105292125924e-03,2.974081005891987539e-01,-4.525237339620231114e-01,-6.217985175366357309e-01,2.941114000353821645e-01,5.120269807476531161e-03,-1.731488146595983393e-02,7.419592235937660062e-03,4.266265223100124820e-02
6.856042478275117377e-06,-2.007223446303072701e-05,1.937948404713220232e-04,1.009268040189758870e-03,1.006168680353728860e-03,7.398196253332300345e-04,7.348124912747027197e-04,-8.583991489238119652e-03,-1.494054796909646300e-02,-1.033030445442807308e-03,-6.493081759376741202e-02,6.638713522294026337e-02,8.426062157088824722e-02,-3.534904845135063978e-01,4.543725151742386559e-02,8.782054185132941171e-02,1.276392031582223863e-01,3.113033146436867127e-01,6.125537984268306646e-01,5.475608089215975305e-01,-1.894741283481749805e-01,-8.888947966670139589e-02,8.946818357721308956e-02,-5.369844380585273719e-03,4.933731270924275603e-02,8.080626892123785043e-02,6.597905504392567906e-03,7.352690905683609106e-03,4.052963150590653367e-03,-9.149136859533255756e-03
-2.927511632912651509e-06,-1.430197522794671481e-05,6.133096280235183953e-05,2.307282478770581846e-04,2.228794442263327665e-04,-4.547911218878316860e-05,5.825623926747969417e-06,-3.363469109605565950e-03,-7.742793721579861385e-03,2.408934557307061014e-04,-1.964498160414226285e-02,1.124816926888978427e-02,1.108109534176610934e-02,4.966005968308948547e-04,9.519368681387403372e-03,4.417685350740773592e-02,3.088280812529790170e-02,1.004447704359240495e-01,-8.535427111796131325e-03,7.738977066182567421e-03,1.374306006321174278e-01,2.207354656542919180e-01,-2.244574479645274068e-02,-4.428642085987007093e-02,1.047910132679817363e-01,5.895971279365382067e-02,-1.121222476269789249e-02,2.710745198930258337e-01,3.972256815490187720e-01,8.186244911990055995e-01
3.147349820117973989e-04,-4.816335851273519813e-04,6.053564904703507416e-03,5.650509023169005517e-03,3.758046648910604633e-03,-3.732641073878717897e-03,-1.638042446629370610e-02,-8.024507832200433732e-02,1.051355483766322346e-01,-1.173496927903268199e-02,-1.271195062299114165e-01,2.127201962327682563e-02,-1.507443948167951631e-01,-6.041282062423999205e-02,9.285094122617788548e-01,-1.635933251300026869e-01,-1.218873369477078833e-01,-1.389338141542709737e-01,-5.796536623506122476e-02,1.015054744154509081e-01,2.100272045965679776e-02,2.737266823153028383e-02,2.014131809666437969e-02,1.659285267310132289e-03,-1.811631334856652134e-03,-2.353147957001247223e-02,2.355146231780202472e-03,5.694911258436169584e-03,1.022063120705389919e-02,2.360806922047346910e-03
-6.341256211285972635e-05,6.764213014011575252e-05,7.207202787458262018e-03,2.469689769805226073e-02,-3.814375889373824297e-02,1.276913573000932993e-02,9.033800988648495178e-02,-5.006423554525171182e-01,2.233138572253446155e-02,8.577601392958936755e-01,-1.923550623637695911e-02,1.398021971867136233e-02,2.106659014131792573e-02,2.255636774367669045e-03,-3.567613177679999914e-02,2.104933954048071685e-03,-1.402817253693157754e-02,-8.224922827660472238e-03,-5.759731610044668349e-04,1.962758870630601244e-03,-2.629161121661539977e-04,6.098075841445591916e-04,-7.453023904955368914e-03,3.269143996272853240e-03,-4.013106930750072292e-03,-4.501575267717364617e-03,9.091140343172934022e-04,6.751551817890862625e-04,1.928496629089361688e-04,-8.348867953731069647e-04
2.227515487506667204e-03,-1.930744819481198908e-03,4.546910676026895415e-02,6.099413293832151722e-02,4.054085182665141673e-02,-1.268023835433884638e-01,-1.327673466051870477e-01,-8.336431701304691799e-01,1.502599759742768437e-01,-4.779888326377506047e-01,1.312613355083263982e-02,-6.062304468787399481e-02,3.772772709908274458e-02,4.769685441409769917e-03,-8.294913900184736066e-02,1.285582806383477224e-02,-2.254626053537856032e-03,1.331970553745141957e-02,5.590392615270548503e-03,-1.402251389946895452e-02,-7.165363527817276111e-03,-6.508754439401177178e-04,-5.551172831157172652e-03,-5.775656136410954470e-04,8.313600625150059306e-04,1.704137600233059536e-03,-5.432813876648273817e-04,3.022809584282624127e-04,-2.194814038746313242e-03,-4.310081774688775697e-04
5.846747561326468001e-02,-7.962669173591578609e-02,9.872225667847899233e-01,1.010628005445649430e-01,4.188756879062150579e-02,2.414629996190477065e-02,2.420746972344891765e-02,4.744869506474976711e-02,1.191703214067019520e-04,1.538326027349763703e-02,8.317439498082165828e-04,9.953990689068826971e-04,-2.921672074591755673e-04,6.540723357850875420e-05,-2.181203412595539379e-03,5.035493502736144208e-04,6.467909884793306748e-04,3.211262457330482504e-04,1.115667397030689070e-04,-1.775744186623159199e-04,1.684828120539107318e-04,-7.067958207157554185e-05,8.834652269207362153e-05,1.831097738172928404e-05,-4.965886934390472280e-05,1.154441022480060702e-04,1.695189500194793981e-06,-1.417414089907912874e-05,2.890200532926615614e-06,2.065860819541652597e-05
-9.244424467923969038e-07,-1.174556808525914252e-06,4.202077998218239213e-05,1.255170417114235323e-06,-6.610190533750660532e-05,-1.290904761419816628e-04,-2.524827308790047239e-04,-1.547992892819183156e-03,-6.712713355290372570e-04,2.103667878499328008e-03,-3.870426066181996676e-03,3.570966420621631780e-03,-4.368015524249191199e-03,1.640409997912921792e-03,1.459464064743721569e-02,2.634908194253941099e-02,-9.137409357228039666e-03,4.922648613048315192e-02,-6.822804808529626952e-02,3.696744525414416907e-03,-6.611248729404527180e-02,-4.685446479636723449e-02,1.483167123031483570e-01,1.319684568132995228e-01,2.703217500745027507e-02,4.347303293921625511e-02,-1.589832871696436611e-02,-4.846709085614394619e-01,-6.719485806181462184e-01,5.065436626922298347e-01
3.761124548681460008e-06,1.959206006746112483e-05,2.078438906228287505e-04,8.689819010964750044e-04,3.428029571067863109e-04,-2.723224041758480897e-04,-7.382896624102316388e-04,-7.956089514977400523e-03,-1.861820920652717398e-02,2.375530885963329005e-03,-4.731201055217482132e-02,-4.020469828093720804e-02,6.874337207085809420e-02,7.043993232110863645e-02,-2.066547458376868322e-03,-3.914063925912019543e-02,2.683232138475595274e-01,4.298682551072838254e-02,-1.820916788867214808e-01,7.877581096039146247e-02,-2.160834804895780600e-03,-5.691178664970478890e-02,7.913118192145153218e-01,4.830466539401897380e-02,2.205988915406864939e-02,-4.510930832443260652e-01,6.350976094972349273e-02,1.729142598417305055e-01,3.454732035987701649e-02,-2.113785975042216034e-02
4.227040070039888707e-06,2.209722874185454774e-05,3.416470155951097749e-04,8.591692056251120030e-04,2.925406066883089531e-04,-9.117373209241813560e-04,-1.055820530057499478e-03,-1.234294344350337497e-02,-2.609402730391162731e-02,7.694937168566538983e-03,-1.173006769930786675e-01,-1.708360485210232982e-01,-1.462222790273477457e-01,-1.049083733315983417e-02,1.601280408413456591e-02,-5.750964674292124990e-02,6.695244890421456763e-01,1.248817884365409636e-01,-4.408146575287369973e-01,2.976582266516782371e-01,-4.360576718311041933e-02,-8.128313461656044847e-02,-2.682649683002312213e-01,-1.560465911289942997e-01,-1.826246233663182672e-01,1.872405601025979860e-01,4.157893152118582319e-02,5.976207411007018050e-02,-7.605785477287885232e-02,-2.837265380476012514e-03
3.125355358874261058e-06,1.478233918040434912e-05,9.801278119950263825e-05,2.340321246095167544e-04,2.247503321680831745e-04,1.621325758012007721e-04,-4.693649388899714665e-04,-3.817915264776079384e-03,-2.464226292495589731e-03,1.909108896499932414e-04,-1.397435384981528597e-02,-1.910984991423373899e-02,-1.272231496848117392e-02,4.409306803379794970e-03,3.308008020896044312e-03,7.366101016903350840e-02,9.622525183364039059e-02,-1.861775517713298855e-02,-8.025742519466293190e-02,7.197960026223006180e-02,1.957232529988514602e-02,-3.552965916495712251e-02,6.640018215555791581e-02,2.382923988590887263e-02,1.564280219942299974e-02,-3.855558230636473016e-02,-1.160892409846053970e-02,-7.897616581689778092e-01,5.831191288291360797e-01,-1.823234668465003802e-02
-2.164724953597365742e-06,6.564469853320344698e-06,1.158693717793271571e-04,1.094058666276173658e-04,7.939645157528391756e-05,-7.348391372566108819e-06,-3.556072397409097675e-04,-5.872567951326432972e-03,-4.037081052368295120e-03,5.322070565718674089e-03,-1.101477404869994139e-02,1.093842363616245698e-02,2.359912276006688459e-02,-9.366937673409148069e-02,-1.875590967084015846e-03,-5.026179946029505491e-02,2.380514126644163106e-02,-5.337954353049929879e-02,-1.343504168350325156e-01,-9.493788349902083923e-02,7.509287399616576542e-02,-1.411736861912989138e-01,3.557770329060905290e-01,-1.384625288986967087e-02,5.053286857429289958e-01,7.309446487061009856e-01,9.116130620423248650e-04,4.568219247137852990e-02,3.740105650667130410e-02,-1.089869992764590373e-01
-2.175934071273557999e-07,3.153263665507146750e-07,3.185123854873399952e-05,7.701595392534655812e-05,3.452616536081517731e-05,-1.990970391410999967e-05,-1.420511781672725198e-04,-1.452159138201571022e-03,-2.060083789070509767e-03,1.683578042508210087e-03,-6.922177330611891874e-03,-4.420189751641880396e-03,2.056868528895293771e-03,6.393404678846618776e-03,4.961552654007562665e-03,4.212767456421340033e-03,5.377746496430403644e-02,2.450768255289090952e-02,-2.753463208942123416e-02,2.754420911823727766e-02,-4.744765038506545789e-03,1.135931251823236732e-01,4.929417833069586058e-02,-2.079434477206319049e-02,3.893574709411155160e-03,-1.056676718794509820e-02,-9.881287395147436703e-01,1.363274422721040026e-02,-1.727736623511114816e-02,-4.503958251236579724e-02
7.098920785842382369e-03,2.103969776296039408e-03,-1.830159128847029873e-02,6.634582936172254974e-02,5.345614548739818783e-02,8.467843707925987173e-02,5.784192569442130234e-03,1.243997126504623324e-01,8.689665559898038794e-01,3.154623137288529999e-02,-3.858925303976781795e-01,1.993277262851735065e-01,-1.446910246150159840e-02,6.017146223383526560e-02,-1.423802519857272075e-01,-1.940075113616236344e-02,1.618939105351048860e-02,9.264176154165925520e-03,1.213453839558058895e-03,-1.859780508517817378e-03,-4.727603760352749873e-03,-6.244042545410584746e-03,-1.299273437789927668e-03,-4.810384621569969120e-03,2.473496555573392354e-03,1.598952401921686960e-03,-2.338182423145718127e-04,-1.685237569962762336e-03,8.455421219734258695e-05,1.025589735167658747e-04
3.417020675756542083e-03,-9.040642893773532390e-03,-3.859930919911002539e-02,5.130525791536962865e-01,-6.233641788125020566e-01,1.181461423635265032e-02,5.765146093689287321e-01,-2.159476862538702371e-02,8.605353497959180448e-03,-1.150214173854400418e-01,1.522384221784525010e-02,-1.308090538732627553e-03,-4.760924940850378220e-03,2.061986035143483637e-03,7.461913640379028156e-03,-7.936441443990641369e-04,3.235360343844156331e-03,9.635451600748930158e-04,6.915593786456353644e-04,4.281820402386757687e-04,7.169276401777530550e-04,-2.498949214718174322e-04,1.114494873434571792e-03,-5.851511181388223013e-04,4.925325507048706553e-04,7.865347974308018126e-04,-9.653276995924455883e-05,-1.582169582996848357e-04,-8.146146510210975082e-05,1.331959033420763950e-04
4.895995533518438664e-02,1.826999999584695555e-02,-8.994249552033957429e-02,6.893153387094710371e-01,5.484562457112023282e-01,-4.432410784017674077e-01,-7.604001496286653039e-04,9.291911177246346687e-02,-4.021628319277226193e-02,6.885202822144141643e-02,3.936708050995124664e-02,-6.782464321488827080e-03,-4.096109936145170619e-03,-4.657754236120559797e-03,1.090574959907568246e-02,1.758023047908605953e-03,1.812702450496999750e-03,6.244193075485374991e-04,-6.793369688662448576e-05,6.135872806135782374e-04,1.786339397311610113e-03,1.019416732074226339e-04,7.404611416536162295e-04,5.120110454586827581e-04,-2.508540707124169407e-04,-5.418820462846435712e-05,8.382722265365230606e-05,1.405557807148161988e-04,1.197151170612138868e-04,-3.722289515731394000e-06
8.692320760952454428e-01,-4.847941764817020882e-01,-8.650928710429496571e-02,-3.438933352072916921e-02,-1.438816766079534411e-02,2.113560190247226397e-02,-4.586490698893344597e-03,-6.436806031004547665e-03,-4.490321323528689325e-03,-2.244651857303635051e-03,1.055580740802183242e-03,-9.786663724699285957e-04,1.984246168891236827e-04,-1.776035366353376753e-04,3.752711773021726103e-04,1.808642213897547767e-05,-1.543025446465987234e-04,-7.650281771617754650e-05,-1.143748878350687113e-06,-2.218788439785888785e-05,-5.434288841210098848e-05,2.612093029742662526e-05,-1.884400486272752123e-05,6.101606101376628282e-06,-4.602625302618674849e-06,-1.180413355493017066e-05,-1.342498465901206529e-06,2.124893430693351967e-07,-3.469264323403349297e-06,-1.126816249146994865e-06
6.664682630250980731e-06,-5.658781500836043362e-05,-1.065512230842938663e-04,6.117395478489643604e-04,5.479457572153499786e-04,-3.178971492900581623e-04,3.383245517671789118e-03,1.065864057268563073e-03,-9.714291880273539723e-03,-1.155679933392458761e-03,-4.874850433235271979e-02,5.447834280864736339e-02,-5.086623500668454798e-03,-5.263642471407205953e-02,7.273266753905791027e-02,3.593996630788919844e-01,-3.363362015276039063e-01,5.276146473961550454e-01,-4.065752426369028116e-01,-1.615840167545979505e-02,-3.693140240933543428e-01,-4.487514632883718435e-02,2.670696831295648818e-02,3.249227958195005650e-01,-1.538652744058333355e-01,9.911465932471555385e-02,-1.282877087335589691e-03,9.331331481222120139e-02,1.021401911997279477e-01,-5.379241251247944555e-02
8.962526729602823046e-05,-3.966826735219561241e-05,-5.009182224918574478e-04,9.420801691918834209e-03,5.408486731109126908e-03,-6.760932785770258635e-03,1.020251892358886928e-02,7.021952881120132293e-03,-1.464143432093127639e-01,-1.500796311514082139e-02,-3.659091601076716604e-01,-4.032359177270439937e-02,8.031322822658593097e-01,3.350050597698685517e-01,1.337499913629762727e-01,-5.044059137421302158e-02,5.798441448339949900e-02,-1.830686237364327965e-02,2.784857581446060007e-02,-5.433074907024921379e-02,-1.845824575245710308e-01,-7.453858055903657409e-02,-1.081554756992721827e-01,-5.082938982322552507e-02,2.057006206743767704e-02,4.837157544241756785e-02,-5.998046547464994278e-03,-1.346724741522838630e-02,1.127960132308652649e-02,1.953003382334106766e-02
1.423292846864170850e-04,2.378452443534023164e-05,-4.828531013790501674e-04,1.016329765685360792e-02,4.295499399218468545e-03,-1.286158613318055637e-02,1.485856439290678815e-02,4.427872804915080999e-03,-1.773991681875473903e-01,-4.202920658031840569e-03,-6.387053263119668589e-01,-5.741029448545010849e-01,-2.580483213962548317e-01,-5.217098236040453724e-02,-1.702720150604292437e-01,-1.277550295483082798e-01,-3.100489812633164255e-01,7.115704690139241801e-04,4.660385455518326059e-02,7.129593048503903019e-02,8.524263576261846553e-02,-1.437687574828095272e-03,6.190131641908211413e-02,-1.811439506501853758e-02,-2.814791709083078880e-02,-4.502060503820179264e-04,-8.721741833416608164e-03,-9.016648574902233829e-03,5.094331296492967884e-03,5.542269437741199900e-03
6.974585940499724375e-05,4.219566283002688646e-05,-2.521888383172647056e-04,2.730249286496835934e-03,2.415292418477482574e-03,-9.163812571302635266e-05,3.530129792035363850e-03,-1.029909791333593564e-03,-2.478735893690030279e-02,-1.076350784239824693e-02,-1.231461120612405563e-01,-2.169720228026237457e-02,9.686426674651806359e-03,-1.583499613199144604e-02,1.537621064525336112e-03,7.371630193515820162e-01,1.996362936081282416e-02,-5.417700618116888522e-01,-8.420313489806295626e-02,2.745140985512524168e-01,3.735778092781538023e-02,1.618034373741606205e-02,-5.988302366677526745e-02,1.187642676586017076e-01,1.723740829046543632e-01,-6.477660412899979847e-02,1.613982723404448890e-03,8.394397514887633194e-02,-5.625424140507938320e-02,-4.295069586804391853e-03
1.468105676862343808e-05,-1.019098216223379309e-04,-3.512045914734508723e-04,2.297679379333946587e-03,2.014768419984360771e-03,-2.054701873403353470e-03,9.094991114304529570e-03,3.525976266567882461e-03,-3.029570923404752147e-02,-1.270020996470585389e-02,-1.364196043690051874e-01,1.002660907612175772e-01,3.038040206459849402e-01,-8.462079022279035412e-01,-6.155994582809784510e-02,-1.104748685494886390e-01,1.527041874867384429e-02,-1.555773160750231754e-01,-2.299362113671360452e-01,-1.959168057057302237e-01,5.432062014984781473e-02,5.456564125772021823e-02,-4.850685027364089880e-02,1.315341705514677315e-02,-8.479272237740005658e-02,-1.181778271184871637e-01,-3.808448663349000597e-03,-1.291506738963328106e-02,-3.781623407333914010e-03,1.709952726427976105e-02
8.405058311446431757e-07,-3.935280989886444337e-05,-2.707422263305032324e-05,8.638735783871434376e-04,5.194015832926263945e-04,-8.284210041907450568e-04,1.196857624949775045e-03,-1.002904442333045834e-03,-1.690744249327196316e-02,-2.784690536439213293e-04,-5.003802551095840739e-02,5.009812595716991133e-03,7.732682484925290645e-02,3.055129693481064418e-02,1.161849389468020896e-02,5.806887817347464870e-02,3.835885091187229284e-02,1.586458879909369013e-01,-4.063656653615627806e-02,7.682644777112460077e-02,7.421426400133190882e-02,9.144376227705820481e-01,7.661186980686009174e-02,-7.950449388211275337e-02,7.840002222064608450e-02,7.553126541970489605e-02,1.301690814226278969e-01,-1.087956009876600988e-01,-1.239738712750884930e-01,-2.065716930526537432e-01
