5.195790858281464607e-03,7.949551356078591105e-03,-1.068092798301589763e-02,-4.239614205442783501e-02,-3.216221579084892895e-02,-1.229406179107347535e-01,4.564690712510933307e-02,-1.381653938449671215e-01,3.793909656520728091e-01,1.539023688926605959e-01,3.855306733021791610e-01,-6.890901567340066425e-01,3.103741018772264160e-01,-7.421265056605694244e-02,1.473959901710788500e-01,1.596260493373559686e-01,4.156851941956601730e-03,-9.484647504509712002e-02,1.074011948358857306e-02,-9.444347449597272071e-02,3.655118266635751928e-02,1.576972335916580759e-02,2.954786477569869285e-02,1.773927060191448626e-03,1.182039683957373339e-03,2.810639374690668008e-03,-2.975052959383906251e-03,-4.723903303624158042e-04,-4.930212503746417768e-05,-7.798606992555757013e-04
1.966209613103602621e-03,-5.553755348757741066e-03,1.126524403454532428e-03,-3.124283266516146851e-01,4.766689199593712734e-01,-2.341354638133127941e-01,-7.796718117752607924e-01,-9.056237029090503932e-02,4.144833233636152636e-03,5.646987449318156133e-02,-3.016585913367070271e-02,3.173453758424393291e-03,2.247820509548731967e-03,-1.702735341810316955e-03,-8.849258584340522621e-03,3.507328821039706369e-03,1.624195315309862791e-03,1.209055123231110541e-03,-7.925406788542317237e-04,1.147639526177093169e-05,2.749328430859133412e-04,-1.027055750083069873e-04,1.416999542240447913e-04,3.819748142314323988e-05,-1.032147951895163031e-05,4.248486068436124383e-04,-2.180302960365171499e-05,-9.149507431436893943e-05,3.258314401965746714e-04,-6.629259359197394678e-04
3.575219733531048716e-02,5.411798633543991877e-02,-5.886499150104635564e-02,-3.896894941992702366e-01,-2.784128404823789649e-01,-8.227585263714024544e-01,2.132568785320600180e-01,1.169059750633120176e-01,-1.196646336537688232e-01,-6.944720304012928780e-02,1.066491290387381122e-02,7.375582150311073282e-02,-3.217251375512649586e-02,5.361413956122494315e-03,-1.242559526590463793e-02,-2.126209681622319436e-02,4.051839298329607333e-03,1.684292466128950103e-02,-5.006607885412381158e-03,1.048951864644791579e-02,-6.360974180143274571e-03,-4.501319427371855073e-03,-3.743492441095680554e-03,-1.447529995325533498e-03,-1.513229950810806440e-04,4.702737395258809507e-05,5.843141270369274758e-04,3.341696385412694934e-04,4.632600150457047601e-04,-1.342050153582290454e-04
5.287408488192829603e-01,8.411957807827572520e-01,-8.447203202276759582e-02,3.883345441718252106e-02,4.089726912610615328e-02,4.879526830060099130e-02,-9.313334537868089846e-03,-3.923063801506159257e-03,2.695096797490192063e-03,9.034519634829044554e-04,-3.549897059069995631e-03,1.527657108965390503e-03,-4.443060813032598038e-04,3.077632874435117698e-04,-2.450263269656057083e-04,-1.823691846881988316e-04,-1.668814651485583055e-04,-9.499797445094389822e-05,1.306878879426196503e-04,2.159477483326151107e-04,6.838621961804123347e-05,9.790702228662870191e-05,-1.728697289897288127e-05,3.507701555996706850e-05,-1.716208733325571298e-06,-2.378035937731740412e-05,-4.724339780479759157e-06,-1.414606464092968856e-05,-2.151418966175660738e-05,3.802965230712879155e-06
3.129391139411038191e-06,-1.185889890022837184e-05,7.590742492685390681e-05,-2.761033227748326685e-04,-4.684272908350566055e-04,-7.029857952796576045e-05,1.306440414564268406e-03,3.413374610366293801e-03,-1.257701641558237916e-02,-5.566237884718807684e-03,-2.955565880486003827e-02,5.517087876132182461e-02,9.667266325885387132e-03,-3.887028036828225203e-02,4.244180535102293206e-02,2.792980853980110423e-01,2.152758171333449821e-01,-2.320620473895190494e-01,-2.019634877422441799e-01,5.026492537648676734e-02,3.692728314322862859e-02,1.613818910167949816e-01,-7.024777666052798297e-01,-2.440306800580889501e-01,1.110640350333741595e-02,-8.364160606700368761e-02,-3.986875548796381397e-02,9.339316510168146901e-02,-3.819490479440784680e-01,-1.649380821319615109e-01
4.082037571977558933e-05,-1.875763653541087097e-05,2.232725517747406166e-04,-3.128336382057334778e-03,-2.255243776363387732e-03,-1.519896750697569609e-03,-1.039941609935331147e-03,2.554566540197485483e-02,-6.596193773405149841e-02,-3.044316249090338669e-02,-1.070347103849459414e-01,1.051515493353222253e-01,8.264388687138490841e-02,4.550897208433915542e-02,1.039251407531678884e-01,2.527926707500151027e-01,-1.020689767081103677e-01,-3.570462678162116266e-01,9.904155132222801708e-03,5.181626547992614074e-02,6.712093571670685321e-01,4.236897276498485798e-01,2.819672771170674830e-01,1.314394133722326385e-01,6.466651773817043772e-03,-4.233534489182821242e-02,-1.183513046945584291e-01,2.179077619654673850e-02,5.974554179459726222e-02,-2.338661797710532911e-02
8.030594840331373933e-05,8.374406892010757993e-05,2.675950112451916559e-04,-3.344498766662840853e-03,-1.593682433951965202e-03,-5.557139728095710678e-04,-1.354659546907417819e-03,2.656264464759516136e-02,-8.626234813664518386e-02,-3.571779119607116498e-02,-1.680714498697330750e-01,-5.162821593587761659e-02,-1.958061977427508205e-01,-1.331716426105384043e-01,6.382075269353289226e-02,1.393480738231423210e-01,-3.263308105588251240e-01,-4.230996529374765336e-01,2.052420104765832753e-01,-5.771415265579901144e-01,-2.488049591783741132e-01,-1.000093888938082265e-01,1.902136976339467433e-01,-2.042735475045624194e-01,-6.574868007780574133e-03,-7.624685174771537706e-04,-1.412336985420924174e-02,-2.553653760378776089e-02,-2.595419164529351175e-01,-3.589494734172628265e-02
4.783977010567644057e-05,4.331705703607884126e-05,5.278770075004810453e-05,-1.301090540528870984e-03,-9.457632980583985643e-04,-6.781123265058939110e-05,4.561141241205454700e-05,1.065568438963190694e-02,-2.537247870082658119e-02,-1.207427274691630706e-02,-4.948122938270691634e-02,4.952381518530436094e-02,-4.249206435735788240e-02,-6.330870951520431444e-02,7.511894188986825704e-02,3.033031175024107351e-01,-8.985553148271130386e-02,-1.378832224336078334e-02,1.540787065890723284e-01,-2.993967364670881426e-01,-9.326828312762892870e-02,2.228003430353124245e-02,-4.544746886881941283e-01,4.597400561762803317e-01,5.925212353510006004e-03,2.036927474555046309e-03,1.245432164222529461e-02,-1.858590303151226586e-02,5.743142361915101191e-01,1.078013547988372345e-01
4.503734616448976555e-06,-2.910435608576588233e-05,1.756372370194685313e-04,-1.067485142865623373e-03,-8.376924795875186937e-04,1.016682636957491452e-04,-8.745143145646237619e-04,1.431948627263516204e-02,-1.940822962675651034e-02,-1.702539030820045957e-02,-4.531923524665668751e-02,5.961821041202816640e-02,1.326114121603353957e-01,-3.203262398434603142e-01,5.185010413262221285e-02,1.106426171189227453e-01,2.256959492617865159e-01,-2.531663457735474632e-01,6.767875307099605608e-01,4.796001704652154696e-01,-1.974329120639490287e-01,-2.972330741531496387e-02,3.458720156714514132e-02,7.624776907913619929e-03,3.500839965608244352e-03,3.723645470818521402e-02,1.270986907382458744e-02,-2.243847826782464377e-05,-3.376303188137741440e-02,1.071690642681856764e-01
-2.811416879622508037e-06,-1.325542605441407717e-05,5.980359761349071331e-05,-1.896784810720239414e-04,-1.959607576568380533e-04,5.420903749234418567e-05,-1.319810672967570704e-04,4.193253254123345715e-03,-9.741542767682614262e-03,-5.235126911659840170e-03,-1.758892568684664384e-02,1.621293661810055409e-02,1.065132382717142931e-02,5.189463567740472752e-03,8.421553842204372239e-03,5.261755615403907599e-02,-7.647894619829478241e-03,-1.095079297155181208e-01,-3.286444969728995885e-02,1.192803305190701275e-02,2.097299783529708028e-01,-1.568805398456096789e-01,-3.419807843508568257e-02,-3.195152974105994886e-02,-5.492636567562448474e-02,1.012791108826182340e-01,9.356792671830876928e-01,-1.463163208299847751e-01,-1.412316936845083200e-02,4.322597863126419887e-02
2.968436343071576109e-04,2.906034461142532953e-04,6.336763701426770430e-03,-3.377561037384729705e-03,-2.150110067876900930e-03,7.061995074895511615e-04,-1.622258892087471635e-02,6.003829802694578971e-02,8.530160254937445286e-02,-3.554816148366594930e-02,-8.650210294821072954e-02,9.713516388413999392e-02,-1.007594358040058147e-01,-1.622241959149148816e-01,9.340356942991225875e-01,-1.462738805164338907e-01,7.499890505161720122e-02,1.575413879422383201e-01,-6.428870001370785847e-02,-1.678688602895807985e-02,3.106379006093538953e-02,-3.222565829861533115e-02,1.627508484325346574e-02,-5.556756653229690673e-02,-4.967137634282831928e-03,2.699076721242640604e-03,1.862635261676176459e-03,-1.749832225653214423e-03,4.791313274403623257e-03,-7.287866121822720797e-03
-7.075627888110909490e-05,4.524991483733425079e-04,4.850532207767025220e-03,-2.051053017309759779e-02,4.075524729958084763e-02,-5.844644802851849640e-03,3.639839139590438089e-02,5.612122595348070231e-01,1.646684269739511486e-01,7.698846279125322045e-01,-2.431737826770668798e-01,9.716380108450623637e-03,8.808723929415084031e-03,4.244800621458146191e-04,-4.636621889802453739e-02,2.862528919532858311e-03,7.581477367779074217e-03,1.250167801991247316e-02,-9.228315356863864586e-04,1.497596501810480665e-03,1.916073142634046843e-03,-3.948801591909178809e-05,1.480653112532798578e-03,-3.569361148243717710e-03,-2.644745099771025963e-04,1.972438390234398150e-03,-1.563580814794097496e-04,-5.401268834466873723e-04,4.153942409171940131e-03,-4.202739384383584464e-03
2.163419526551964116e-03,3.544212433674497065e-03,4.743349185381883631e-02,-4.842056881830159726e-02,-2.896646399309299805e-02,9.884648836190958188e-02,-1.582196864166736383e-01,7.490343053618647717e-01,2.506556103592819107e-01,-5.531035394741649069e-01,1.314570903046839434e-01,-7.829766915002882299e-02,3.728934982580005275e-02,1.890124126011842251e-02,-6.382956757377648838e-02,1.565348115378384711e-02,7.423732410019937000e-03,-1.348672402678010446e-02,-1.708828851509518404e-03,-1.397784079192141565e-02,-3.866767825656323813e-03,9.401082087933977649e-04,-5.470789197103885721e-04,1.667929367581130968e-03,1.009788885787787265e-03,9.115104784439854177e-04,-9.289622775782512649e-04,1.700402193437952885e-03,3.489017807725878985e-04,-1.590459194223981746e-03
5.135081370905530268e-02,7.305744844490369427e-02,9.918857879554505708e-01,-6.410563534463539770e-02,-2.666000989692950823e-02,-2.417959349761623217e-02,2.402594052584733700e-02,-3.980468528372072684e-02,-1.048610472664264145e-02,2.214328318760173248e-02,-3.334847636687715295e-03,1.421223628431135793e-03,-6.295624492004116366e-04,2.174990547753482441e-05,-2.598937359570742921e-03,3.352069208916830614e-04,-6.147114974526618437e-04,-1.790675633714448303e-04,3.998060891962550915e-04,5.872574600760697896e-04,2.168968414665219750e-05,1.059989740186642642e-04,-4.843601328919528717e-05,2.443556184609656278e-04,-1.236195768002685114e-05,-4.850056568127775289e-05,3.467493954319431001e-05,-5.585675983133822441e-05,5.692589737076982451e-06,5.715420310483351106e-05
-7.634816645591980815e-07,3.592187392966221597e-06,3.803345923874252676e-05,1.136669471252304224e-05,6.131021812687056385e-05,-5.054117634116963561e-05,-3.839997247729353465e-04,1.654380861346345377e-03,-8.541570874827907880e-04,1.686469162360909558e-03,-4.538236978748968337e-03,1.835943878523655119e-03,-3.563651136355826081e-03,1.166299566112720485e-03,1.464206044703386667e-02,3.133498008483606018e-02,-5.869548276259176599e-03,-3.733613525342800721e-02,-6.408357063379879759e-02,2.414686920722599467e-02,-1.046378149505687860e-01,-3.079214151076248296e-02,1.197670709352069568e-01,5.986985489301100555e-02,7.282424689522462580e-02,-5.592755763787334855e-01,1.955604951056294782e-01,7.680156299216923665e-01,3.858461885867759539e-02,1.230528939099106711e-01
5.715744289614094871e-06,8.634893225126097368e-06,1.227406272452709487e-04,-1.038862309488781596e-03,-3.817139889552645187e-04,-8.299650905426831596e-04,-1.913525219797828714e-03,1.233050633465120755e-02,-1.753607543385194562e-02,-5.067843846000567171e-03,-4.204551525780082094e-02,-4.616929727475557049e-02,5.700465724063123740e-02,5.888289838158992234e-02,9.149762589401901069e-02,-6.486805968405998102e-02,-3.517276413788529288e-01,-1.104885237644449569e-01,-1.012406929881254636e-01,2.554623834548098160e-01,-1.614290631291199485e-01,-9.809460109816722784e-02,-2.662578072159320700e-02,6.535567917473509292e-01,-1.209422990695991629e-01,6.754483635275147779e-02,2.436979465131512007e-02,3.865789597798491989e-02,-3.566303325560754023e-01,-3.910145975836802346e-01
8.380297098463267201e-06,3.959265190171829950e-05,1.537040671684817726e-04,-1.128309708869610880e-03,-3.035884906955734559e-04,-1.095004211569337469e-03,-2.658604791966764479e-03,1.490080057860301843e-02,-3.005045898025449774e-02,-1.496311288717872522e-02,-7.268196773240225006e-02,-1.558862341327235390e-01,-8.983217505379657852e-02,-3.140704129499032743e-02,4.829566703966541724e-02,-8.403678105257963993e-02,-5.726147746912804148e-01,-2.412453757507086738e-01,-2.284072975318074405e-01,4.396996500651882966e-01,-1.270357764667142952e-01,4.884741338885214418e-02,-1.422782505855960111e-01,-3.445940284895671057e-01,4.181148657387090059e-03,1.339341047805155671e-01,-2.882802781063660905e-02,4.968105270732149636e-02,3.422372808501870090e-01,1.520555407870783637e-01
3.292177485529379464e-06,1.161196295143419409e-05,3.553974176860117263e-05,-2.760558700658235186e-04,-1.806903470545339892e-04,-3.779544596286280251e-04,-8.834719598822221402e-04,4.992696773029308560e-03,-2.133784570938109838e-03,-2.073754576563906129e-03,-7.775575347166240915e-03,-1.701771322591869376e-02,-5.203706533609747317e-03,-2.462433259046604896e-03,1.840182197293968938e-02,6.868158141114036330e-02,-1.160960349645285133e-01,2.439605893717742072e-02,-3.474704180371270684e-02,1.234250141800847939e-01,-6.749532350351530874e-02,-6.418712657823604645e-03,7.970141442221903225e-03,-4.152261192397832881e-03,-6.452288599166373928e-02,-7.805327584876351477e-01,-3.419677002980153757e-03,-5.869889842372437716e-01,-6.108204840529471435e-03,3.652946726386880477e-02
-5.065454151837772815e-07,1.653181316779899079e-05,1.319724213671534931e-04,-1.996723685960137594e-04,-7.430451161016509288e-05,-1.976781662239221121e-05,-1.020595661520122760e-03,6.160710312624567524e-03,-2.581959560287302655e-03,7.659269932080046625e-04,-1.063128079113284663e-02,6.745282737059564437e-03,4.592864653303349587e-02,-8.095798076839937074e-02,1.384027585354716868e-03,-6.207362163700262669e-02,-7.389390102778382874e-02,5.577732015689713593e-03,-1.428500316115743907e-01,-2.885754679688566637e-02,5.518607830567222663e-03,8.882074662507435936e-02,-7.507377697282376083e-02,2.506649525723859684e-01,-8.755145776882813924e-03,8.756315636747555309e-02,-4.542728299772938461e-02,-5.273398113910276325e-02,-3.859051007995592530e-01,8.500861032149111818e-01
-5.355501292163280914e-08,1.178419479130258053e-06,2.274563635617403703e-05,-7.252535717690240845e-05,-2.972556632601145747e-05,-2.059255317976394308e-04,-2.407415828706308480e-04,1.756679859665530741e-03,-2.096903887310931549e-03,-1.911221521330671615e-04,-5.651282668156467313e-03,-3.186427611709163714e-03,2.528811334969671525e-03,8.798406493595938363e-03,1.440407618045628363e-02,-3.531982613854221711e-03,-4.997085315664626798e-02,-3.048944702068855095e-02,-1.627041439326322447e-02,3.757854720741792692e-02,3.370057183465735573e-02,-1.155218817113334573e-01,-1.214711132639149059e-02,7.520372407991680885e-02,9.803284883240163117e-01,8.068452694904990801e-04,1.334520085100875803e-02,-9.621116523797332287e-02,-5.063176454376852598e-02,-3.487000830617066616e-02
7.165138591472042066e-03,-1.765233313428094626e-03,-1.003297181637424068e-02,-6.728409693279735482e-02,-4.490193968945822844e-02,-6.420609974711173618e-02,6.269480801280191695e-02,-2.616336879656618875e-01,8.038207951304537913e-01,-1.335536151982533171e-01,-4.489567980306500283e-01,1.704980499779597258e-01,-6.954402690765362771e-02,4.336050865100633117e-02,-1.162698397564030928e-01,-2.090501324467126595e-02,-2.325223267373627972e-02,-1.689824449339064755e-02,1.661729750072984957e-02,1.528922862974351100e-02,-3.236190445577824103e-03,9.703846426757149063e-03,-5.588985968901977186e-03,6.760744572333690812e-03,1.195784141015577309e-04,-2.041373844224613366e-03,8.568240756354291885e-04,-2.602505487476952433e-04,-1.745031237917636299e-03,1.465569928320123146e-03
2.816727431212493436e-03,-1.683320701599221036e-02,-1.750059448603848850e-02,-4.674305771811617660e-01,6.738903613813921334e-01,1.479274105299447917e-01,5.438438747104973325e-01,3.145759262364775100e-02,-1.259554185187710534e-02,-8.003081599841227467e-02,3.844988992926359761e-02,-1.717725492669480757e-03,-1.802848807330507909e-03,8.293212205041838652e-04,9.251893921434705195e-03,-1.908625489817722355e-03,-1.598478075680791026e-03,-1.564811421356886167e-03,7.148527654557004308e-04,-4.354498347918107080e-05,4.312378010762377655e-05,1.408769652031299161e-04,-2.921531984883915414e-04,5.049669006382760515e-05,2.162204541983375777e-05,-4.037570838585097938e-04,4.126146880074658491e-05,8.447002198876207119e-05,-4.782760267543261033e-04,6.972545834794064085e-04
4.948039655384670055e-02,-8.257892962256560207e-03,-5.217470990983433254e-02,-7.178728365356580321e-01,-4.826650580231910403e-01,4.623776678641258742e-01,-1.320796855851017748e-01,-7.578687204308350023e-02,-4.051940369501307038e-02,8.635831275436957333e-02,1.721019669601385124e-02,-1.552358352362510040e-03,-3.916796429597729952e-03,-2.953197422217590171e-03,6.848721081496898094e-03,2.483065185652567658e-04,-9.923686654163530504e-05,-1.031172667304391987e-03,-1.863755436058441397e-04,1.087562728273398002e-03,8.439018906561473413e-04,-4.704783673619094241e-04,1.451073239949435636e-04,-3.174985399804069748e-05,-8.153230486733611991e-05,-8.882951932670479124e-06,5.266124417380212150e-06,-1.508767947115107746e-04,-1.130113355637185011e-04,1.722171027318703820e-04
8.449702455282697144e-01,-5.325990374865293697e-01,-1.791474459701311020e-03,4.136616915679606349e-02,1.337635269344892436e-02,-2.023226722643513276e-02,2.679860995713820911e-03,5.637643759496322078e-03,-3.305629065780012112e-03,-2.165236830788282857e-03,2.214377602739461652e-03,-9.903716607352617326e-04,4.980224687120273983e-04,-1.485042437688908015e-04,3.183631622692243172e-04,1.046812445332522451e-04,1.305961347763990471e-04,1.201027603333958225e-04,-9.503476336182314639e-05,-1.313367884002350884e-04,-2.391678782933995251e-05,-3.729569123576783777e-05,2.045297120615279250e-05,-3.415437115336050587e-05,2.409402684041314625e-06,1.255515068648870384e-05,-5.834507799498825135e-06,7.973225348936413770e-06,1.079476492605760290e-05,-1.266741332769057644e-05
5.153139756023949493e-06,-7.321470096419739279e-05,5.436324693003640172e-06,-6.064789324561189673e-04,-2.934324969548232588e-04,1.805231367569176725e-03,3.631798105293685113e-03,-1.630558359598034560e-03,-1.681169312254254464e-02,-1.486702828178732699e-02,-5.784883960274073839e-02,7.100543919501182966e-02,-8.198020111875867818e-04,-2.909196403403193146e-02,3.319542026864818335e-02,4.175305591638070468e-01,3.806530510889574170e-01,-2.539676528540073530e-01,-5.246735325727810428e-01,1.033253391667517951e-01,-3.607179685090897703e-01,-1.056136133296482482e-01,3.463733440356852045e-01,8.729670623098871596e-02,-3.463467257311179763e-03,1.264908460929196343e-01,-2.359371693543690571e-02,-1.041988906123322428e-01,1.466906307785265096e-01,4.052156867846248844e-02
1.079809532082355079e-04,-3.562096826021915854e-04,-2.578114332209364892e-04,-1.007983929917139442e-02,-5.149341432314439443e-03,7.024341968059560383e-03,3.742172431800568164e-03,1.143716282453263559e-02,-1.660577353223940122e-01,-9.486277583732104224e-02,-3.873373817947051712e-01,-3.612087616378548138e-02,7.185101278989750595e-01,4.639153928840491492e-01,1.333840359439285861e-01,-3.992814017445257130e-02,-5.522791775161352626e-03,6.285796170310939575e-03,6.192455558839344426e-02,-9.368544999056695188e-02,-1.747817396629344211e-01,2.853592122986475452e-02,-2.860257492322706985e-02,-1.110865237684886403e-01,1.287821860683125742e-02,7.051463613280600784e-03,2.099731377970876292e-02,-1.182207163202673474e-02,2.923914407077223693e-02,4.532696389476487814e-02
1.631864210502547536e-04,-1.878890919841624775e-04,-5.453201225772119068e-04,-1.094092308790015240e-02,-4.213516011391707505e-03,6.916539546139766417e-03,6.348248203302883121e-03,1.718961747634487405e-02,-2.248673908647966235e-01,-1.413488220561336661e-01,-5.705688327412680172e-01,-6.358136073167797164e-01,-2.745661494256693147e-01,-1.224269346195379360e-01,-6.887222094333175781e-02,-9.091336598846717909e-02,2.452902939340056709e-01,8.836408855043614841e-02,-2.136825073256171451e-02,4.757344610007636920e-02,1.084309414537570349e-01,4.134028256396425627e-02,-2.057092953515193834e-02,1.008978651437155288e-01,2.591566989484578483e-03,-2.358742041186969590e-02,6.556135552171318479e-03,-6.397482115230246185e-06,8.749457181491200955e-03,-1.716450939070560816e-02
7.452490404896355901e-05,-4.186170956568311774e-05,-2.452562078689116565e-04,-3.029151141026751367e-03,-2.046478801457360993e-03,2.648465888385860122e-03,2.945330522180237762e-03,4.931418882870416444e-03,-3.624739618875888469e-02,-3.833404776473287034e-02,-1.067747690408469979e-01,-2.053404613211368482e-02,-1.568555329725780656e-03,-5.163862670120732135e-02,9.424064889656080801e-03,6.745429012586925399e-01,-2.892436666381111854e-01,5.921587061628671433e-01,7.640385393854233487e-02,1.229905864709908841e-01,2.878884740508716109e-02,-5.682794712557470013e-02,1.005384804661322712e-01,-1.310401952726588382e-01,3.646792553187494772e-03,8.933903242950909374e-02,9.651669926965165958e-03,6.724166316563946755e-02,-1.683372757924240515e-01,3.485512965209378641e-03
1.766572575229850663e-05,-1.886342973287274450e-04,-1.161254006457776796e-04,-3.179954740165492726e-03,-1.801529998068307102e-03,6.608170361753623601e-03,4.495633921733893819e-03,-3.390319406224216411e-04,-4.459902409231829290e-02,-4.880627610162844437e-02,-1.305490398955026221e-01,1.186346272100035487e-01,4.602762277029036064e-01,-7.683082332734112452e-01,-1.595062983819800773e-01,-1.413815079781395867e-01,-9.717179461512784333e-02,9.385948592759582598e-02,-2.355821450243770765e-01,-1.301284286709076810e-01,7.086139216149482667e-02,-1.032170527154539601e-02,6.984736097238486430e-03,-1.402184256787079517e-02,2.537214765937940552e-03,-2.781372266263783255e-02,-1.440379211132341523e-04,6.124166081365467647e-03,5.611097456848016668e-02,-1.297224461496146453e-01
1.709779910341576511e-06,-5.634449017242313296e-05,1.518408739679988078e-05,-7.604666851675452111e-04,-4.156411760741355373e-04,6.672956487580596844e-04,8.320760236817851098e-04,2.537340795010749415e-03,-2.074214056339499998e-02,-1.388255778126779201e-02,-5.517588329576405409e-02,6.809026196459643833e-03,6.638833173969202472e-02,5.317584742936908027e-02,5.047241660525318523e-03,6.007959570876056365e-02,9.427842675235135680e-03,-1.532423343805190408e-01,-1.604427349889027410e-02,4.147107434480024057e-02,3.937409753185779904e-01,-8.401196149606215968e-01,-9.068335658792384124e-02,-1.922593419128302769e-02,-1.061326426274331186e-01,-4.459127922662133731e-02,-2.555804524959195412e-01,4.929380742708315555e-02,2.652807726344270922e-02,9.340744303591713704e-02
