5.118759952502881759e-03,1.075919774035470448e-02,-5.366770825860178729e-03,-3.830133062561189017e-02,-3.596700538760247423e-02,-1.284109897813849321e-01,3.103102597765196227e-03,-1.993388218325437833e-01,3.410054195965778190e-01,1.229684363961602023e-01,3.631900211181037230e-01,-7.602595382754151476e-01,-2.032228714910747636e-01,-1.107516052863319611e-01,-1.243440049344082671e-01,9.210383052838458373e-02,-7.813516415748389399e-02,7.063711569908516508e-02,-6.884286250733594181e-02,2.648442310829917171e-02,-6.027110744359842620e-02,2.038517814606476478e-02,2.276687809187916481e-02,-2.878482122340721150e-02,-7.607352341599868568e-03,2.521377006596502959e-04,-7.258195842947351515e-04,-3.228835800328067052e-03,3.495559808252164929e-03,2.124899019997546559e-03
2.230767023294728812e-03,-3.475787413323050412e-03,-3.814281436454953003e-03,-3.262543210542686034e-01,4.756833873136358526e-01,-1.013735948353266109e-01,-8.066375001357601882e-01,1.625890402052998854e-02,9.872890542646678078e-03,6.837950211376685183e-02,-3.420730731041657369e-02,3.851745980633231037e-03,-3.611506664793551376e-03,-5.938467091149832698e-03,4.195376741836945832e-03,3.321543380783481287e-03,3.063620049680207402e-03,-2.739526722295899139e-04,-2.033315873009618592e-04,4.585137348958839669e-04,1.892218738514168691e-04,-5.129156345604373628e-04,5.098795859741003800e-04,1.961391059134032515e-04,8.688903434630744797e-04,-7.333559786310365472e-04,-4.280335782708127580e-05,-1.622165154634780740e-04,1.486991174829024149e-04,1.071128262884210407e-04
3.525831423303438933e-02,7.394733450987374390e-02,-5.966778150286284124e-03,-3.616338370373994859e-01,-2.990869036985656093e-01,-8.490120995528815939e-01,7.328847727861967365e-02,1.613837942707804507e-01,-1.002955811406688186e-01,-5.175337675008498395e-02,2.307613484200590065e-02,7.789914349477389255e-02,2.133009292574877466e-02,1.002491079908472520e-02,6.872350803460229932e-03,-1.710999536802721571e-02,1.525019186556989849e-02,-9.701076713916073277e-03,8.303421967122356223e-03,-4.386798608698704201e-03,9.599245011692594115e-03,-4.394762922087255483e-03,-2.485226440683954707e-03,3.764722613324393737e-03,1.540842679187906820e-03,-2.199190841190769448e-04,1.124543084945238625e-04,5.891164339604617380e-04,-1.082907259298892746e-04,-4.810077580472956003e-04
5.164736100325977297e-01,8.514235941363859084e-01,1.303734146091754115e-02,4.861433919101110918e-02,5.169544459920984159e-02,5.497743041631474731e-02,1.643137769357813378e-03,-8.645746552084148523e-03,1.498440358235787143e-03,-1.687621749217598107e-04,-4.603357402661852407e-03,1.750507322716709146e-03,3.224942571840969823e-04,4.300541313661344141e-04,5.369406246409292238e-04,1.408964414470132223e-04,-6.597326328031459617e-05,-1.953195507423107632e-05,1.374697542834936643e-04,3.090402484188173321e-05,-4.411042472098948043e-05,7.256543767297360858e-05,-3.369446876065360454e-05,3.725694493257695881e-05,-2.710322839038355837e-05,-1.060115766822736355e-05,-6.346110584838855864e-07,-3.427970653867935387e-06,-1.663939327755531179e-05,3.788946743963486102e-06
5.010181810958676749e-06,-1.926710021462005001e-05,9.618496016692779029e-05,-4.045984019768324538e-04,-4.942707766847844082e-04,-1.264085456652710732e-03,1.810910632243091858e-03,5.119460619575001703e-03,-7.751357775600934558e-03,-3.072036158104368350e-03,-2.405371629537980671e-02,3.319112404644881942e-02,4.263525273753362640e-03,-2.620478767274967216e-02,-9.231593043284289091e-02,2.006403484930909531e-01,1.568057276065840111e-01,3.079532851746462629e-01,-8.587191896503217070e-02,2.082024591911635081e-01,-1.118045333204969183e-01,1.607122188073341340e-01,-5.470290162558254510e-01,4.885007528953155820e-01,-2.338890521003783030e-01,-3.608676004943953686e-01,2.394439845048993570e-02,1.042323132599676655e-01,-2.790988484300956432e-02,7.239472193099948105e-02
4.343519812890320354e-05,2.688788054086997041e-05,6.266974510675616186e-04,-3.239132301751115016e-03,-1.924689860913034699e-03,-2.296942816672591266e-03,1.974531422743081716e-03,3.235238778427522444e-02,-5.701634968027666922e-02,-2.973344777680944281e-02,-1.118157404281722445e-01,7.919001765254921055e-02,-8.084172447368079273e-02,4.807458517237242490e-02,-9.608892818971309646e-02,1.454447508384353327e-01,-2.228972262523641057e-01,1.099538270808974733e-01,3.549944465962216744e-02,2.278208302832571142e-01,-7.635756479631135019e-01,3.603525360538350486e-01,1.874698561112715378e-01,-2.363139881146325005e-01,-1.737445803369264781e-03,5.228162847870918006e-02,-4.459172888070578843e-03,-1.849502811688934559e-02,-3.554522737051431236e-02,1.166132920786772526e-01
8.177579815630556996e-05,6.601117024056902616e-05,6.992754397630058117e-04,-3.622021824737909484e-03,-1.563134343808402849e-03,-2.155777805981657497e-03,2.719223395772743784e-03,3.322651435496023348e-02,-6.686536826416136781e-02,-3.517652630437772404e-02,-1.654767178182031395e-01,2.520469657285361129e-04,1.958250139189275096e-01,-1.343014799241168122e-01,-1.733078341264100153e-01,1.687817461505233263e-01,-5.764512069732740107e-01,1.369671508255461689e-01,-5.462296120679421829e-01,-7.809712671221384628e-02,2.010651649312731881e-01,-4.596237979466846063e-02,2.996290903817545592e-01,1.342725157857946050e-01,-1.586800229244657856e-01,-1.381414290053865346e-01,-8.155146280371860981e-04,-1.747211416354964644e-02,-8.996581930988525877e-03,1.876290102158374024e-02
4.900289491954260126e-05,5.727911657877762873e-05,3.451735610697610149e-04,-1.277922732472641480e-03,-7.289640350727731588e-04,-1.614588253205653844e-03,1.702983297517507086e-03,1.192823622280202167e-02,-1.941513289116346061e-02,-1.157090588455489399e-02,-5.432718882119322995e-02,3.958832323124123614e-02,4.425523836200124378e-02,-5.308364301421682196e-02,-1.423283752295910476e-01,3.161103533166877977e-01,-1.336167527082860740e-01,3.820773796731651711e-02,-2.406387010663219861e-01,-1.855092353367782942e-01,9.950448472086925733e-03,-4.992372084488205797e-02,-6.131665659100185017e-01,-3.498922656072984694e-01,4.009221875147822578e-01,3.068880678862550004e-01,-7.784787352767066036e-03,-1.063359064085741233e-02,2.654854208821093558e-03,-4.623984719879025568e-02
9.296551002150788795e-06,-9.261588750891531436e-06,3.640933469522350746e-04,-1.203988502877806257e-03,-4.824647064316325861e-04,-1.065863918923294455e-03,2.178395482843051203e-03,8.720013495504490286e-03,-1.458207589255327424e-02,-1.976243018535523213e-02,-4.576165850547342373e-02,7.352975477171409813e-02,-1.516717026808525048e-01,-2.782669758047380815e-01,-4.467975487911982763e-02,8.279280677710333658e-02,-2.852285805876980662e-01,5.829423740893551198e-01,6.129603549088060710e-01,-2.073016162510805671e-01,1.547552810293738867e-01,-7.094486265180201257e-02,2.199325028593299147e-02,-1.856585021043569844e-02,-6.074898639604794232e-02,9.276846238238990738e-02,3.825574052255349342e-03,-1.015738877080534473e-02,1.974564663897967337e-02,6.178547822391844239e-03
-2.195949889752178003e-06,-1.579302785670254995e-05,9.528782868746455326e-05,-2.046492403303894583e-04,-9.249132045188310691e-05,-1.416034396068070040e-04,2.949422385400502574e-04,5.711036259319145214e-03,-7.733887400583774538e-03,-4.627258260838877819e-03,-1.678575590093883685e-02,1.193690366409523758e-02,-4.281248378134637836e-03,7.036153382215718129e-03,-1.288857566044360366e-02,3.492003540271796519e-02,-3.310459293074331788e-02,4.273386781016469405e-02,-9.472510217403476689e-04,1.176532334422373260e-01,-1.708056095633455618e-01,-1.659120260201209507e-01,-3.878926448438326392e-03,1.409824570523769520e-02,-1.020705838864918308e-01,-1.907476214409086629e-02,-5.824163229528252217e-02,3.236022436557946767e-03,1.620597043326109932e-01,-9.401488080460865815e-01
2.775710879888120398e-04,-3.916732721175072269e-04,9.522969528614214085e-03,-2.222419505837341415e-03,2.304713081443545385e-04,1.540108069762751017e-03,-2.514672145738920846e-03,7.813813761166398322e-03,8.276190612464465191e-02,-4.414869749124177012e-02,-9.634403885539775947e-02,7.727682245466672983e-02,-3.607365461142992419e-02,-1.910187306478052308e-02,-9.171929608601109285e-01,-3.202913019659179295e-01,1.348336035051947990e-01,-6.828791882463884633e-02,6.172166692883613442e-02,-2.235666319002037675e-02,3.495665486824591286e-03,-3.851846330624616316e-02,1.878690096234318305e-02,1.171906885480850265e-02,3.003759413134996295e-02,-1.085860224953944311e-02,-8.412849592675471222e-03,-5.015856628990881909e-03,4.564043146205652018e-03,-3.217007665440438022e-03
-7.371325401137489893e-05,6.217723810694119561e-04,1.380374008873106080e-02,-2.018125305492091473e-02,4.716829736653535554e-02,4.528464220035562093e-03,1.259041589209305423e-01,4.686729547887943936e-01,2.845603755633384080e-01,7.851689490804328875e-01,-2.503480185405849712e-01,1.313752505508879870e-02,-1.799556086209942729e-02,-1.699722391984643741e-02,2.069659547858002102e-02,6.665557163801283207e-03,1.068112156994844957e-02,-6.515014494539721202e-03,3.488480744516692187e-03,-3.435228060092526681e-03,4.271102380698535666e-04,-2.593280665515558352e-03,5.443434869297924042e-03,1.295473790719046340e-03,4.800137041477317568e-03,-3.139350977290180159e-03,-1.751020715273052155e-04,-8.111967013937517032e-04,8.646922888847957721e-04,2.078508809338319144e-04
1.942530089138085406e-03,-5.985940074971677445e-04,7.025059777492491386e-02,-4.320062040295478967e-02,-1.311745679821308026e-02,1.319759104437665531e-01,-3.740359496415301965e-02,7.007413558635516848e-01,4.213076900548563541e-01,-5.390752017290871834e-01,8.877215731791440745e-02,-6.320378643644922190e-02,-6.704812421517168490e-03,1.277743700227020399e-02,4.833240976191535698e-02,1.785368855881229108e-02,-1.004458098901192531e-03,1.259340360899874854e-02,-1.137439938906681901e-02,-4.413821354485330042e-03,4.135196499126600890e-04,2.375797702503083721e-03,7.852412306500724994e-04,-1.946858513405432629e-03,-9.275094793641045898e-04,-1.690275590084112630e-03,9.621530249707853019e-04,7.918803139257499929e-04,1.341494481265284285e-03,1.019071842463834237e-03
4.564801857647455413e-02,-4.324013429636299616e-02,9.936155606090968373e-01,-2.706493026915917158e-02,3.939444506348078329e-02,-1.747297748897256447e-02,3.226451142160247781e-02,-6.024959880005866658e-02,-3.178289213244215455e-02,2.175853899881713405e-02,-4.296489282911913286e-05,-1.620868793929112258e-04,-9.100568534109698378e-05,-3.687340349155167774e-04,5.160105086239891864e-03,1.715227992522458476e-03,-6.338635514970415285e-04,-5.305540140955576774e-05,-1.272552740426489254e-04,2.216814857012114760e-04,-1.415784323168969134e-04,1.295856564158109079e-04,-1.607491250207986879e-04,-1.509848417076826345e-05,-2.150937821603709176e-04,6.194375976015904176e-05,2.819691740839754286e-05,1.983121008593180911e-05,-5.449565828109714582e-05,-4.411071105921634552e-05
-8.721782298043181344e-07,-3.815658411839750756e-06,7.146152907787870227e-05,1.102332809996243394e-05,6.771576566045208443e-05,8.519385576784773459e-05,-5.290760871062963116e-05,1.347303668874952169e-03,-4.614132543751316715e-04,4.816195828538807444e-04,-4.080155304295856114e-03,1.100852877478927880e-03,3.369706940615432855e-03,-1.573522322900882189e-03,-1.806522521618363422e-02,1.859899127422620646e-02,1.731956452160435950e-02,1.975471558014742571e-02,-1.285462798009141816e-02,6.629729687673029115e-02,6.763323678184449128e-02,9.993824749186183687e-03,7.539035034406775526e-02,-9.410945641196620526e-02,-4.468518751220181690e-02,1.343518193146882866e-01,1.372795536797607741e-01,9.017300491054180966e-01,-3.436588477429955435e-01,-6.868188526436833086e-02
5.842222682238197160e-06,2.268074676935069207e-05,3.875453806794762132e-04,-8.816228101151168993e-04,-3.390899801889023669e-04,7.174609981022141002e-06,-4.752982316534812030e-04,1.363019409139232078e-02,-1.523981089466627283e-02,-7.018178857928200620e-03,-4.056754941095597894e-02,-2.965313735399605077e-02,-3.669711958531873819e-02,5.636502883060900970e-02,-1.896398029616926106e-02,-5.725603932527478096e-02,-2.652551435119732681e-01,-2.071990731999233670e-01,1.576107903817965117e-01,3.950690781847936983e-01,2.404704446033443521e-01,-5.859350898383199058e-02,-2.667179750615807921e-01,-5.307159999780821646e-01,-4.086465418805672600e-01,-2.823731897294134430e-01,-1.676874937668036691e-01,-5.829154485843485688e-03,2.120362173478442316e-02,7.242840270749291431e-02
9.590211066262257714e-06,3.636257688046570780e-05,4.844822767426661646e-04,-1.086656922741444965e-03,-4.921376120088068271e-04,-1.424351980424186468e-04,-5.724666710593617964e-05,1.464199080908875489e-02,-1.874589151019911970e-02,-1.460022509234821207e-02,-5.594410434728058767e-02,-7.931574586573346408e-02,8.466739003853297751e-02,-3.480432136359790096e-02,-2.414057600508483052e-03,-6.832906964414862949e-02,-3.652518683375650110e-01,-2.022996615794806774e-01,2.335330642037821702e-01,5.366442783545785078e-01,1.609688062917677132e-01,1.234756365159734026e-01,-3.965973754092129433e-02,3.638601550218448777e-01,4.916438346868570730e-01,1.309166335357992705e-01,2.874293949972999904e-02,5.949614816457587246e-02,1.464285562884944103e-01,-1.003896624799057238e-02
3.416116708845188363e-06,1.851780961803633170e-05,1.869424747139585724e-04,-2.478646194788683053e-04,-1.643355482117342457e-04,-1.284021392355930342e-04,-4.263895447241055980e-05,4.139943550261286284e-03,-1.407008794683505589e-03,-3.104649304228052596e-03,-7.452748759821362437e-03,-1.321114781859803952e-02,6.408666732674550733e-03,-2.791905776325152074e-03,-2.201715757721998609e-02,6.468506942756425959e-02,-4.176645221441451644e-02,-7.437192614693333148e-02,7.919871145264191503e-02,8.881496597723748110e-02,5.194508058699602582e-02,1.709702224719148247e-02,-1.713904050791966241e-02,9.865271869820943507e-02,4.247790664245333636e-03,7.305113103889754322e-02,-9.190443839022559291e-02,-3.469740805190510424e-01,-8.964125900572950112e-01,-1.510725077573231712e-01
-8.539680138058491548e-07,1.967187052911770263e-05,2.882523604079633111e-04,-1.202967617706345157e-04,7.492809614793109990e-05,1.734320525811183355e-04,-2.023720351162096971e-04,5.603213427313773025e-03,9.476131790036086298e-04,-1.866240729993544475e-03,-8.527025108131231976e-03,1.437433142881132039e-02,-4.994656613789585226e-02,-8.352162052641806667e-02,-1.148850094154894516e-02,-4.286132312012464612e-02,-1.142727584311062881e-02,-1.104461472679041517e-01,-7.588944321051550868e-02,9.562650867342911698e-02,4.454549924174005388e-02,1.368874816570389286e-01,-1.118403939846297906e-01,1.839296689423160214e-01,-5.460211461594641769e-01,7.581361950048207676e-01,7.935638851816126382e-03,-7.454084514296212272e-02,1.174572807682186804e-01,4.033062082633678824e-02
-1.595118763881590547e-08,1.783288685668339141e-06,5.966091804289521810e-05,-5.717053721709547826e-05,7.767692150400322043e-07,-7.907607570071362819e-05,-6.260840638512057672e-05,1.903587782787260997e-03,-1.814476575531687175e-03,-8.763635799172269899e-04,-6.130494048418345075e-03,-2.123364236191728916e-03,-1.331932437025146404e-03,9.170087707799952706e-03,-8.883701331507353610e-03,-8.179544356293014587e-03,-4.212830594921043725e-02,-2.807429737919244980e-02,2.060197631059352066e-02,8.673362202587144021e-02,-6.015179042754469942e-03,-1.115262234284669918e-01,-4.426049038818753029e-02,-9.195267019099466477e-02,-6.922678327090385497e-02,-4.703290054758530597e-02,9.643602393850896348e-01,-1.661844032151171269e-01,-3.157009161330597002e-02,-2.666064894101048688e-02
7.255477482511337069e-03,3.575697592973084774e-04,-4.899149571062274937e-03,-6.322188508010356811e-02,-4.708576247984889995e-02,-1.080905317993605258e-01,1.887668292582989765e-02,-4.532524020351672012e-01,7.199412358247806454e-01,-1.301789574923166992e-01,-4.224381643817527454e-01,2.034789910530720169e-01,4.429588501785968607e-02,6.623308793295551444e-02,1.186187465101282285e-01,1.453500226291813691e-02,-1.629261560284949589e-02,-5.075306983115993043e-03,6.230584770628306776e-03,-1.373577528252264588e-03,7.575098456705339073e-03,6.366921606800913548e-03,-3.719060180526620723e-03,5.049150447240606174e-03,-2.582078845065252388e-03,1.291540619545795835e-03,7.029472094520581183e-04,8.073165666554742593e-04,-1.328203541007446980e-03,-9.208783174730540049e-04
3.054508157589173531e-03,-1.466691896310070437e-02,-5.928827034271902385e-02,-5.052320391773085229e-01,6.380459171742355329e-01,3.954054734839351076e-02,5.652150380088064585e-01,-4.624766283355918189e-02,-2.954124248384081344e-02,-8.804605743421739517e-02,4.490617708676497566e-02,-3.716776331676445617e-03,3.788569064707620650e-03,4.798407660814032159e-03,-4.447960781046553756e-03,-2.479498198083914841e-03,-2.620821219007361466e-03,4.818234072995544195e-04,4.232359768994050340e-05,1.039587908149583820e-04,-4.203248505226181236e-04,6.488060951796996607e-04,-8.443148462582919381e-04,-1.697558082887004876e-04,-8.560219007043978886e-04,6.073679336797837029e-04,3.599851356827920180e-05,1.526041993838747038e-04,-1.771636167754315745e-04,-1.148688096610375411e-04
4.988902071241686081e-02,1.077315332531386845e-02,3.371748609717071469e-03,-7.037933391852752019e-01,-5.166301691862394962e-01,4.667279123580601041e-01,-7.426546892256105648e-02,-6.224082253970803641e-02,-4.028939011194192926e-02,7.795573575412478862e-02,1.241909360629846713e-02,-4.794943389173094870e-04,1.561471407135582232e-03,-4.713163129518087476e-03,-6.565117073777568778e-03,-6.365607559744096899e-04,-8.889234298502773478e-04,5.222950963123842690e-04,2.561615568638311727e-04,1.318041811938082787e-03,-1.091309986062798196e-03,-6.616314384565962067e-04,-1.373880434303928065e-04,-2.667266349276964724e-04,-2.008455999972438025e-05,2.504897760509416688e-04,-1.069913323089061879e-04,-1.195636012454856701e-04,-9.491840014570465851e-05,-5.442651672454591173e-06
8.528435596432634158e-01,-5.169909748208116884e-01,-6.089404973631235701e-02,3.166223681905434850e-02,6.295089016226136126e-03,-2.304777366473051425e-02,-1.408841795836497266e-03,9.023245196256491144e-03,-1.674839627978471756e-03,-1.613763148168898204e-03,2.478545940994208736e-03,-1.158643952636689584e-03,-2.947157289958365423e-04,-2.707209638046095910e-04,-5.443944814569490892e-04,-1.212844187497429018e-04,9.654903672138558947e-05,3.928963684877274533e-06,-4.011453319305772173e-05,-3.304151083379783320e-05,8.439107404362362793e-06,-1.581153281958561389e-05,2.713364751894719917e-05,-1.845195203609528673e-05,2.353395196763504796e-05,-8.200372863725464878e-06,-1.218262396793044140e-06,-2.356507211257186113e-06,8.087846460174675413e-06,8.507718040814551022e-06
7.744492704410267959e-06,-1.067783581437117086e-04,-1.861784493462872894e-04,-8.493544972096978658e-04,-4.976335818309289604e-04,-2.838471875395389061e-04,3.942059873875403825e-03,1.779831297890147339e-04,-1.574239476987647490e-02,-1.297935655883812080e-02,-4.652530211631722423e-02,3.097420343530027376e-02,1.537878696075075519e-02,-2.147048679193054935e-02,-7.781107902128060749e-02,2.992908542193323806e-01,4.510204858373882408e-01,3.879239242174626345e-01,-1.536065367332560827e-01,4.964136394263793384e-01,3.118618994027262392e-01,4.672352330354608008e-02,2.824574156298392258e-01,-2.272360206537294702e-01,1.055667472981707961e-01,1.238833710808995708e-01,-1.595028070478167123e-02,-1.248713211836634807e-01,5.455938649677084112e-02,3.912566739142129581e-03
1.133966142987314404e-04,-3.153493458059229378e-04,-1.060769647782796839e-03,-1.161324557852581353e-02,-5.865300001084016931e-03,3.544391750577574954e-03,7.526681003835500837e-03,4.987391394526138888e-02,-1.864552526029037427e-01,-1.004491410188220468e-01,-4.253028550573221267e-01,-2.085400025919634526e-01,-6.720651589428604522e-01,4.745920342036714645e-01,1.765508082823169858e-02,6.544110713092301038e-03,-4.387004235392526902e-02,4.118193380480396348e-02,-7.912738773177196983e-02,-8.384540806826402959e-02,1.461797113665063153e-01,5.266871188187339375e-02,-1.159839995940807166e-04,7.940334554674192968e-02,4.365152801191896081e-02,1.013215527631859160e-02,1.739237159331245494e-02,1.647521825714892175e-03,6.888727126196824563e-03,-3.259159029811652120e-02
1.775087257682725426e-04,-2.910563810658261781e-04,-1.071996597811529419e-03,-1.290472080699273279e-02,-6.441397888835355759e-03,-3.100049524875722758e-04,1.112947140632612741e-02,4.944490064915538219e-02,-1.994968323529667520e-01,-1.363200759401300421e-01,-5.877456005381895832e-01,-5.259520263447113875e-01,4.017154559385693324e-01,-2.428133097171490951e-01,8.038453524682719065e-02,-1.633424058003030976e-01,1.856643230497118657e-01,3.244377789758813579e-02,8.474876111912790777e-02,-5.218211407892794917e-02,-9.006557275400990659e-02,1.501675922447573593e-02,-5.705395231282891361e-02,-7.121423537061015441e-02,-2.949229185686321267e-02,9.585380710195311529e-03,-2.249593537929612565e-03,-2.757105973953541660e-03,-1.480517739915421065e-02,-2.593229638680489852e-03
7.687471069595790422e-05,-3.294848475444941461e-05,-1.980105327376599587e-04,-3.481848991542073769e-03,-2.223599417940016077e-03,-7.570098130582011715e-04,4.208776622919002848e-03,1.029289229960783474e-02,-3.792864600829874699e-02,-3.795497051122471294e-02,-1.078416967208481458e-01,-3.991538209424369543e-02,9.070613691763774675e-03,-6.018976647210611680e-02,-1.733076000695094876e-01,7.419938706623832037e-01,1.101638807528705771e-01,-4.697868493504953613e-01,2.934607328530728920e-01,-1.333292318860365699e-01,2.026273887099247148e-02,-5.535092202640106568e-02,1.491595912555913617e-01,1.069392707259821662e-01,-1.034421534869830323e-01,-6.875602369725324070e-02,1.160811910408956517e-02,3.956744946998696361e-02,8.879036714003459008e-02,2.363549511737049469e-02
2.694237146580679115e-05,-1.362615029594090813e-04,-4.858962945717218169e-04,-3.095456127376481660e-03,-1.618629044486971733e-03,1.506600859229987590e-03,8.577747447294628569e-03,-4.281950503053718227e-04,-2.586608309676762668e-02,-6.126669304292749890e-02,-1.080932764800524998e-01,1.389597773074968678e-01,-5.071233828897921958e-01,-7.600737978048623944e-01,1.080780094447787859e-01,-8.910309490157659884e-02,9.060712932640327399e-02,-1.993915775421719883e-01,-1.855526574400065409e-01,8.115226093205127333e-02,-3.757793697668766753e-02,-1.127844498531763509e-02,3.251652021125297641e-04,-1.781576460122560532e-02,7.741789534327825351e-02,-1.116457766222540143e-01,-1.183662582003902793e-03,1.033196159669893741e-02,-2.300788846182711192e-02,-7.320252875439444210e-03
3.028840659328920592e-06,-6.310928590701942213e-05,-1.137358973213104983e-04,-9.847154971021534337e-04,-3.425657947167344477e-04,-1.231901541070436863e-04,1.600256225898133520e-03,6.640028444181619513e-03,-2.159717634327399868e-02,-1.556154956962186968e-02,-5.784677450652647018e-02,-1.838215070161045711e-02,-5.565223848364995313e-02,5.969697232550610910e-02,1.278522727477745397e-02,3.115675589772369872e-02,-1.822890821179421264e-02,6.912310901076591796e-02,-3.138054173546763609e-02,2.293589279571303097e-01,-2.922584769546692773e-01,-8.640363058423810028e-01,1.985902378558911325e-04,1.175599865547904688e-01,-2.487354270411469906e-03,1.212336999018504002e-01,-9.421726892947941689e-02,2.631882380661063406e-02,-3.437601697967334474e-02,2.404466500674278806e-01
