4.841969981889456681e-03,1.088933797029306878e-02,-1.137633387432792666e-02,-4.025009630105261943e-02,-2.262427426948842440e-02,-1.347726899510486853e-01,-8.151448395751060769e-03,4.766945069831469983e-02,-3.547832178154752270e-01,-9.383938861958801558e-02,-3.411130922011010314e-01,-7.277890318284528925e-01,3.196628829655867587e-01,-1.597026860063883447e-01,-1.180909183430357140e-01,1.805668490336727883e-01,-3.607712052180580414e-02,-8.048524997758946253e-02,7.355850013443060442e-02,-6.297151254196092784e-02,-6.094063735454539193e-02,1.621563250181108379e-03,-1.601746729021102239e-02,-2.785982278237751283e-02,-1.424757379381575394e-02,-3.643176028196898949e-03,1.313354740055403327e-03,-4.280449743532126032e-03,-1.357020792861535555e-03,1.322321366583407076e-04
2.111426072489874795e-03,7.718135087125274109e-03,-8.787421428591200845e-03,-2.581663332480173545e-01,5.055416361394424740e-01,3.923766877018920740e-02,-8.111143606057079625e-01,1.069774231661218822e-01,5.138933249950735499e-03,-7.518606490179155499e-02,3.109658241360580694e-02,2.071272916597752863e-03,4.991411166006503967e-03,8.399108215885123111e-04,6.691865578970132220e-03,4.320478157135458283e-03,1.840528297459696544e-03,-1.184574567143112752e-04,2.153251681679109822e-04,7.699511971127941329e-04,7.099299066592499414e-04,4.508930336017119697e-04,1.105703192258363290e-03,1.280554314833290329e-05,-5.674365456889757155e-04,-5.134147803817096798e-04,-6.291978776051652565e-05,-1.174631069177782707e-04,-1.662251260636339394e-05,-6.723523991125419720e-06
3.319562171259459599e-02,7.096304613455260701e-02,-6.115077154422971645e-02,-3.761313784661793891e-01,-2.084403907428487579e-01,-8.710818795792240055e-01,-6.425256326397474349e-02,-5.980046753810321081e-02,1.604423986172291983e-01,6.329457555557874149e-02,-1.449906512310050050e-02,7.708268181347716075e-02,-3.488940132730485727e-02,1.056730823222515499e-02,8.825467308739416011e-03,-2.868555504345185123e-02,9.168041482622195718e-03,1.339870101299184615e-02,-7.575032848012363228e-03,1.084776803460641738e-02,1.054052941952385997e-02,2.201156370262066352e-03,2.500345785096754272e-03,4.098600333871997743e-03,2.132392835138137779e-03,4.698861318246431952e-04,2.531480200202633566e-04,5.925180262363675650e-04,2.831356521834670135e-04,-1.690358621481338872e-04
4.971898627455846875e-01,8.623362734334740765e-01,5.163602207007651768e-02,5.155503666767978499e-02,2.418994587509097280e-02,5.564228742647132214e-02,1.081395845977726686e-02,2.185974522199413302e-03,-5.360341236693114131e-03,-1.060792291179960206e-03,4.095855668963956087e-03,1.895203886799002539e-03,-5.933474314104499351e-04,6.855320254813011870e-04,3.462499349392026337e-04,6.242705454868202218e-05,-1.181797887043981049e-04,-4.915906444301875995e-05,-2.106558281760878971e-04,-2.512680843560677452e-05,-8.438389814850128586e-05,-1.108231284047202800e-04,7.865464342987690336e-06,-3.147596586598290974e-06,9.843791510561066579e-06,-3.372495159436645291e-06,-1.689276172391051005e-05,8.537406763817299403e-07,-4.625558501760141281e-06,7.586977564259324098e-06
2.611301418062591234e-06,-4.367091825904761683e-05,5.364548604897863152e-05,-4.396066334514091029e-04,-4.972641524850620947e-04,-1.353322393546293545e-03,9.305817365772537124e-04,-3.666919672659964442e-03,8.063188299863015274e-03,7.855585123286042831e-03,2.601798886138598221e-02,5.670025687083676130e-02,-1.162919617731844775e-02,-2.069820743504643262e-02,-6.039704521004139737e-02,2.630604354660354693e-01,1.543088734851381094e-01,-2.579084726480195267e-01,1.570603995808863562e-01,1.870946463297984141e-01,-1.677774143002612461e-01,-1.364713275261725256e-01,9.995440203267602630e-02,6.449342158715974938e-01,4.673887476614349001e-01,-2.690101690655461453e-01,-5.903828273138506111e-02,1.157611373831774967e-02,7.349282250081692891e-02,-2.838058221168383161e-03
3.341559665218343431e-05,-4.793844087379238949e-05,1.405720724799819723e-04,-3.334735086888347341e-03,-2.030553826592163685e-03,-1.564509205286172995e-03,3.731053513560196231e-04,-1.207278115698360611e-02,6.176706008255020142e-02,2.459904699633129466e-02,1.036182415022274678e-01,1.187313420706348210e-01,5.462223149853951548e-02,7.555205751168952294e-03,-1.047134688113559170e-01,2.120069553620609060e-01,-1.220054952099814821e-01,-2.567809138661351631e-01,4.725902706592675917e-02,1.141576281399812320e-01,-7.649250434167377266e-01,-2.360841347392603207e-01,4.783758434803928039e-02,-3.568737585570053716e-01,-1.657470681835184478e-01,3.870325816346287945e-02,-7.577753071825887865e-02,-9.603088969580594880e-02,2.387279302562441557e-02,2.334713869622899104e-02
6.799338412526397034e-05,-2.879459060716808342e-05,2.766687776125560400e-04,-3.365952282848300517e-03,-1.455294064422587045e-03,-8.986197107632781182e-04,1.371460328159341191e-03,-1.364230855493706041e-02,8.426066998221458382e-02,2.211283209782081288e-02,1.927925631094368208e-01,-4.060600378895930923e-02,-2.687662763461058923e-01,-1.234695270987732629e-01,-1.165536393732598819e-01,1.935999697215159965e-01,-3.523116851689419571e-01,-1.941519074037232617e-01,4.052394655752926123e-01,-5.818878141213278399e-01,1.709227491272847232e-01,3.572264122265639968e-02,8.647092894406474550e-02,-2.073940622978604209e-01,2.258747931318987323e-01,-1.319503272596384558e-01,-1.562572134149377637e-02,1.314621707611888894e-02,-1.718474716197489899e-02,-9.566250822653199135e-03
4.180180323729119630e-05,1.864880710492900076e-05,4.346571081238959815e-05,-1.413317509834245223e-03,-9.039102638757575726e-04,-1.926053523317910326e-03,2.363447371946751359e-04,-7.060813586685450206e-03,2.477380326648413039e-02,9.347566470106148315e-03,5.126481810454403681e-02,5.895921208806087499e-02,-7.038709647918572898e-02,-4.358874665868696374e-02,-6.582436591436680029e-02,2.963464007646389731e-01,-6.832260202317801991e-03,4.269339590802744000e-02,9.070064685692119655e-02,-3.096981907710524839e-01,-4.325390172961169483e-02,-8.096078061890682465e-02,-3.438420287052364466e-01,5.049094848559483317e-01,-5.840936517101186221e-01,2.555156946885827618e-01,4.480775338353764486e-03,3.564632418652639769e-03,-6.475337480587716604e-03,2.444666307898639597e-03
4.133020811693767700e-06,-5.740911209280154476e-05,1.921455857632471361e-04,-1.083771595099720670e-03,-8.514555142105248399e-04,-1.015379295656116190e-03,1.993156041784334507e-04,-6.531113373172816282e-03,1.561867945394531179e-02,1.254249803992864634e-02,5.587627325757974633e-02,8.287653319264078056e-02,5.511428423074925947e-02,-3.575313771489134207e-01,-3.329761985500746813e-02,1.154326603134512713e-01,-4.982236496906618239e-02,-5.036655242253939013e-01,-7.277550496856115547e-01,-1.469488249467756635e-01,1.710693819591906917e-01,-2.355143879516071945e-02,5.946187304270275989e-03,-1.047527429140976797e-03,4.225283215252414321e-02,7.022846379986127929e-02,9.845457933098496206e-03,-6.277013807216643045e-03,-8.418775545406311997e-03,-9.984677181601378862e-03
-3.182671440280975850e-06,-2.779248738979459756e-05,5.090814003688781469e-05,-2.536984954123520475e-04,-1.954165067765707546e-04,1.538569745573190799e-04,-8.550378482314836207e-05,-2.962457491094866099e-03,8.712554430783753245e-03,3.689873748952240701e-03,1.857881562564506900e-02,1.929897310507660418e-02,3.599239572885987518e-03,2.166363601840862445e-03,-1.273354128199649486e-02,3.866375069633901790e-02,-2.984216161786584082e-02,-7.522177808059944681e-02,2.699418487326664048e-02,3.492583097179263740e-02,-1.703189285682015774e-01,2.113878194367634911e-01,1.102679192159527338e-02,1.170337099286078084e-02,4.096366556786265600e-02,8.903258995075469251e-02,7.252374275766186873e-01,6.096687756664466162e-01,-8.187889265584463727e-02,-3.294947333165521020e-02
3.139514232425266141e-04,-4.687012615713974329e-04,5.710972737443251353e-03,-5.041685291422651378e-03,-3.161786210409097461e-03,5.047924667943405955e-04,-1.904087515370277151e-02,-8.356716158662311211e-02,-9.496589024363180642e-02,3.785791247372222862e-02,1.314433618418042737e-01,5.983007675307933093e-02,-6.064181082629090808e-02,-2.242534274480821321e-01,-8.961247495958346576e-01,-2.050358873727092801e-01,1.676443524457833789e-01,1.694346798193373804e-01,-1.342707438039885889e-02,5.630758030927900809e-02,-4.876088987383909654e-03,2.977055378691235987e-02,-2.109715373441633721e-02,-8.245065209242388379e-03,7.026841256197225577e-03,-2.123367675242187821e-02,7.394507741188087284e-03,-1.908256536771772314e-03,-8.721364415015225857e-03,-2.998674172404176223e-03
-1.071749811273699411e-04,4.466378555127253317e-04,7.187969401112237824e-03,-1.326228632123584508e-02,3.813049416612457332e-02,-1.977116652812713204e-02,2.798157344738352176e-02,-5.895075609510203041e-01,3.053074237075051323e-02,-7.967283542025845877e-01,1.103524507883726913e-01,4.889710688519438749e-03,2.184388912383326831e-02,6.640468960822877055e-03,3.026115378303570122e-02,1.075917174318570535e-02,7.611567010450816066e-03,7.156145665235033983e-04,-2.129320110894626032e-03,5.127652543724527980e-03,2.514021479913823055e-03,1.751431925593902863e-03,5.429529808424951760e-03,-8.103098088459142340e-04,-4.289696797741402411e-03,-3.864614625284861372e-03,-7.317945627016733635e-04,-1.962445114142243778e-04,1.340038450707653395e-05,-1.988417501969925018e-04
2.228762888313468808e-03,-2.119571490589044864e-03,4.269970340858916108e-02,-6.167317665507602437e-02,-3.728593620525345181e-02,1.169443154209534319e-01,-1.565920105198254364e-01,-7.838477110145395388e-01,-9.236282642277537924e-02,5.604593516789755370e-01,-7.883255264561409015e-02,-5.700258167604128900e-02,2.601543319573270535e-02,1.814732845241870743e-02,8.151125288027799565e-02,1.516819247743384814e-02,-4.438562621069872677e-03,-1.127760341337058492e-02,5.221479488485289769e-03,-1.197634062837966452e-02,3.073722738391152995e-03,-2.411202991265618076e-03,5.653647294789670465e-03,-1.170315375157651146e-05,-9.210475971364599952e-04,6.925833213790720966e-04,3.985959541902867487e-04,-1.120446219382976614e-03,1.335435447143233081e-03,3.562917117598863887e-04
5.660528080411461604e-02,-8.258595592271152086e-02,9.849680353868449645e-01,-1.271160142843280605e-01,-1.938907714045455880e-02,-2.093972355348201406e-02,2.368445434899291158e-02,4.301733177284577242e-02,-3.252298277335893221e-03,-2.017841995973510688e-02,2.334383778569018922e-03,6.290610322691048010e-04,-1.917419182520787235e-04,5.698831855363998070e-04,1.982237986738879382e-03,6.678708653945257751e-04,-6.413738064593845021e-04,-4.915434373573225515e-04,2.488337687702431783e-05,8.798953678493392637e-05,-1.329861898896819716e-04,-3.393108960346346079e-05,-1.111751217832479066e-04,2.168624312958902762e-05,-4.942279179134973237e-05,1.109991856314294570e-04,-1.957140931381428384e-05,3.828254036794424885e-05,7.672497384828816294e-06,5.987811406046358702e-06
-1.054133891596066412e-06,-4.222246420286743770e-06,3.720162833076504078e-05,3.945661594448451339e-05,2.989339284501646901e-05,9.680893380596420684e-05,-2.797434596712243646e-04,-1.452660857762064000e-03,7.775860127152507597e-04,1.883130743962658246e-04,2.977290175186765326e-03,4.238121488298239592e-03,-3.527657204526341624e-03,-3.973549046999794729e-04,-1.495808321742087173e-02,2.869558108662725870e-02,1.217413926637072284e-02,-2.835743653152592372e-02,2.877486134405912374e-02,4.547642511458205306e-02,7.991168998222732134e-02,-2.336470631689787150e-02,-1.681368569655039558e-01,-1.093828773457472675e-01,2.745477199498129461e-02,8.989680977321010125e-02,-1.237014510371279435e-01,2.841483483955659084e-01,9.171102664906082280e-01,4.389668205011754837e-02
3.619593086641500137e-06,4.022079340119856024e-06,1.754885803962958951e-04,-9.800926446705386392e-04,-4.125361677878980728e-04,9.099928481772535677e-04,-1.405034392852503667e-03,-7.344077706304496730e-03,2.265953710572932850e-02,6.160334219333187845e-03,3.842232540437991173e-02,-2.181425770626130994e-02,2.752687784428283282e-02,2.636438017300371181e-02,-9.494759376687145203e-03,-5.487166972060619069e-02,-2.883070753377486306e-01,-1.838521528991872434e-02,-5.219321441345697171e-02,1.747364313803483060e-01,3.426988617997472897e-02,-9.829937217538797789e-02,-7.808291572259759006e-01,-7.261723351112403524e-02,7.807253445729726848e-02,-4.632881873530153571e-01,1.312550940817193423e-01,-6.899302291608075399e-02,-7.515497015301789152e-02,-4.468403188152089006e-02
4.875691725919545019e-06,-9.832227371895403548e-06,2.778895418117919604e-04,-9.341517779475382380e-04,-3.877299046903369276e-04,1.301273407808516049e-03,-1.380939211215212719e-03,-1.046784059485371399e-02,3.154702506500361991e-02,1.109781916003632109e-02,1.025076756325360855e-01,-1.542926072189906017e-01,-1.717225082151961624e-01,-7.777060346401595825e-02,-6.936504925123682108e-02,-8.939881712184316598e-02,-6.939198341487642363e-01,-5.832160943452163737e-02,3.579733491119735378e-02,4.873875929413887254e-01,1.283807617725137296e-01,2.771326035004258170e-02,2.387381592428350630e-01,2.139139262818397225e-01,-1.539678053606697017e-01,1.856002324615531884e-01,2.697012636493813925e-02,-8.892819296616406854e-02,6.182876998877118863e-02,-4.173545182230285061e-02
2.770557607068767061e-06,8.049358272638624514e-06,8.989537426555845143e-05,-2.768275989933431506e-04,-1.880573135624697095e-04,-1.111188898240504777e-04,-6.488605014367877268e-04,-3.435620880322262476e-03,4.357282174843876872e-03,3.458716569152727252e-03,1.063907692927855420e-02,-1.215597346973157356e-02,-1.634054189802846418e-02,-7.880423932878102139e-03,-1.555478614799277702e-02,5.702208144410650381e-02,-1.066458615273143534e-01,4.816119599648126942e-02,-4.280764975343863410e-02,9.793043064439760359e-02,7.041764269779191010e-03,-2.137324843817159370e-02,-6.754752083475140667e-02,-2.529514232521577755e-02,1.380719015776971179e-03,-3.197452611653930129e-03,-6.168388003822015131e-01,6.955121762478841951e-01,-3.174765702937527023e-01,-4.211738461829164781e-03
-2.047456684625681090e-06,4.647761109915003267e-07,1.127737039613429528e-04,-7.881671617753087974e-05,-9.659169598734177148e-05,4.861875255246734867e-04,-1.218615604398911060e-03,-5.620665636434013512e-03,2.211054173434298230e-03,-2.591626441980239386e-03,1.193929459434039421e-02,1.491810310931126343e-02,2.807284793614870516e-02,-8.521176333805678682e-02,2.606177998158889716e-02,-2.056770114445845635e-02,-2.856271425342877743e-02,6.188423584805281125e-02,9.091672390562435813e-02,3.015749716656722021e-02,-4.219623756617740112e-02,-1.311005742301394328e-01,-3.395804419606827107e-01,-2.902389032023913046e-02,5.156406222034478626e-01,7.402466119245449949e-01,-1.113420946966530919e-02,-1.059833142891720009e-01,-1.211584616579560042e-01,-4.008139207428688261e-02
-2.491742819980617989e-07,-2.058841309769548824e-06,2.967819115684470994e-05,-8.796261678733943278e-05,-4.882611359886324977e-05,4.824174836242121423e-05,-2.312833839767112272e-04,-1.447657165206258376e-03,2.580788583770554992e-03,6.189906350633580558e-04,6.508440241095002354e-03,-2.327807921632573523e-03,-3.374800622556658417e-03,9.858468515418028575e-04,-8.285627344232134386e-03,-3.366125897411995603e-03,-4.908441968734212485e-02,-2.097337772747112292e-02,-2.265277978485949386e-03,2.229010143865979565e-02,-7.637523577986329165e-03,1.175740965927377368e-01,-4.945751805672911339e-02,2.313675202991994501e-02,3.303897282932988233e-02,1.858885777486429802e-02,9.005289072699531813e-03,-1.734123049962510432e-02,-4.723535750465993749e-02,9.877176021614981760e-01
7.079695622173063502e-03,1.143342429212299916e-03,-1.947404037927338502e-02,-7.355911817653502938e-02,-3.674496720983750492e-02,-1.064700265895307113e-01,1.463445835674988434e-02,4.718784586131660741e-02,-8.475297652472338905e-01,2.380765790235310746e-03,4.477744535521866465e-01,1.653502359535173050e-01,-4.459534370557969446e-02,1.103159895842736188e-01,1.311912829936827951e-01,-6.696549714175854297e-03,-2.736306923777749589e-02,-1.065106352679826354e-02,-1.682022038654695448e-02,-8.187692183551796912e-03,5.023773079113733400e-03,-1.400992906965293355e-02,3.282138828229667991e-03,1.442794070697921323e-03,2.280684240880597423e-03,2.431280583575066382e-03,-6.271889730627375767e-04,1.603928437586472824e-03,8.376868058696274608e-04,8.865729785566568971e-04
2.897833478258191129e-03,1.744226553944846732e-04,-4.775064017001048183e-02,-4.027244971896546399e-01,7.157774109214097846e-01,-2.466340145937423109e-02,5.569352790557503541e-01,-5.067854531034384630e-02,-3.180537684581805080e-03,9.303091937009656809e-02,-3.268801103361040905e-02,-6.101797905586473815e-04,-5.317825731709740524e-03,-2.120178649480073362e-03,-7.033382676846266883e-03,-3.253548226003943628e-03,-1.902968555302226835e-03,-1.247914429247635624e-04,-2.522063555189994570e-06,-6.470902467228387871e-04,-1.005492605648760284e-03,-4.727183584990017075e-04,-1.031587768707559237e-03,1.180165495264275664e-04,5.954911275236340895e-04,5.532104806518732803e-04,8.912984282016900924e-05,1.033648550970675843e-04,7.534131792938796813e-06,1.860352621945587248e-05
4.898112674032235880e-02,7.859700210979630314e-03,-1.064420424773760560e-01,-7.732605414439309710e-01,-4.273861496470078292e-01,4.374253711042454529e-01,1.909401774666339216e-02,7.861039178539504235e-02,2.141430523632342070e-02,-8.017798875605507136e-02,-2.551472837601208646e-02,-4.311811749265851215e-03,-4.353801325040256021e-03,-6.726853640257009388e-03,-1.025924764597015842e-02,1.305899488959319120e-03,6.627398711427101314e-04,-9.479232086218915016e-04,7.150499119019027754e-04,8.635278724333675208e-04,-1.124484979901513044e-03,9.215822703958523017e-04,-8.005660776703035168e-04,-4.750517157709453921e-05,-1.266579091572679605e-04,-6.418324611114855597e-05,-1.143382031991845856e-04,1.824025494799848141e-05,-1.321363076352632211e-04,-8.787961624642663986e-05
8.637160661888209079e-01,-4.942403220428846500e-01,-8.559503251690316061e-02,3.993509998760179369e-02,1.648806805336510209e-02,-2.067671540821078291e-02,-5.941559920318035225e-03,-5.003712738689123328e-03,5.055697945531532900e-03,2.839784450950317164e-03,-2.236254392745675411e-03,-9.160111006021235238e-04,4.570662492497601587e-04,-4.213927523168208532e-04,-3.674527302945381044e-04,-4.657210600381142188e-05,1.085224992892156191e-04,8.780634807083382599e-05,7.786815477707679611e-05,1.879759579604788682e-05,2.340217009436724500e-05,4.619078157730916232e-05,1.191841129431306739e-05,-2.288662429796995936e-06,-6.234676081386018059e-06,-1.241527883604572988e-05,3.909099661457493419e-06,-7.779166654896974375e-06,-5.411908639841579444e-07,-2.666818794547845471e-06
5.146916899224661309e-06,-1.073167109768949525e-04,-1.392651051124052324e-04,-7.151113593762836599e-04,-2.620112183395205451e-04,-4.186935093693352149e-04,3.939858276181115379e-03,6.801756887621112409e-04,1.149402708078518277e-02,1.659098628810393508e-02,4.885222602300273720e-02,7.007453785807243873e-02,-1.123529065862202345e-02,-4.080288292966693930e-03,-5.816746217582808437e-02,3.964157874121185254e-01,3.262567597165059174e-01,-3.484179449202624013e-01,3.101576065869078858e-01,4.264759393869858028e-01,4.280499016814868773e-01,6.452258347740134903e-02,-7.498301099790884161e-02,-2.724327727845297087e-01,-1.790675903261592650e-01,8.549024193827431395e-02,3.251155059797607161e-02,-4.781145257174303914e-02,-1.253981872333668479e-01,-3.960279053115926297e-03
8.587626413000357009e-05,-3.071636272565270468e-04,-8.675813236601111634e-04,-1.124516847701210846e-02,-3.692319270093478295e-03,9.731760764415753676e-03,1.610907271167329874e-02,1.038626713945308908e-02,1.902908229664891093e-01,6.937700241396914380e-02,3.749495981898209318e-01,2.227600947199884565e-02,7.859109606627633360e-01,3.250896271439667751e-01,-1.409271640991232588e-01,-4.082749726504500756e-03,-1.415508452087344271e-01,-3.214376963654966973e-02,3.860111314198506893e-02,-9.719431106273264398e-02,1.635340615552900168e-01,-5.961974351723515336e-02,8.086929294112844835e-02,5.772855217691595653e-02,1.041343394229717230e-02,3.631587642040260550e-02,5.492985032739365614e-03,2.071202520866640556e-02,2.566413062913900896e-04,3.140782041339322539e-03
1.415959611318083936e-04,-3.587031206837367511e-04,-9.691529426673099138e-04,-1.153902226137342411e-02,-2.867173243716705008e-03,8.698140361107329840e-03,1.963138700369693873e-02,1.068611985790716978e-02,2.412188776236166565e-01,8.543890365045724022e-02,6.293113758294670568e-01,-5.868443454636287360e-01,-2.310040720927680480e-01,-2.882533909895343069e-02,1.367627743750327307e-01,-1.024863108516999577e-01,2.956038356162125624e-01,5.013469315697734879e-03,-9.186931398160498585e-02,4.641753716810417124e-02,-8.766951212776659397e-02,-3.381487420127940458e-02,-4.798647740877907270e-02,8.278269929488251549e-03,-2.316652206516496212e-02,4.621756688321100939e-03,3.240232474742891057e-04,1.133288888805832929e-02,-2.867123373387094314e-03,8.878145219324597159e-03
6.682255683143018617e-05,-6.140607979033211184e-05,-3.287777315857755614e-04,-3.471095404048357702e-03,-1.587968909456412454e-03,-6.174156819012908146e-04,5.257251279880259705e-03,-1.744273478427939587e-04,4.425472295496557518e-02,2.597311053493585320e-02,1.086150477710302875e-01,3.450643014542079546e-03,-1.518977431027522702e-02,-3.883210842884242397e-02,-2.568787280655165928e-02,6.893301901977358925e-01,-9.610234738615215655e-02,5.951770465878829519e-01,-2.777326314775853677e-01,8.647966836646925337e-02,2.118411141530603115e-02,8.274517717329148148e-02,8.169514394237772925e-02,-1.052649127571373411e-01,1.451193025379243495e-01,-6.320563551187059759e-02,6.402091461413268736e-02,-6.633402889810444125e-02,3.536972501084840320e-02,-2.954442238449014489e-04
1.588861232454864106e-05,-1.920658910398555859e-04,-4.609002079625383391e-04,-2.862688376414013192e-03,-1.375077457849295743e-03,3.827346841962389265e-03,7.924396828202284748e-03,7.107364022708661903e-03,2.498982657020691264e-02,3.012293778178258899e-02,1.529211944344961993e-01,1.603241624399946996e-01,3.159658253532887651e-01,-8.007071795705612560e-01,2.745196945266087374e-01,-1.052885917816089173e-01,2.381113251559097144e-02,1.731174905977010681e-01,2.571630029292004682e-01,7.099742816398514622e-02,-4.429507046509906926e-02,4.124675651675635546e-02,1.944881125626050575e-02,7.123043923306635050e-03,-6.973835462197575108e-02,-1.027260158226570713e-01,-7.932013032343372683e-03,1.479361993298466960e-02,1.628785400303588149e-02,7.899113393150140189e-03
2.907227097451042634e-07,-7.161042202199800961e-05,-6.060802975729330890e-05,-1.079504123842215790e-03,-3.059272392618532770e-04,7.674594357252490255e-04,1.861455643957752280e-03,-1.340196655143709127e-03,2.175361659152959606e-02,1.188321691523241963e-02,5.821135927503486018e-02,1.724081339409220745e-02,6.173255488234245109e-02,5.289031928664187504e-02,-8.780854622236348647e-03,2.004329646173844473e-02,-1.947220038695280514e-02,-1.236631220797074077e-01,7.359819050675306862e-05,2.145093938261092778e-03,-2.179265332013715084e-01,9.008971544856669844e-01,-1.492484264246302650e-01,6.313926716701978581e-02,4.447677630025260315e-02,3.754063001404182170e-02,-2.125624258081930396e-01,-1.501851610930579894e-01,3.636754566493674568e-02,-1.229284582717004304e-01
