4.908915161678619951e-03,1.023242257631033249e-02,-1.247100891887857957e-02,-3.774755723279923925e-02,3.135635854131920558e-02,1.384243521703712732e-01,4.137738474863510152e-02,6.117343093216415228e-02,-3.540671137712305683e-01,-1.406450038884059783e-01,-4.126351529750825753e-01,-6.959726926719078666e-01,-2.944489764291974288e-01,-6.159705924042135211e-02,1.522897165802213071e-01,1.885501665387770420e-01,-7.701742002856121205e-02,7.985420096892843767e-02,8.203941330843829427e-02,3.761630909533030670e-02,-4.982782078827850680e-02,-1.704194551705119978e-02,1.283708497823319618e-02,1.038550990627410200e-02,1.255504493251095952e-03,-1.146808807925329965e-02,2.469587675159462276e-03,-4.909042359162085235e-03,4.030135160040573252e-04,8.993166782005693194e-04
2.244156057076178608e-03,-4.563898743846572272e-03,-1.115972859923019568e-02,-3.526503500047690198e-01,-4.601889863640109546e-01,2.514186416156067305e-01,-7.689891057095882276e-01,3.458039763101923569e-02,7.900454462555434390e-03,-8.061591263536395380e-02,3.649106657283141680e-02,-2.536901071644265433e-03,-4.308511130615961734e-03,9.120478422155843057e-04,-5.164033814708202108e-03,2.619538127149847757e-03,2.824317489128503993e-03,-1.209392020429893695e-04,2.482457897019886626e-04,-1.686510771109941801e-04,7.766063627550035507e-04,4.254593138369541934e-04,5.489056727653225133e-05,-4.175302229775308574e-04,2.251793026441740379e-04,-7.760716528909640879e-04,-2.326423693645725984e-05,-7.519713977134245451e-05,-3.555370249019614416e-05,-1.910255633916314378e-04
3.386844383913291401e-02,6.677438374789532172e-02,-7.164499430906978716e-02,-3.282483546207831671e-01,2.745579654320058904e-01,8.282926792746393430e-01,2.459649692868190740e-01,-1.365721312570734869e-01,1.671174691571821191e-01,6.134871747765613392e-02,-1.249278419782054277e-02,8.076170120248120365e-02,3.053153009328986311e-02,1.204449143679766146e-02,-1.289694265323469355e-02,-2.651151748788608403e-02,1.467229332361334217e-02,-1.345063971648816602e-02,-9.559665775609346022e-03,-4.631671164605561351e-03,7.393798484434740623e-03,4.378592528417798828e-03,-2.094896399659772895e-03,-2.602996996997024651e-03,1.723887901346124051e-04,1.058730147007118632e-03,-6.495972201892002279e-04,2.651101660972030364e-04,-2.485428785971718226e-05,-1.249850565498106616e-04
5.081851956418987903e-01,8.548340036417926280e-01,7.517755900734780783e-02,2.680494299594235463e-02,-3.832624705640399337e-02,-5.408358592540603998e-02,-1.122984360481728977e-02,7.433714105501808798e-03,-6.415460226633845804e-03,-2.820366939710837722e-04,4.187339434394491723e-03,1.329247044526214510e-03,5.899236566350048432e-04,-1.734121331828415854e-04,-4.138829069761289854e-04,-1.284079252282779502e-04,-6.899939160126407854e-05,7.909229849068218445e-05,-1.365497387123398030e-04,-1.132734076425416818e-04,-4.044362100178691692e-06,-8.835808147369624867e-05,1.148740401000810976e-05,3.196786435266969349e-05,-2.804405814705658142e-05,2.719813607197195737e-05,1.113472575717907762e-05,2.117693827106560447e-05,-1.847856585696274931e-06,-1.473579789763438650e-06
3.047861557346293181e-06,-3.464486594213155398e-05,4.834284665400452645e-05,-1.955244117484661402e-04,4.946771792013737994e-04,-2.309319935958596991e-06,9.643222321172868587e-04,-5.303610646181607623e-03,1.158379639050686159e-02,8.153309346577954780e-03,3.236842092317217257e-02,5.849525427953285867e-02,-1.834915014808558465e-04,6.533275460302420679e-02,4.321827257058948046e-02,2.299116185059059125e-01,1.147520878787740561e-01,2.133185139419320753e-01,1.848142370739224161e-01,-1.633602399397502958e-01,-2.017442499657889909e-02,-1.824361979763910735e-01,-7.665638120856849147e-01,1.001344290647371987e-01,-3.851928513172684920e-01,-1.281612604000443301e-01,4.283586345572294035e-02,2.693665626165501342e-02,3.091501244758101605e-02,1.309094391099683008e-01
3.787189375021424203e-05,-4.588462129240834526e-05,3.364949451196685293e-05,-2.364179829441075825e-03,2.124565243741995905e-03,-1.581150284174549260e-03,-9.696707648959092566e-04,-1.735021755180863115e-02,6.560566334593741222e-02,3.755526556955287448e-02,1.122233208528066184e-01,1.115529786703479964e-01,-7.452653050013666181e-02,-4.451943045399177346e-02,7.586779342426194783e-02,1.935725252693697718e-01,-2.780345885230023906e-01,2.313599120033325851e-01,1.741888337446244883e-01,-3.305713438205523658e-01,-5.179064615057562548e-01,-5.053666517188613039e-01,3.224478620581374133e-01,1.605873121856892264e-03,6.385888371782273698e-02,-5.295480114997253886e-03,1.215697882561655729e-01,-1.979391752506870147e-02,-1.190351157976343461e-03,2.905788625510535503e-02
7.735414861314894597e-05,-9.252360084149304983e-06,2.653856576429781413e-04,-3.116802232920996840e-03,1.897409429601109102e-03,-2.546252696475776074e-03,-3.472444639727385635e-04,-2.177002940591479807e-02,7.707221663009250490e-02,5.454875268215026579e-02,1.765811795816740193e-01,-4.287222406553771459e-02,1.740258325624074176e-01,1.396288370358911290e-01,8.377959873019624748e-02,1.919872214745057815e-01,-5.279683825020706767e-01,1.423012902451563089e-01,3.088521135257599193e-01,5.606782654328760218e-01,1.183147528579280988e-01,9.047867229040969239e-02,9.052397594253819291e-02,-2.151040576393975501e-01,-2.718093895234716673e-01,-6.795498031776059378e-02,1.286451679368344437e-03,-2.202982707531313950e-03,5.902863815412429148e-04,-2.812101690103835632e-03
4.610799747238703374e-05,3.318252310130204283e-05,3.570309489185179559e-06,-1.091911009160375029e-03,9.413671422373899719e-04,-1.543852144606419467e-04,4.158674528545980536e-04,-1.046903801068137414e-02,2.296942712581789836e-02,1.656709717972816923e-02,5.993414629038562591e-02,5.967877965156382497e-02,3.851330621627176154e-02,7.712525012565375759e-02,5.162503541070986857e-02,3.013699803447320025e-01,-1.049576803350622950e-01,-7.537621725651134225e-03,7.477384893631180973e-02,2.855669114004683595e-01,-7.706588369190223164e-02,3.499222357144636530e-02,-2.552923895940809595e-01,5.004144517011279714e-01,6.721675761341709965e-01,1.280988044299404549e-01,5.036468866505472083e-03,3.677074710309331806e-02,-8.526367330867239830e-03,-1.944608061020394393e-02
5.375968891333253027e-06,-4.245032154786557903e-05,1.250737215556819981e-04,-6.587053881834839357e-04,6.195140080957692178e-04,-8.413771088817993335e-04,8.771217373380973102e-05,-8.490235177339875913e-03,1.619535052952282908e-02,1.621949453631691546e-02,4.780833394875815684e-02,3.638374876989231010e-02,-1.634085444900443274e-01,3.014686681361887222e-01,9.916822417775594811e-02,8.217828457377500395e-02,-1.124575047896855806e-01,5.905335632666572909e-01,-6.929356621275424288e-01,1.029815740320987744e-02,8.690133142212579098e-02,7.263009038322419675e-02,2.243185919960100777e-02,1.973867676699956122e-02,-2.913336515686450537e-02,6.982496409204504151e-02,-4.149885269144071472e-03,-1.792508959955243023e-02,3.437837362990242476e-03,-1.346870268999279113e-02
-2.978310955928939725e-06,-2.474813027292690728e-05,4.219818396622508454e-05,-9.652491295115426314e-05,1.849051690659216009e-04,-5.093455536608054854e-04,-4.277387505773927630e-04,-3.397769882070481896e-03,9.678510469108767000e-03,6.969848073114684288e-03,1.850714225196419330e-02,2.047715289563625113e-02,-1.001961395751094219e-02,-2.560341712126546800e-03,1.142012367692160982e-02,4.146534869080002045e-02,-6.060478669875620644e-02,4.830743459124361983e-02,6.050958403518281320e-02,-1.090876853074067010e-01,-2.131934498583091253e-01,1.340540081429499597e-01,-2.476337216577841407e-02,1.700308211040336970e-02,-5.970930560934391285e-02,4.655676581545484249e-02,-9.213089341545640520e-01,1.242613574669546722e-01,2.434217212924921422e-02,-2.016395227365116727e-01
3.097861894902772476e-04,-7.869072639654315368e-04,5.261334700006092477e-03,-3.593446529752456885e-03,2.238216698311409035e-03,-3.365506998283928058e-03,-1.497126129512303672e-02,-9.209380052428008112e-02,-8.557942329743398191e-02,6.029269004006094362e-02,8.567411754496216669e-02,1.070525734834542886e-01,9.698171748077168142e-03,3.860000815099753207e-02,9.524786532604143652e-01,-1.284634658526746798e-01,7.879659390975886357e-02,-1.674314356624828914e-01,-9.709484941408906555e-03,-1.826452418794286686e-02,-1.917902781615937529e-03,1.566071919773430465e-02,-4.261186418071691122e-03,-1.715045315906536805e-02,-2.655186859299623562e-03,-2.844946638267723676e-02,-5.270130622367580689e-04,-7.042909366756860967e-03,4.392800507892659009e-03,-7.631768365263917782e-03
-6.867421077064236737e-05,-2.928397133374041394e-05,6.098935674838547663e-03,-1.927159622397982969e-02,-4.074223561442077285e-02,-4.367665867275521280e-02,8.494806876758388692e-02,-5.806876607297318804e-01,-3.499952468685098989e-02,-7.634787876322801647e-01,2.544676144923815331e-01,-3.213073994212325285e-02,-1.981110152254510551e-02,-1.550991636037349700e-02,-2.924555359718554806e-02,3.686027633572845370e-03,1.039616419337305656e-02,-1.686607989862600864e-03,-4.939345053025441176e-03,-2.015527779747997104e-03,1.705522049247847451e-03,1.321089568054630362e-03,1.042243559329961893e-03,-3.542307026940656918e-03,1.835975119474221639e-03,-5.614099611157396391e-03,-8.442283697800587140e-04,-6.662957840773730319e-04,-1.354604991345643083e-04,-1.687835514152989441e-03
2.241610763638243568e-03,-4.635322513277953874e-03,3.871044636366930553e-02,-4.624628796322705071e-02,3.452251210620921329e-02,-1.305732090870032336e-01,-1.430638221000348209e-01,-7.832973310470593420e-01,-9.977680446687214877e-02,5.323360497289874038e-01,-1.963656957815305415e-01,-4.638082592287767758e-02,-2.095874977277545348e-02,-1.821525166015917864e-03,-9.461650946236140058e-02,1.344383099841909950e-02,9.520300163527282630e-03,1.457782185363221475e-02,6.335010946930151772e-03,7.918883588877058052e-03,-3.473293371395478300e-03,-2.411965586970858059e-03,3.663095741667752605e-04,-3.901167473230916349e-03,2.605080938839991929e-03,6.958051029075031264e-04,1.175242556680019553e-04,-1.045198227069507732e-03,-6.764343195435827379e-04,1.312857167688930189e-03
5.552984961840459061e-02,-1.112759419405185551e-01,9.796791470699484083e-01,-1.375220498273218017e-01,5.349653449898116725e-02,1.923000449473035584e-02,2.773985192356949459e-02,3.888148450916968646e-02,-2.873145499453965725e-03,-1.683484046250748392e-02,6.473347761643747159e-03,7.315147928262990271e-04,2.758696460957972899e-04,-3.505540364095621514e-04,-1.583343841879540550e-03,2.889957715348390622e-04,-6.722131707043417850e-04,3.769852580176048774e-04,-7.195147099668145146e-05,-2.100193579495046277e-04,2.246396179390656008e-05,-2.177106146670709251e-05,2.738120425452921864e-05,2.317471490741202379e-04,-1.034182469342579280e-05,1.297206860131819414e-04,-2.268207597371098595e-05,4.253748836926489197e-05,-4.609287363766154925e-06,3.906230592086184738e-06
-1.066201786510892553e-06,-5.187061960673649469e-06,4.370533374926698832e-05,2.111849316941819923e-05,-4.991050972913872128e-05,-1.590909282251717980e-04,-1.774408671129765907e-04,-2.458131918849543445e-03,1.026456973958609319e-03,-2.411529570169137528e-04,3.908682650491731789e-03,3.507759639560313180e-03,7.026328342122183102e-04,1.237848845929132241e-03,1.708631097742089808e-02,2.637678168142208388e-02,5.857197452033766072e-03,1.830911597034899294e-02,3.178181109809840449e-02,-3.689132985520547636e-02,7.932264611461867232e-02,7.546354080185077584e-02,1.522877766780245390e-01,4.831308100931083760e-02,1.856582061430463518e-02,1.092085134663563217e-01,-1.471051599437628865e-01,2.985679702058767759e-01,2.031025562087077907e-01,8.913011656527060067e-01
5.019830585480658245e-06,-1.133694131627870284e-05,1.680550954963127511e-04,-8.251937000524344227e-04,4.359602708049245393e-04,-1.229441034629201804e-03,-1.838857244083994284e-03,-1.086546709607944840e-02,2.074462975809473336e-02,1.801445126298380564e-02,3.475552877336277047e-02,-2.590747835874904551e-02,-2.747121073556733212e-02,-7.508242319185021163e-02,-5.020777335006483197e-03,-7.957153424025269206e-02,-3.151509458056929169e-01,-9.191985249218584397e-02,-1.668498432942246146e-02,-2.315141473995026011e-01,1.308249231841473181e-01,2.238226187095646025e-01,1.765900481813657830e-01,7.039197775344634422e-01,-2.916356746383816367e-01,-3.307810703206223724e-01,5.499486745164779145e-02,-8.867513517976527426e-02,1.454922948542934913e-01,-4.924097224430312725e-02
6.467729641477931757e-06,-1.590446158016594382e-05,2.257871408133738989e-04,-8.942581184287463989e-04,4.252318494976719491e-04,-1.208265309505831804e-03,-2.018717005890490954e-03,-1.083343498608457800e-02,2.944693676960985843e-02,2.863453828579975990e-02,7.005795484210369795e-02,-1.519173422397327722e-01,9.176166865999059452e-02,1.925805824056431304e-02,4.845199215744991003e-03,-1.114307372218224929e-01,-5.610617891772119448e-01,-1.405569349976398263e-01,-3.581130595697816499e-02,-4.842032547484363958e-01,3.489741280234190945e-01,-2.034930151213214938e-02,-2.720724237166271542e-01,-2.653606939810454479e-01,2.872868133955611136e-01,1.205342808250324249e-01,-3.978587501652137287e-02,-1.078112957575225878e-01,-2.146533739379053590e-02,3.637186533592727533e-02
3.165857668890862467e-06,2.038362996825120481e-06,6.345659838929243208e-05,-2.256601012182350512e-04,1.453604275072018707e-04,2.415460508083979224e-05,-3.136659428865231714e-04,-3.434373148660261731e-03,3.422002670237261034e-03,5.258225884290216624e-03,8.518096452774912355e-03,-1.471983230227396147e-02,5.128008065221792249e-03,-2.393422710232048604e-03,5.115227243097358184e-03,5.546777753331756655e-02,-8.208727669070318977e-02,-6.680506915899274423e-02,-5.066751972218452166e-02,-9.296912400471205040e-02,6.597949998293153873e-02,-5.982546237233672204e-04,3.049034299545918722e-04,-1.675011594915485832e-02,-3.273021249732209481e-02,-3.938931400969653863e-03,1.848478287176423263e-01,9.239897710922519991e-01,-4.580751525724858705e-03,-2.836282550434633953e-01
-1.638148588304312152e-06,7.126485776465507226e-07,9.930463274298094542e-05,-9.646930101066421683e-05,7.940806908589336053e-05,-5.591337118981175650e-04,-7.632230792103528432e-04,-6.570898851061440435e-03,1.520388971051869461e-03,-1.336907910952379744e-03,9.660763119740529287e-03,-2.876422135701973970e-03,-5.784968094771247155e-02,7.278257737021021079e-02,1.169984998358419848e-02,-3.101722705577632591e-02,-3.244851568566762406e-02,-7.650995057868197058e-02,9.992073975626959703e-02,-3.101986318473094056e-02,4.056449074042552116e-02,-2.168763852968493694e-02,3.500023204891933304e-02,2.320053766556174901e-01,-3.207643102236738541e-01,8.916214888097225844e-01,7.609303525233739041e-02,-5.296392881232737937e-02,-2.503024354417086178e-02,-8.936713740864728195e-02
-3.053124092054046187e-07,-3.351277041338356247e-06,2.727947707436860410e-05,-4.186058005786053157e-05,3.350914991684280893e-05,-7.973039630631057373e-05,-2.863882048721437686e-04,-1.845983514353527911e-03,2.327412832743634957e-03,1.949234020839366900e-03,4.868379549023606027e-03,9.686726150386636191e-04,-1.341115968985762867e-03,-8.649150767374363252e-03,5.946477373308026344e-03,-4.496182263421703330e-03,-4.596668768691220680e-02,-3.069550268461477324e-03,-6.043100696718563302e-04,-4.915357772112385198e-02,-4.523769549745400992e-02,1.165331550137726491e-01,2.069209632776917648e-02,9.857977180705658482e-02,-6.094131593497793126e-02,-4.990867948520764236e-02,-2.112680146240895201e-02,5.121229321679532376e-02,-9.614316872513234413e-01,1.894583177297940457e-01
7.067784213126516134e-03,-1.909306973761961952e-04,-2.177431060155166423e-02,-6.545389030760927207e-02,4.619905636925362991e-02,1.087975871935656924e-01,4.011644288208367909e-02,7.083633446761250507e-02,-8.537549212540422872e-01,1.262364820194309956e-01,4.357311894739629432e-01,1.344208947069438775e-01,4.868154340444504069e-02,-3.359689366743755234e-02,-1.303275650445447076e-01,-2.646010268024568540e-02,-9.537736833714484386e-03,1.577207261916000608e-02,-1.317903133265042534e-02,-2.171941128711204604e-03,5.137281489414845942e-03,-7.367727504398719103e-03,4.269091520880550421e-04,1.847048220991205159e-03,-1.249162749922484196e-03,5.966668015102797110e-03,-7.385342728812436435e-04,2.146542357929897941e-03,-4.315794493117361690e-04,7.598228450915708908e-04
3.142773857432292883e-03,-1.313117643322303171e-02,-4.864468898379884637e-02,-5.072510301673969213e-01,-6.342546547540525159e-01,-1.647715465252740652e-01,5.467778935335962931e-01,3.708495214525371880e-03,2.191200821288040966e-03,9.773476286921245482e-02,-4.570139801702438609e-02,5.051960669017303666e-03,4.499750504342283491e-03,1.356053159869355460e-03,5.703973085283390795e-03,-1.927562113186435987e-03,-2.739615122102462622e-03,2.197209157055488124e-04,2.453305486202872043e-04,-1.205364731212271994e-04,-9.530746846031842986e-04,-5.396288633388094096e-04,-2.555178330973173419e-04,5.241899439419760078e-04,-2.243894292853823298e-04,8.299001722237685100e-04,3.543218862411784642e-05,9.387501582869819331e-05,3.016568135253528500e-05,2.312297089436457910e-04
4.932911368499963423e-02,-6.363713326075000776e-04,-1.233097189327835713e-01,-6.928376219606012798e-01,5.475174321836469016e-01,-4.116052358324776006e-01,-1.301617751883066276e-01,9.555739134262070111e-02,1.685848395896441879e-02,-8.088370828220753372e-02,-9.838798482958795513e-03,-2.022351505738367774e-03,4.208501055795996204e-03,3.010402303402786098e-03,1.038048545250058394e-02,1.505856150868423518e-03,-1.739575838357646474e-03,-1.302557388498064425e-04,3.212204719348440052e-04,-1.265083585458517132e-03,-1.584292360836750131e-04,5.171760622077963649e-04,-7.363446774992010236e-05,4.963441411267176424e-04,-1.845282530843902970e-04,-2.168685530259393851e-04,1.642697366586360439e-05,6.749262125509787255e-05,5.448819062594262031e-05,-1.195328156726205586e-04
8.573153852302609623e-01,-5.020925262929949451e-01,-9.773647096700603665e-02,4.951426971520640763e-02,-2.022400717471788123e-02,2.037505085036132521e-02,2.457554707173465434e-03,-6.028476106511931713e-03,5.664921022963881510e-03,1.565540837327807164e-03,-2.678077327370850542e-03,-8.477619952102881384e-04,-4.576920185172135276e-04,1.026379998156182633e-04,3.432000393612718312e-04,8.880554526283684956e-05,9.935611292165659242e-05,-8.892890288841193017e-05,6.282536358178076685e-05,7.746911420800467972e-05,-1.391186574098855476e-05,2.950156263834823891e-05,-4.488859561857655241e-06,-2.799981406004389299e-05,1.104585603729493864e-05,-2.690022340839704390e-05,5.888878618512719000e-06,-1.213028832891704080e-05,1.417175602766567540e-06,-9.746861761976506914e-07
5.277839687722562481e-06,-1.065066830263194903e-04,-1.280121893297473485e-04,-5.957298498699942864e-04,3.603037214235765536e-04,-1.388666746395844425e-03,3.194137069329300218e-03,-8.609067175426076204e-04,1.667254125433390716e-02,1.968253652475781754e-02,5.782293354023128329e-02,6.644709549185327802e-02,-5.911239092297440514e-04,5.343475779734344761e-02,6.377685696297123730e-02,3.960008291453359086e-01,3.152368977510670023e-01,3.165000914633172013e-01,3.887818078854509696e-01,-3.088497780995983488e-01,4.783312972679997777e-01,1.938304818572827715e-01,2.801557553381605614e-01,-4.003491435610604526e-02,1.196258732484944409e-01,5.651283492703724175e-04,1.217580939713135439e-03,-5.340142899066820797e-02,-3.520121606389273877e-02,-1.298944125739445454e-01
1.015362285875034433e-04,-3.243112628134447594e-04,-9.973217881186077164e-04,-9.744828999899805833e-03,5.352438343005925907e-03,-1.557305154166428382e-02,3.422772395835078831e-03,1.794619525994344119e-03,1.844386962208718339e-01,1.366058385400069630e-01,3.528889874700095186e-01,-1.057398305075843686e-03,-6.557115323320386047e-01,-5.797279959308984099e-01,1.784279903983589100e-02,-1.178868097486106617e-02,-2.708118902752458534e-02,4.389885979255879478e-02,-5.600411325152454892e-03,1.438447891306947057e-01,1.450420098665602398e-01,-8.268920907201443224e-03,-8.156477454790285464e-02,-5.028010815006042633e-02,2.050706249850334922e-02,2.810052392497535204e-02,-2.776230152575209775e-02,8.442769446539219805e-03,-1.357242129263380032e-02,1.308968736379381281e-03
1.571831458675402985e-04,-3.228706114237818339e-04,-8.943241058447870886e-04,-1.097582562456743925e-02,5.514563425767787450e-03,-1.311156085877505234e-02,6.678013927741874647e-03,9.253885671457692287e-04,2.222918940740965799e-01,1.961049247570242349e-01,5.539368797579555803e-01,-6.510639235162500871e-01,2.651603838715383965e-01,1.037791560435012694e-01,-1.418954086204915217e-03,-1.086620337159507621e-01,2.492485951395751742e-01,4.986271375078648455e-02,-3.051637377662271347e-02,-4.219887611312309744e-02,-1.075348779580800468e-01,-3.688762195028203600e-02,2.373150017134253303e-02,8.266159143471504822e-02,1.472029312759957041e-02,-5.440122076416393105e-04,3.629543060769343382e-03,1.615593714039379250e-02,1.488876156192909172e-03,-1.732863630234783917e-03
7.217155186549142616e-05,-5.112965314214963587e-05,-4.550729794488780639e-04,-2.973780739358177199e-03,1.844266110215140621e-03,-1.993318246805515694e-03,3.645066984519130908e-03,3.078735376568207151e-04,3.894836264374088725e-02,4.738308433380335888e-02,1.197972821693306239e-01,-1.518209875184126610e-02,-2.496378940699215190e-02,4.437184878124281889e-02,-2.086193164069359562e-02,7.068687085943650139e-01,2.915154373690375181e-02,-5.460822296134688614e-01,-3.528956499386995405e-01,-5.540647266004036092e-02,-2.004686107939368522e-02,-7.080750676693877387e-03,6.974598796276444690e-02,-1.053988493628737616e-01,-1.560748296644400013e-01,-2.127240052459587055e-02,-2.353336048150923843e-02,-9.772346284755648038e-02,3.456273966415767448e-03,3.036039540969048822e-02
1.791602742023069367e-05,-1.591401726688481300e-04,-5.602763165059767691e-04,-2.203699984214200092e-03,1.656652088268915175e-03,-6.214384964117264203e-03,5.261928923809818491e-03,1.030928325045083783e-02,2.527643032025831890e-02,3.761886570317706652e-02,1.278518568951162726e-01,1.950150298163854518e-02,-5.735353808899198436e-01,7.106503439477578343e-01,-9.912241664287164966e-02,-1.573402534797673225e-01,1.959439704473675201e-02,-2.205469818747520516e-01,2.133795750688307624e-01,-1.874331145700332615e-02,-2.268459925059351442e-02,-4.127328343600977952e-03,1.138685945244756817e-02,-2.585316775583544266e-02,4.279224895526499012e-02,-1.185390854559205814e-01,-2.375145399597175175e-03,1.554345760993689970e-02,5.820126010606810688e-04,1.113669628619514372e-02
6.776113892031848871e-07,-6.696634741926631108e-05,-7.363318494707271665e-05,-7.526044168588711314e-04,4.553200110108843678e-04,-1.612710044210867878e-03,3.279064109494135917e-04,-1.561274691415261498e-03,2.070090705870280059e-02,1.847860722101659497e-02,5.192290825693790524e-02,2.096708743480761930e-02,-5.005461338259998422e-02,-5.011134619278737046e-02,1.808646818571473316e-03,5.625739867155091917e-02,-5.711933058958494625e-02,6.514026263412329987e-02,7.901028179664575102e-02,-1.776582929241952158e-01,-4.901911584520995957e-01,7.541386364861492053e-01,-1.139455199087899551e-01,-1.932538548239623455e-01,2.610983298156367705e-02,7.618893755888658803e-02,2.579264520391389981e-01,-2.989485421671536636e-02,9.502457816044058980e-02,1.771271155507974163e-02
