5.114183809516162880e-03,-1.066916932343849565e-02,-8.901099339275563363e-03,-3.531355666746961719e-02,-3.479764955384619801e-02,1.320893442612603441e-01,3.046252115554840163e-03,-1.573135320853099872e-01,3.358903904314421984e-01,1.759196256493993360e-01,-3.942653942527835631e-01,6.989667659618821194e-01,2.799630358167052857e-01,8.226152316949447707e-02,-1.833874416903391313e-01,-1.472880116938931061e-01,-6.687904066782233981e-02,1.026684594746046786e-01,-8.593954102195577871e-02,-2.151350358955969599e-02,-5.465792666014380324e-02,1.010458512770013098e-02,2.601484162250492296e-02,-1.248977736753880373e-02,-6.257331981188627400e-03,4.111833486659875227e-03,5.636202450840081292e-04,5.922921278685195842e-03,-4.566377175427094120e-04,1.255405333704625800e-03
1.885122068045934048e-03,4.026843727091070080e-03,-2.352451978885584244e-02,-3.466361843050792535e-01,4.431148246877414931e-01,1.273185371256527892e-02,-8.213630313331026223e-01,-5.290828167159735730e-03,-6.364815908064510967e-03,8.630695199418597641e-02,2.326011322900958800e-02,-1.864791794852315289e-04,-8.164571306988130254e-04,-3.525020693338088568e-03,4.313642531404089479e-03,-5.013623786455465026e-03,8.441741015034330987e-04,-1.578716072971657336e-03,-3.490425488882783990e-04,1.201917819572535074e-04,-8.395659005123196224e-05,-4.150129654648846106e-04,1.870358811093700366e-04,4.202365693334166670e-04,-6.923143926212678261e-04,6.757671029127854676e-04,-3.090702917853952234e-05,2.788279787338496544e-04,6.972833578308995090e-06,-2.487219110865809412e-04
3.491135426675752440e-02,-6.896351430148822681e-02,-4.240845040886739165e-02,-3.094936522406564472e-01,-3.047633046412363544e-01,8.712619751690092729e-01,-2.829842167841128964e-02,1.271191475185609321e-01,-1.084835470315347189e-01,-8.114084633160896509e-02,-2.006318629376798932e-02,-7.798691242649180566e-02,-2.914140298149657526e-02,-1.466134515568720542e-02,1.881231298803487384e-02,2.302343098362404084e-02,1.165819190646588503e-02,-1.896442008157831621e-02,1.056660115144450636e-02,3.122313410772985329e-03,8.161298842704828652e-03,-3.907327893740118741e-03,-3.185346190706488719e-03,2.746320460981042412e-03,-1.824442848360190053e-04,-4.316778133992835772e-04,2.379636458743107923e-04,-5.078852718439632674e-04,-1.051918723116323677e-04,-1.292082280239893798e-04
5.120189065733976586e-01,-8.537594206777449068e-01,4.610847234190913746e-02,3.307439255255049254e-02,5.056883279015859239e-02,-5.493154277788751122e-02,8.403964145697745414e-03,-5.985737978528245067e-03,2.260538136314503826e-03,1.043555280507685486e-03,4.639575682579181494e-03,-1.498354148034410169e-03,-4.075706333491655418e-04,2.682244256337385532e-04,4.252242085412807405e-04,-1.224206082884778327e-05,2.255229556255764736e-05,1.255981886215386484e-04,1.244846670828714545e-04,2.706382102374456367e-05,-1.661580458333914142e-05,1.357578534689239463e-04,-4.389060508308449606e-05,-2.980555142031208430e-05,6.245893126144910355e-05,-4.624929991179737767e-07,-1.478967437511523793e-05,-1.736591668504489222e-05,8.878994569380228985e-06,-3.348144775103261865e-06
2.336065521760439219e-06,2.913032054798900467e-05,1.515328950573508664e-04,-2.300495640975569337e-04,-6.863751613892656945e-04,1.113249342757104132e-03,1.049361792657623523e-03,1.024316283051171679e-02,-8.823406478821245458e-03,-5.990974175961839322e-03,2.743708637249437504e-02,-4.596132618175848006e-02,1.375623122460468799e-02,-6.826097071997309917e-02,-1.044269710785513533e-01,-2.612180796911238168e-01,2.069889694737144237e-01,1.073568948849093346e-01,-2.063678681922680447e-01,2.078782565963301077e-01,9.071219160691182306e-04,1.074943298308161238e-01,-7.043558408271096694e-01,-1.182331346564320651e-02,3.897281772900488828e-01,3.145287845938443683e-01,-5.306967893101321998e-02,4.853949884457799124e-02,6.050500132522874941e-03,9.442058831943250796e-02
3.322761385848017982e-05,5.950844499815143945e-05,4.064135261053829456e-04,-2.320397081629458052e-03,-2.435916429071611784e-03,8.015811079184685358e-04,-2.159856957570751353e-03,3.845278190917130606e-02,-5.980957587159967809e-02,-4.090009418947922887e-02,9.914333300271319094e-02,-1.149386055748524982e-01,5.773870542753362783e-02,4.625306237515629249e-02,-7.442735137890275909e-02,-1.509739704486283418e-01,-1.258688409214053228e-01,3.867413997054349184e-01,-1.028982594415690788e-01,3.254362502995271633e-01,-6.415396546583055359e-01,3.983669918882724037e-01,2.323835097616620826e-01,-7.912891844147262876e-02,-9.440728015114090155e-02,-3.560100809111343273e-02,-1.101213302146444167e-01,2.230141923042922719e-02,6.484695608128925211e-03,3.347833537272219134e-02
7.088986108759374419e-05,1.998597695270023535e-05,6.592560609472893074e-04,-2.814982805558773928e-03,-1.958540288569446917e-03,5.263397192182471497e-04,-5.413128257919255738e-04,4.163809047529367507e-02,-7.813662535887244687e-02,-6.086073178784540127e-02,1.686632254029892808e-01,4.783793587482783327e-02,-1.546127165920602731e-01,-1.775639239834949645e-01,-4.467465877496656218e-02,-1.406350609175963939e-01,-4.680743048575959353e-01,3.737629504595198493e-01,-4.230823475151778146e-01,-3.876054059210533032e-01,1.800322452714398780e-01,-8.795843991330667966e-02,1.837121482890582691e-01,2.108133661246725798e-01,1.964261899243054943e-01,1.878402700170847817e-01,-1.514596297927586072e-02,-2.076039555380720589e-04,1.347546942385175351e-03,-5.672822249005630459e-03
4.435564748623208855e-05,-2.817280739772675798e-05,2.709013511883820186e-04,-9.755498476752074051e-04,-1.155807738745349197e-03,1.053772700566512699e-03,7.083680588289706847e-04,1.612665847382824952e-02,-2.314622372606209288e-02,-1.739592228031624360e-02,5.166208998659195528e-02,-4.769564237475257956e-02,-3.715040792972392619e-02,-9.933820674345220092e-02,-8.210109424595476990e-02,-2.764124257383396843e-01,-1.444871210391125427e-01,5.723555822913210106e-02,-1.397603034000704791e-01,-2.830158713981849594e-01,4.438848573947364734e-02,6.410390529973716139e-03,-3.655517826271292847e-01,-5.342975605422912722e-01,-4.590859715461497736e-01,-3.765975650518968432e-01,3.838849316290964681e-02,-1.594984397274497659e-02,3.123511297710219146e-03,-1.846141766791581026e-02
1.507613360089135127e-06,4.912477517139999606e-05,3.061205997358500694e-04,-6.931862381295162551e-04,-6.914817324970056259e-04,1.303937212489885355e-04,-2.203733808025841261e-04,1.674472985185869803e-02,-1.541123570992572814e-02,-1.449156495872075401e-02,4.665656389269982190e-02,-4.267805389853815412e-02,2.263078939445319349e-01,-2.509059746113623812e-01,-6.176445014037650755e-02,-1.222233348322958046e-01,2.923569781167024151e-01,5.976019969966034351e-01,5.815361428635547059e-01,-1.999178835581437996e-01,1.711381770179564998e-01,7.444242830138347172e-03,3.529787352265829903e-02,4.240051561429456634e-02,6.043353718014429776e-02,-7.259497442037203541e-02,-1.419513075331428230e-03,-1.121976845089393132e-02,-1.195850074450691093e-03,-1.261217231745635423e-02
-3.610914798113323393e-06,2.594515724890107802e-05,9.062964043917492107e-05,-1.289144313293853956e-04,-2.120284618208718107e-04,-2.694993421258855401e-04,-3.825680704034234480e-04,6.128475287290183378e-03,-8.902560834090097672e-03,-6.846966030075237776e-03,1.824972984596740996e-02,-2.118093552550106423e-02,7.537666475238640265e-03,6.762369237699622851e-03,-2.086054326349616461e-02,-2.154823655959343248e-02,4.897498381711455108e-03,9.876920779345545187e-02,-3.976813310688292330e-02,9.007823523223408568e-02,-1.860039519318435197e-01,-1.885786145091699340e-01,-3.407812812216494402e-02,2.783447166679644397e-02,6.888619143675142609e-02,-2.463084571961707617e-02,9.280123674796310063e-01,-1.029047703472903280e-01,-5.108377079685835764e-02,-1.634748830675113174e-01
2.719057420734460602e-04,5.407964148697215478e-04,9.199103440009211499e-03,-4.207837529561555927e-03,-1.170137524482111734e-03,-3.754447325251598824e-03,-7.530490816241547369e-03,6.746158980563587981e-02,8.985815665087112936e-02,-4.226283339832643399e-02,9.571305395739344857e-02,-1.256926725545962908e-01,-1.894915368713350270e-02,-8.294273480548695898e-02,-9.395750692485508315e-01,2.049197801555583676e-01,-2.781653299451571429e-02,-1.401915505856184685e-01,4.878741211003900791e-02,-1.699840234080452275e-02,-2.128622782004391950e-03,-5.726246133833005165e-04,2.477365379714640409e-02,5.990944501053418331e-02,-2.667961605171947914e-02,1.344313317066837127e-02,-7.687288033774980879e-04,-6.098934566655035043e-04,-1.451983698623793631e-02,3.628708781168179208e-03
-8.754651116317384611e-05,3.169833503137929587e-04,1.214414585044019251e-02,-2.071541745660467754e-02,3.532872457564464191e-02,2.258725486902793747e-02,1.167422325880060480e-01,5.104001677840140916e-01,4.441764941102895048e-02,8.193585919384922533e-01,2.215973606692986375e-01,1.462308654929986990e-02,2.962272475204820541e-03,-1.629866920326135176e-03,2.507769173846661689e-02,-4.846311821658187517e-03,2.077316703164010583e-03,-1.126557447822118183e-02,2.036079140647790390e-03,-1.017867468466939710e-03,-4.241360108584975655e-03,-1.464711731741501644e-03,2.449536271409854214e-03,3.846928889121985565e-03,-5.094305756799808946e-03,3.665065973198086257e-03,1.398146607755800994e-04,1.844655147340613184e-03,6.530449905303917896e-05,-1.811511245186220960e-03
1.879369300365671880e-03,3.229018175387648147e-03,6.151638576027647354e-02,-4.287352086969272585e-02,-2.692636483746229520e-02,-1.367838195231941001e-01,-5.983646032789136093e-02,7.828374940945698190e-01,3.372965617719433373e-01,-4.503675995106704022e-01,-1.763868927501141270e-01,6.023813783501882207e-02,1.684964538155339989e-02,1.266945077914410217e-02,7.856512681789087904e-02,-1.467295264357380835e-02,1.306436578022331617e-02,1.154965291475876189e-03,-1.055635681282269395e-02,-4.381210049017338765e-03,-1.085330494459833773e-03,-3.056524623566648537e-03,-1.793804497478421276e-03,-3.979346328056391872e-03,-5.490532779900222536e-04,3.328006252391329405e-04,1.117038808107818970e-05,2.413068839131175120e-03,1.438970907380297121e-03,-4.618526317518328764e-04
4.631860283625197777e-02,7.664356100168229213e-02,9.870572486478466079e-01,-1.088169197201519361e-01,1.374762763156970810e-02,2.704592705956506554e-02,2.812838585097785990e-02,-5.962413808785767266e-02,-1.872208638624940288e-02,1.361528448547625302e-02,6.294445855075665730e-03,-6.235489245907368996e-04,4.121433378752783344e-04,7.813321488327326300e-04,3.454974927152859674e-03,-1.041882962168404897e-03,-8.636590027317226503e-06,7.604744401057094956e-04,2.156056211179538699e-05,2.594861543955775019e-04,-7.054901915518941614e-05,2.056217745557906965e-04,-8.739586369228237916e-05,-2.213512387439100062e-04,1.445405478595193291e-04,-1.060286790014151474e-04,4.018737161406373302e-05,-6.543717212286736802e-05,4.097279096484162460e-05,1.521873591536838524e-05
-1.108153517506199680e-06,2.476033367693219925e-06,8.000137703897779303e-05,3.739081565135229251e-05,7.581126671148083224e-05,-8.581297534821370450e-05,-7.667713118523606611e-05,2.924868113904748219e-03,-7.709612599038484634e-04,9.430810932979752674e-04,3.444141073392725013e-03,-2.842356369898891340e-03,-2.153568277383300159e-03,-6.258461637038146078e-04,-8.302695970604746442e-03,-2.777326102121734433e-02,1.985070378337391514e-02,3.743995339832167576e-03,-2.603891239854543363e-02,4.702114193544232323e-02,8.696238739936906770e-02,-2.810966305373326438e-02,1.222304821333719677e-01,-7.290909148095368886e-02,2.631356920084717416e-02,-6.892017759510352115e-02,1.523145676411680749e-01,-2.032038933991004714e-01,9.557707557913823135e-03,9.472030741635812934e-01
3.107009566905968058e-06,1.215626907350079375e-05,3.703912169761479031e-04,-7.459217815512726767e-04,-3.965600850996652276e-04,-4.600382290413467228e-04,-1.968624632658081720e-03,1.515635668091515689e-02,-2.001034290596962958e-02,-1.168684705611620737e-02,3.594221751494171974e-02,1.909510577076102902e-02,1.884047652385373306e-02,1.090277326814016595e-01,-2.766691133727265314e-02,1.134908966882456210e-01,-2.568750489613765842e-01,1.124840019975181238e-01,1.727248156737726803e-01,2.661990303416658654e-01,1.975833941009530470e-01,-1.938397283297084994e-01,1.683294961034841886e-01,-6.943994161774419416e-01,1.907073893154930255e-01,3.527866857802937073e-01,-1.116653236694808635e-02,1.180325322172083163e-01,-1.667145587500166171e-01,-5.034611243808431724e-02
4.621895071139037250e-06,8.519501105874918549e-06,4.389246865129909736e-04,-8.553263558707010746e-04,-2.944529946645621466e-04,-8.222318188425652413e-04,-1.951312498833953713e-03,1.805110016854191354e-02,-2.831723152578833128e-02,-2.676088990823425467e-02,7.373576499137533824e-02,1.407002728698499849e-01,-8.177946775156234860e-02,-7.801272922952757344e-03,2.079021814787909359e-02,1.579556337080145478e-01,-4.384517750302198702e-01,2.085573437386443185e-01,1.628436094742615470e-01,5.369369760041512452e-01,2.940284411088446848e-01,-2.760906022821161751e-02,-2.871412565299455433e-01,3.170493395410046156e-01,-2.346183209417475046e-01,-2.340927520834123199e-01,2.953302674680578430e-03,9.028633135318339664e-02,3.123833058095435919e-02,3.261846858848486269e-02
2.586867294082666928e-06,-5.946459959833491288e-06,1.579169003350291566e-04,-1.821245217755068408e-04,-1.432132698632259489e-04,1.245220462990306745e-04,-2.298264293764718013e-04,5.259698643131826591e-03,-2.830663654164770719e-03,-4.012827050150299772e-03,8.620084556008019219e-03,1.310633818177507799e-02,-6.254470632829063279e-03,3.445305939573102983e-03,-6.114654313862604926e-03,-4.785878380568236307e-02,-9.170690183959646913e-02,-5.145530739513768520e-03,6.374773340027893587e-02,9.603153263239304349e-02,3.531122727168767295e-02,9.841144895500522280e-03,-4.186118288699513384e-02,-1.840035752088817894e-02,-2.055260939956847499e-02,1.064711274060087948e-01,-1.321327391536399887e-01,-9.547337456424198621e-01,-1.552541607297642200e-02,-1.766094323027200264e-01
-2.353412698293080912e-06,5.571416953663439100e-06,2.631476747140219915e-04,-8.991792030450529167e-05,-4.276067877754364350e-05,-1.812700625628862452e-04,-9.899247278225380142e-04,6.542597936945344916e-03,-7.575397774921802281e-04,1.351838597767181412e-03,1.033589814379627658e-02,-3.956687924613950039e-03,7.250442855006569709e-02,-5.790192486977831232e-02,-1.217249627102179495e-02,6.187899061371093107e-02,-7.787786781190900176e-02,-5.711925201967764376e-02,-8.340012118099582317e-02,7.041246386913378730e-02,3.262402610753151189e-02,4.468110538685921701e-02,5.415809624905736086e-02,-1.357535633542163722e-01,6.627433154326246578e-01,-6.968043714554155166e-01,-7.141376178805894370e-02,-5.771938933316428377e-02,6.278321411195410089e-03,-9.134922947100380941e-02
-3.158949754794152477e-07,2.766811831175604921e-06,6.467139612677300336e-05,-5.141756318141313165e-05,-2.624850369838022630e-05,3.419145227931310037e-05,-2.633964696144700836e-04,1.891716158088051648e-03,-2.521969410761062524e-03,-1.413597191246926659e-03,5.437225100456855899e-03,-1.823778796391610285e-03,-5.654912743783946762e-04,1.180981184446655563e-02,-2.059259865571760190e-02,1.617403603868869041e-02,-2.415844519813116140e-02,2.325283507213466924e-02,2.753855224135388566e-02,3.722420457231468555e-02,-2.331189114645123781e-02,-1.280062734951838976e-01,2.998822227954458380e-02,-1.160601612379390246e-01,3.642396469467739512e-02,6.279611870634854709e-02,1.714251497103733493e-02,-1.644353756718436267e-03,9.789820625654011010e-01,-2.430020564397670363e-02
7.273976086599769596e-03,-5.967079557772275765e-04,-1.232955661178338283e-02,-6.719839569277918923e-02,-5.054350015051678469e-02,8.672842799506323697e-02,9.529610311750414536e-03,-2.439008502189671246e-01,8.073390290694076876e-01,-2.637231956931252938e-02,4.835473482581687521e-01,-1.366388629741021876e-01,-5.573769179983084632e-02,4.173016756759015400e-02,1.230877547240983028e-01,2.135535952180815135e-03,3.626822922847568794e-03,1.812498064634262759e-02,8.881470492312458845e-03,-1.808179617997824826e-03,5.877732804835503026e-03,8.733048375055627380e-03,-5.388773841796684790e-03,-5.535672950604338463e-03,5.992170772846919062e-03,-2.363255854877975570e-03,4.436684370849258512e-04,-1.317374712069067401e-03,1.768626607199759795e-03,-2.081105787915847399e-04
2.765774767757546264e-03,1.542385633976582973e-02,-8.653268081177988014e-02,-5.510505947411911132e-01,6.091958333166590522e-01,2.395363834710887568e-02,5.529766453109358215e-01,-1.694825901504500368e-02,-6.022174796962109951e-03,-9.812827678048936797e-02,-3.381530359449419487e-02,-1.770877608984197183e-03,6.045829151036991901e-04,1.565561665944090056e-03,-4.031452736784213106e-03,3.068965029624004959e-03,-8.321764765594518495e-04,1.709613590174942572e-03,1.042894570033692334e-04,2.014145609039667665e-04,-6.108984213858389468e-05,4.169620154296452968e-04,-5.414198608253990418e-04,-5.688929475444788478e-04,7.176469989145096550e-04,-6.321240836337378146e-04,4.972483965028181885e-05,-2.569041258049700846e-04,-3.369130122605347196e-06,2.656383339168502319e-04
4.999187399702344214e-02,-5.348115566696975444e-03,-6.182868309413813018e-02,-6.763333272724727507e-01,-5.752268860001354955e-01,-4.377795427387716765e-01,-2.173910394687998682e-02,-6.763900507338735379e-02,-5.302820686280036028e-02,7.355710130070235164e-02,-1.645370788315388827e-02,4.867616722240571234e-04,-3.634549924785519803e-03,-5.792253716422964167e-03,-9.511810201681306087e-03,-1.663774518420529729e-04,-1.802873763749951496e-03,1.477743506325159429e-03,3.343655400257445010e-05,1.165493070435885507e-03,-1.901495273232391094e-04,-3.564037448545896106e-04,4.251927486346284281e-04,2.588822351483057674e-04,8.203916182585410015e-05,5.896239879309950432e-05,-7.678023401851983350e-05,-1.756647667170365844e-04,-1.380673195370979987e-04,1.502732843008502697e-05
8.554994502933984668e-01,5.099574034400623512e-01,-7.534069633772876029e-02,4.167336777811968263e-02,1.279825973051507311e-02,2.011349396300068579e-02,-4.058189143860532234e-03,6.941728854457290820e-03,-2.344898173364208180e-03,-1.903441640569640157e-03,-2.821864852045867771e-03,8.719918943565136728e-04,3.716498444547508009e-04,-1.287984721623975954e-04,-4.543091055092369438e-04,3.670011368033067659e-05,8.156664147259047072e-06,-1.588415288603954513e-04,-4.891975517724985942e-05,-2.705357344956745044e-05,-1.425160944740696727e-05,-5.825493270826234460e-05,1.947210476354928552e-05,2.634998754844888793e-05,-4.095344796182771272e-05,1.241449976683434831e-05,-2.288035793644300354e-06,1.276443004367340978e-05,-7.039211435988672483e-06,-1.093801705248179123e-06
5.115000314289591483e-06,8.620905545201556586e-05,-1.837416538708854300e-04,-6.752964855633865164e-04,-5.003187800013509734e-04,5.631459848158536862e-06,3.009957290443889596e-03,7.031361708007176185e-03,-1.343715514928923126e-02,-1.698078388761372834e-02,5.328371309673956419e-02,-4.968756493962964843e-02,1.476282013515915065e-02,-6.130949973938497333e-02,-1.028048957293615090e-01,-4.400390305978307826e-01,3.799714410536136344e-01,1.927602541084218277e-03,-3.377969401057881460e-01,4.057940863026354705e-01,4.106864281400903205e-01,-9.911104596262675093e-02,3.658227695838003335e-01,1.603895648568192875e-02,-1.565229894141678957e-01,-8.481784547834449184e-02,-7.274641149206454577e-03,2.159957292358858499e-02,4.409687034844887200e-03,-1.342531774610206674e-01
9.305730040803007633e-05,3.993892284581594481e-04,-1.271509268822304788e-03,-9.699309738296532993e-03,-6.777606169822500068e-03,-8.624947296318829712e-03,-5.251748480881637988e-03,6.312169456623296926e-02,-1.769133712745764309e-01,-1.155697914080795474e-01,3.292587579621443772e-01,4.511496644834115722e-05,5.130584078257574010e-01,7.160784445789318831e-01,-5.612523327672501450e-02,-3.976912533767626434e-02,-2.162895879421989145e-02,2.395700157686908235e-02,-5.383588155025198496e-02,-1.428563638760852739e-01,1.495175534692425312e-01,5.771373227431911973e-02,-5.824567148209331552e-02,8.226283160478083112e-02,-5.145909455031807099e-03,-2.687323235551485751e-02,2.457037753744452380e-02,-9.306244710325258657e-03,1.847647286052160609e-02,-1.581705479849207768e-03
1.495760719641115149e-04,3.809049135588972023e-04,-1.450081112864020846e-03,-1.127203734750525758e-02,-6.571837474157850648e-03,-7.601235618848210980e-03,-1.413717407291034765e-03,6.554642061613129289e-02,-2.249609905319752690e-01,-1.946411325556302030e-01,5.684115926432937727e-01,6.463116835801837601e-01,-2.025313895344131310e-01,-1.595300999064284964e-01,7.302287489166227677e-03,1.049197889062658262e-01,2.387282644747570903e-01,-9.036998227074646839e-02,3.338684531334019934e-02,4.777203316866789583e-03,-1.073107175596661189e-01,4.603282555805476156e-02,9.458636461119981909e-03,-9.197066687205560087e-02,-3.168148721941329606e-03,-1.883444745072369864e-03,3.714153177024518727e-03,-1.085316587269790668e-02,-3.413373461551983627e-03,-1.731235819767731367e-03
7.025529474276963056e-05,4.182628712666578206e-05,-3.840375172051246444e-04,-2.859596811298790141e-03,-2.518162823151788923e-03,-3.263756472176140345e-04,2.626126737318673025e-03,1.598057473699763739e-02,-3.985840238873357422e-02,-4.832388887672038613e-02,1.097397988705685473e-01,2.009126165454987178e-02,2.107475852590806609e-02,-6.620603306343122996e-02,-3.157114970067182586e-02,-6.712347048578480857e-01,-3.370156303702092626e-01,-4.185183188666515286e-01,4.267763504343692338e-01,7.937120815405571822e-03,-1.093201091922798851e-01,-4.437578359196699129e-02,6.218377929378583052e-02,1.202854414354124352e-01,1.168252597666607634e-01,4.423098674576501216e-02,1.915881933303880194e-02,8.475542738393652964e-02,-3.033122310863054557e-03,2.478874968514152219e-02
1.361258897725407266e-05,2.199597738961903896e-04,-6.663119330438534941e-04,-2.731764733613298388e-03,-2.135343092867300705e-03,-4.589988799204965803e-03,9.080856723451710645e-04,3.127650194443052419e-03,-2.370974482054146598e-02,-4.557203507131080134e-02,1.355363412259547595e-01,-5.943461616462257513e-02,7.196900707851754397e-01,-5.529899212242567197e-01,1.195745334711591362e-01,1.723994004146642278e-01,-1.238647662052715231e-01,-1.930170562067563267e-01,-1.644049640613878260e-01,8.144857977645768299e-02,-3.276463346954317651e-02,-3.539578437746027095e-02,-8.385659801652170162e-03,-8.916042853208216643e-03,-9.331935803836548249e-02,9.985667611783062558e-02,5.094108436850450748e-03,3.595247307066571588e-03,-7.223169696023611292e-05,1.367978586891944494e-02
4.874348122836509554e-07,7.424249106813722912e-05,-1.055806574947834060e-04,-8.836292693267490872e-04,-5.995880253932513778e-04,-1.049550810074050596e-03,-2.232745729177629582e-04,7.318381777121528257e-03,-2.187437394949687600e-02,-1.846213107468130943e-02,5.492106136100068786e-02,-2.012163623976179205e-02,4.135707330267648918e-02,7.334169552900239586e-02,-2.738801113324977957e-02,-3.752095267446088622e-02,7.637926359085892014e-02,1.299159359976162498e-01,-4.858298391433139851e-02,5.420216930500892233e-02,-3.682093025440702494e-01,-8.426431943925388746e-01,-7.874249636386008999e-02,8.366772620610260502e-02,-2.581561798517510720e-02,-1.092192268718477216e-01,-2.736681221579229661e-01,-6.063834726015170443e-03,-9.567431072603853337e-02,5.422128048670593614e-02
