5.105251184087934886e-03,1.025971361761282910e-02,6.573556966715872647e-03,-3.245491262471543459e-02,-3.233732978836909022e-02,1.365553508496125390e-01,-3.418310813120353092e-02,7.765302195669568364e-02,-3.310010020946997367e-01,1.279540562468289566e-01,4.894972004536147780e-01,7.270195917561882437e-01,1.516322258675983359e-01,-1.491098307303881550e-02,9.964253006295872850e-02,1.319271321001201647e-01,-1.174964825387796452e-01,6.959249712811163557e-02,-6.062577102329438916e-02,3.483064413287074307e-02,-5.126157298047827326e-02,-1.186544188871610853e-02,-2.347621377280325120e-02,-7.537086841966547830e-03,6.622935689185350215e-03,1.622595243036234133e-02,8.864249848211196419e-04,-7.311005294287456794e-04,3.013456070146350394e-03,-1.551184187742053831e-03
2.061285447458488171e-03,-4.315844413283803985e-03,2.629244938948285207e-03,-3.658960303906610978e-01,4.383402708099601863e-01,1.504660976630994851e-01,8.015038096987203708e-01,2.593817907651249297e-02,-2.053648322654230522e-03,8.957723643917499257e-02,-1.225122076319675422e-02,1.669640009386532580e-03,1.754665015368718538e-03,4.130058180742779937e-03,-3.131050799279038593e-03,2.113288110211604658e-03,3.134815192334563638e-03,-4.483570789739442226e-04,-5.728433328403507302e-04,-2.723816971147319677e-04,2.742315685911103900e-04,-6.709889950161614992e-05,-2.579936367096392034e-04,-1.180477079152049546e-05,-6.155650510324267577e-04,4.977681059045841426e-04,-6.664821417542170408e-05,2.413706990010201260e-04,1.343589894569623307e-04,-2.282581222641768192e-04
3.525783488063381765e-02,6.864251838974660958e-02,1.738611837107086056e-02,-3.165797367757635650e-01,-3.068577523686282782e-01,8.597716932291609160e-01,-1.253794293861434650e-01,-1.096368165154054525e-01,1.293871042497371504e-01,-7.787302528097808652e-02,-1.339645394560158055e-02,-9.036910420104203590e-02,-1.263504874904145675e-02,7.023075575512732240e-03,-6.360378819525919214e-03,-1.944763192020826023e-02,1.911605874618553871e-02,-1.007427956785422046e-02,6.887065601734319864e-03,-4.148574319697197026e-03,8.247315440712542703e-03,3.589324730256149894e-03,3.054961278556549056e-03,1.023550357127928816e-03,-1.489454519619924644e-03,-2.469487712625515266e-03,-1.792382296818887364e-04,3.314118060136432141e-05,-7.251873612821953165e-04,-4.321111112612591545e-04
5.070034457106628034e-01,8.576377407347198778e-01,-1.659712564074770219e-02,3.794025864290916789e-02,5.068257813696311342e-02,-5.528081830655443007e-02,3.024320608784644704e-03,5.330049353760497356e-03,-3.633908694677408843e-03,8.135434707657409649e-04,-3.572923148557188237e-03,-8.673976792978784758e-04,-3.265416150665479485e-04,-3.881751211168538401e-04,-3.875517080045819129e-04,-4.640135947781217371e-05,2.899811585532339786e-05,2.450785623449728952e-05,1.234472326006990630e-04,-8.567765517241875876e-05,-5.230469143083160894e-05,-1.029515562407203380e-04,1.482152009776174758e-05,2.281730035924729231e-05,2.990246494489445016e-05,-1.237057963457823065e-06,4.171424115951583824e-06,6.971521005563018505e-06,8.860972063042328288e-06,3.549081630388225119e-05
5.358252974947309680e-06,-7.263212590303418542e-06,-1.769684926345235917e-04,-3.413513996984239812e-04,-5.848463235978615914e-04,4.043399258164461635e-04,-9.149194146678249658e-04,-3.414062242615547704e-03,6.266930724208886853e-03,1.409574606548023856e-03,-3.063792596448704567e-02,-4.252139971453761103e-02,2.733073371664945100e-02,5.496071415199196841e-02,7.193033539830738510e-02,2.162999932529763580e-01,5.647434816839458360e-02,3.098167195897451043e-01,-1.686988303625530372e-01,-3.617013750973467612e-02,1.961707084642773727e-02,-1.243078746298003773e-01,6.054952374084499045e-01,6.140668677596132774e-01,1.184659225136171640e-01,1.481192120593991801e-01,1.695607266647725098e-02,-1.185668399967475667e-01,4.842098276026265274e-02,1.801821420357239273e-02
4.419766387666325494e-05,5.540531047294143211e-07,-6.275756700041785563e-04,-3.021352895112445688e-03,-2.902294433398488246e-03,1.153516602730297142e-03,2.470836038297209714e-03,-1.701956395238818018e-02,5.472730298207983263e-02,-2.280606667582109337e-02,-1.319286124471560628e-01,-7.279508641843142336e-02,1.010357820467795292e-01,-7.623678571345157695e-02,1.397780762615953229e-02,1.607112540059716099e-01,-3.244142778826982210e-01,1.968285299089748697e-01,-1.646218787318726173e-01,-2.155167643230970764e-01,-6.426554416171040840e-01,-4.660375059316235746e-01,-2.098657753506201762e-01,-1.072781052210622782e-01,6.752500614056969330e-02,8.263837205652127538e-02,1.922343347428130721e-03,-5.501751492995933177e-03,1.145210119433596602e-01,6.000679011310955380e-02
8.569943171278770469e-05,9.008441495302745114e-05,-9.182130195685726456e-04,-3.546837129902273567e-03,-2.687734450586521003e-03,-1.457275262093185326e-03,2.370223085216793552e-03,-2.397776968449676777e-02,6.862710443208806799e-02,-2.717376291309747671e-02,-1.674752712539659683e-01,2.199167218316638861e-02,-1.235758334153545523e-01,1.858441549234812196e-01,-5.501936005684662095e-02,1.840107866217857713e-01,-5.958605104759971960e-01,-2.945673094947112020e-02,-2.231635943908708286e-01,5.415632648450978692e-01,1.540849590844839412e-01,1.751626637387349028e-01,-2.561271446641193439e-01,2.066677719613840558e-01,9.745981557672761530e-02,8.549834047376249357e-02,4.425834226167631516e-03,7.632456939284718283e-04,-2.321378002342299775e-03,1.182665994546088992e-02
4.925033610646260574e-05,5.596598836254408052e-05,-3.471689383567722422e-04,-1.158675341997273019e-03,-1.258572264125063086e-03,-6.330810222008329338e-05,1.816160440031380785e-04,-7.999157479701916873e-03,1.816109567263577557e-02,-8.031332339219635422e-03,-5.852309381928946092e-02,-3.366151690554965853e-02,-3.517395630311049865e-03,7.416978279311346733e-02,4.367379533459454094e-02,3.290559671840257994e-01,-1.567913023898462876e-01,-4.787578863818753999e-02,-1.759840565919371103e-02,2.576622717888680802e-01,-6.411017853452129212e-02,-1.216891952669296902e-02,5.854596715126060280e-01,-5.621016929190733036e-01,-3.182269903312599513e-01,-1.441733595296989245e-01,-7.881425984989282041e-03,2.148622945807441426e-02,7.644178045044227633e-03,9.513795672368504860e-03
1.014277787266529683e-05,-1.119504348114120043e-05,-3.780583565951214507e-04,-1.083805112987356201e-03,-9.447027339735024820e-04,-3.610693029177001957e-04,5.355663514715209021e-05,-3.605258590489432164e-03,1.330507604921091734e-02,-7.334713381501839317e-03,-5.335918814946150057e-02,-2.766375736644626632e-02,2.204090163964953775e-01,2.325650728285776070e-01,-2.134272955746647354e-02,9.411507125890218595e-02,-2.628069873607783435e-01,5.157182500324373198e-01,6.969170614471623670e-01,-1.350521714967358178e-01,1.642618686177801102e-01,8.732419212620061433e-02,-4.941985174331182951e-02,-5.468458809849845170e-02,5.351130936698883511e-02,-4.376145133693450096e-02,-2.212739969800311263e-03,1.169455396702727239e-02,3.988097871800976371e-03,-1.483059868794610672e-02
-2.241395482458376289e-06,-1.906675372871804338e-05,-1.062027332010498929e-04,-1.947136199537062681e-04,-2.405069057130900618e-04,-2.355759392357176772e-04,4.782606313862789176e-04,-2.824578899494298388e-03,7.236495270806234982e-03,-3.106183310980509347e-03,-2.102687455453891574e-02,-1.452506535105756863e-02,1.475738749144243390e-02,-6.804515594400125170e-03,-4.909856226093724241e-03,3.980815622202313331e-02,-5.525169946085768669e-02,6.026079398154787076e-02,-6.202814269714984619e-02,-8.739338269227645006e-02,-2.105552112794953357e-01,1.630555144771775600e-01,3.749168323717914919e-02,3.253721170132577167e-02,2.150815198861194197e-02,-5.356771397073269853e-03,6.659199416761882144e-03,8.518940964971950802e-02,-9.105095927157026425e-01,-2.627335796070051077e-01
2.930157768502913832e-04,-2.866856490519987893e-04,-8.556685950552977982e-03,-2.955250528749941812e-03,-9.218202774284275144e-04,-1.505162822806009734e-03,7.180160187725437293e-03,-6.032191404435619658e-02,-9.891725895067843277e-02,-2.717197916319248965e-02,-8.611399900180834177e-02,-9.812839327047677418e-02,4.730279906373863891e-02,3.416813464174598552e-02,9.561199721843156585e-01,-9.950775418589338783e-02,-1.262060951852084778e-01,-1.226032806212129511e-01,2.760072985487578914e-02,-6.044161672968843824e-02,3.914016502097084071e-02,3.231277916875500977e-02,-3.271907825006385717e-02,2.860331933695920217e-02,-3.223228704489441293e-02,1.532705858103275377e-03,-1.179489932392617513e-02,-4.165439392133226879e-03,-4.003515673719136927e-03,-1.146595787988701626e-02
-5.236129053219869061e-05,4.665432722742584052e-04,-1.363519535512299451e-02,-2.379150496849834207e-02,4.264831103300380927e-02,2.599535634982470290e-03,-1.182810361995369486e-01,-4.662457190014295261e-01,1.657313789065115867e-02,8.644326398884885077e-01,-1.333235334571586383e-01,-5.000422552026351740e-03,5.372880066770292437e-03,1.914448651292754988e-03,-1.457586726917868905e-02,-2.484323725871212182e-03,1.770433966621837857e-02,-7.357978040459932541e-03,6.254764864767327522e-03,3.421570165235149753e-04,-2.146112684594066265e-03,1.165993003022442473e-03,-4.775469712860152052e-03,-3.202456913631491651e-04,-5.224924344415480225e-03,3.040140393199149225e-03,-5.412879367013546071e-04,1.503510023497924746e-03,6.175889068475203317e-04,-1.324797861488538663e-03
2.015108882229599534e-03,-1.721242351051786596e-03,-5.898904781928712704e-02,-3.997295384616434549e-02,-2.698550222433171789e-02,-1.113993376526836998e-01,9.245036945360654568e-02,-8.406031067108947763e-01,-2.666610418042399955e-01,-4.279068110780539502e-01,6.155652589798844138e-02,3.108924140207817988e-02,1.774155734245864979e-02,-1.079470566076613271e-02,-7.941283820058347986e-02,5.766355474183935091e-03,1.896047714231462872e-02,1.770759814490044382e-02,-6.528310364250039695e-03,1.137351893578202044e-02,-2.112830681804144829e-03,-1.471247165412692187e-03,2.298602161701360485e-03,-3.128616308973508099e-03,2.234469843321666184e-03,8.593961245067434666e-04,1.551505946639784904e-03,3.229614392796650250e-04,1.184074033108805648e-03,-1.154632147758049556e-03
4.900853962602093328e-02,-4.640156016662849714e-02,-9.945683013302941688e-01,-4.005030659987203479e-02,1.028233909746099559e-02,1.383109007699154409e-02,-2.666870446407105383e-02,5.863239610789417605e-02,1.027090858347379058e-02,1.037994438195088270e-02,-2.407478509408629162e-04,1.502294313165396548e-03,-9.892087132853466871e-04,-2.145183321411428651e-05,-3.403728664194680988e-03,4.987801452068668130e-04,5.481576403794050653e-04,1.438273504104354672e-04,4.201766476272629849e-05,5.887450309272049042e-05,-3.650494343840048343e-04,-2.059275660676757882e-04,1.158229589098360194e-04,-4.729227895413051341e-05,1.304019917403858458e-04,-7.286412354356201695e-05,3.169528512453322359e-05,2.478087376821983291e-05,-3.692364928087662747e-05,1.271088933880515695e-04
-8.638915190298376286e-07,4.035893319622017254e-07,-8.115554273705200136e-05,1.270622923146719568e-05,9.286966835250816551e-05,-2.605735769059559228e-05,4.048927639207824925e-05,-1.406948090146309133e-03,1.349158684994510591e-03,1.337212050986248159e-03,-5.320422987239447309e-03,-3.988563924699092128e-03,-1.613795233264895363e-03,3.274237146008499282e-03,2.578022279857390426e-03,2.716076246400257049e-02,2.986588317659477805e-03,3.046012287892030379e-02,-5.854471895694053629e-02,-3.455334164522098905e-02,7.165385277416390364e-02,5.479035512005449478e-03,-7.993345204127151604e-02,-1.334453148389832255e-01,5.008427638238147767e-02,-9.839834706121726449e-02,7.567522901015741321e-02,-9.649827770853149911e-01,-1.143471825696861927e-01,4.570112871465993598e-02
6.078299421912848483e-06,1.192531172295960103e-05,-3.647597585209936643e-04,-8.354609800576423551e-04,-4.778225848982171333e-04,4.724195679682885213e-04,9.863113826244832277e-04,-7.919606130455385251e-03,1.902229072956343123e-02,-6.549277325692597074e-03,-4.654390239679098012e-02,4.510545377271436840e-02,2.184018616935210627e-02,-9.940493644501931236e-02,-7.272046000653126230e-02,-7.909081783650635800e-02,-2.788436559677301974e-01,-1.438567175409865007e-01,-1.075541320955285401e-01,-3.765854979733018193e-01,2.806928357745140379e-01,9.363219320190062367e-02,1.926145899609039702e-01,-2.945744066949297357e-01,2.748862884399375650e-01,6.459779985652093215e-01,-1.314139791135697510e-01,-4.252691873667059121e-03,1.483463349850314052e-03,-4.953543541698158040e-03
9.285275263745013344e-06,3.234468960196114730e-05,-4.656800739905592309e-04,-9.593501167341535749e-04,-5.205208374822437208e-04,1.129633148324762199e-04,1.246236205674370722e-03,-1.401815043223128034e-02,2.331225887565267774e-02,-9.843395423908640404e-03,-5.649811958955914398e-02,8.888814529061613012e-02,-7.821682155512188483e-02,5.975054883720075892e-03,-1.279404742716890864e-01,-5.614350531914723275e-02,-4.126914104765653235e-01,-1.552999406309273356e-01,-1.469086196334166150e-01,-5.302980511399880692e-01,2.292675381323543427e-01,-3.821825395357994481e-02,4.464550518426465414e-02,2.071145629793708920e-01,-4.076128154747729049e-01,-4.154937364001812794e-01,2.614505575348491980e-03,1.137118907818919673e-02,6.042351611082698304e-02,-1.538761159058505967e-01
3.201885607913634075e-06,1.042187915835922170e-05,-1.236670007505981177e-04,-2.008531691415055937e-04,-1.812878409915902789e-04,3.371174651563614046e-04,3.722476963283963942e-04,-4.972381278466328665e-03,1.962888496637800202e-03,-1.604036386237512983e-03,-7.975504985573174735e-03,1.502533518882253304e-02,-9.885443341700172332e-03,-3.483128222407437784e-03,-8.797798151357557467e-03,6.589259414685876004e-02,-4.294078778490559994e-02,-6.884237333935309955e-02,1.117711900686850675e-02,-1.152483495655941131e-01,6.348253851458779407e-02,7.190400883537811060e-03,1.921009936654882776e-03,4.845590585048335786e-02,-2.038282584631126437e-02,-9.359874563483214227e-02,-4.636748458245994881e-02,8.144641336518530783e-02,-2.639639944625268853e-01,9.386637947585213526e-01
-1.129430987424309935e-06,5.828214266456263010e-06,-1.832775347450233002e-04,-5.343636455347551599e-05,6.853741117166100715e-06,-7.964137837220545317e-05,2.298390243305931428e-04,-3.821598240302761032e-03,9.062154073635655515e-04,4.322364527523653646e-03,-1.272707402293553856e-02,4.783442795951277707e-03,6.751033336081969927e-02,4.807035473146858279e-02,4.411995706847798328e-03,-4.698320804729103767e-02,-7.221724339992717512e-02,-8.337041448233126206e-02,-1.109099347457968843e-01,-4.635506404561346577e-02,4.637890123887410121e-02,-2.002142295296961694e-02,1.612530725375832530e-01,-1.365456914802823385e-01,7.697303348029711501e-01,-5.567678229577812665e-01,-2.560409590125534499e-02,1.010525496411208701e-01,4.047053999619248943e-02,-4.347981310680763822e-02
-4.385488544367177251e-08,1.132073508076213131e-07,-5.205931797239485813e-05,-5.301875766651733472e-05,-2.600315134624077825e-05,1.162834293587327830e-04,1.775254944634340024e-04,-1.068963427630623218e-03,2.118153659716928879e-03,-9.758665372550657234e-05,-5.897164716654427520e-03,1.103643165694525230e-03,1.499069599476316470e-03,-9.959645170371464809e-03,1.396128116465076251e-03,-4.718682982937110262e-03,-3.885480823681228268e-02,-1.896730461929996975e-02,-2.193502141102010583e-02,-7.808339314995627056e-02,-1.395000163737459588e-02,1.163039336280647928e-01,3.306910729452740977e-02,-4.528750300722804434e-02,4.660608656964145002e-02,6.607143444328703041e-02,9.789861660650995834e-01,7.707903394118990892e-02,3.481801031900969012e-02,4.913618397914266966e-02
7.316663162078320543e-03,6.361919925864066572e-04,8.698871470165453826e-03,-5.941178551523192825e-02,-5.193935845034310800e-02,9.098026003237971726e-02,-3.721387922217136990e-02,2.054659156371616280e-01,-8.548569596141784022e-01,5.669212432485935121e-02,-4.127635058088475750e-01,-1.326601916676258819e-01,-6.366830155411137837e-02,-2.578932285127615368e-02,-1.198784010013151380e-01,-1.944741240218296127e-02,9.597732853780429479e-03,5.016258948439053858e-03,1.023349154344762799e-02,5.568892726639972784e-03,6.151086335352218487e-04,-5.593150420898054115e-03,4.983047351979581763e-03,-6.777673462919347070e-04,2.972518295077965049e-03,-2.077386666202908887e-03,1.142124479786605197e-03,1.810359731032948468e-04,-4.018141357729436002e-05,2.306857966495985072e-03
3.078465899050464999e-03,-1.420971858877359897e-02,4.302926786850118368e-02,-5.703842132627648942e-01,5.881294270495005527e-01,-8.969585388960188421e-02,-5.531431895116060149e-01,1.177438276946108156e-02,5.109839294776321109e-03,-1.100692894881054595e-01,1.945504768934022688e-02,-1.994370895444521567e-03,-9.754188401582326211e-04,-2.680834557585251837e-03,2.706407480497605763e-03,-7.407673631212095648e-04,-3.097143963674428568e-03,6.757341166936096282e-04,-3.613714260195708100e-05,1.036349650765293969e-04,-3.779079594659499669e-04,-1.281044356668004926e-04,6.415246211743120533e-04,5.893308676212387939e-05,6.856330040952863386e-04,-5.040562386807542110e-04,7.410891365716960422e-05,-2.159655504801767786e-04,-1.426071499874210276e-04,2.570349310649849362e-04
5.068785037855893377e-02,6.322654274306408785e-03,1.900153719480724215e-02,-6.551357680700731212e-01,-5.986830006530423631e-01,-4.324304549961586197e-01,9.985142496633007958e-02,7.161142880334198102e-02,3.707649797626092619e-02,6.970723733339685702e-02,3.099264884070589143e-02,3.617743798113847668e-03,-3.316837921855356371e-04,1.483031059405999323e-03,9.125410135584269972e-03,1.499407655522708507e-03,-3.299791645402698134e-03,-4.148934869531759701e-04,-7.955966818734438615e-04,-1.892106395021811655e-03,-7.886595457836402458e-05,4.347850901797278671e-04,-3.551133356872288819e-04,4.545357154271064705e-05,-9.099873761279610391e-05,1.569554972259695356e-04,-1.724554868180866712e-04,-3.825548692623809854e-05,-1.547329675050087007e-05,7.108552360050957660e-05
8.582748733171972066e-01,-5.071716308557427944e-01,6.462564609865938114e-02,3.529326839070898864e-02,1.497913565456898341e-02,2.072194888375328281e-02,-6.586763979017919938e-04,-6.561970481948855259e-03,3.889536461770281596e-03,-1.950259908340805978e-03,1.501554672592380658e-03,5.324648702258734205e-04,3.771045351162781250e-04,1.572507857836088899e-04,4.236185745550357187e-04,2.975010616962503728e-05,1.520833580146809613e-05,-2.846556877050125699e-05,-3.136874411129470528e-05,2.851301732440876302e-05,2.495007432830887844e-05,2.713922917972368991e-05,-1.689218049961296758e-05,2.313042233684375005e-06,-1.855424429563752741e-05,9.534194999072104830e-06,-2.584394172574791703e-06,-1.627068834973051415e-06,2.444817530021173002e-06,-1.932235098640619776e-05
8.158372390714438096e-06,-6.289592930054881245e-05,3.034490075501611404e-05,-7.363067910973896844e-04,-6.315593230887179589e-04,-5.638737155342703981e-04,-2.548531749503534904e-03,2.273150782881080099e-03,9.943254938988546968e-03,-6.216701877331350622e-03,-6.377001954193207978e-02,-4.529333792667161740e-02,1.461454795394773187e-02,7.762215091167724845e-02,1.044063835744942076e-01,3.404775718340485868e-01,2.805101083157469644e-01,4.725824010331514113e-01,-4.857736639934809864e-01,-1.542196091445884598e-01,3.730100049570007070e-01,2.811233792029244408e-02,-2.784800228580602832e-01,-2.336031455837325743e-01,-4.980246331439801277e-02,-4.998402952325627785e-02,-4.998052934298709803e-03,1.462363172216195051e-01,-3.835988028166703156e-03,-2.086747599041821957e-02
1.149580595362986946e-04,-2.201181596420335291e-04,3.657203195724596833e-04,-1.062851131868326228e-02,-8.424368552795663198e-03,-3.659043299708040348e-03,4.690970982529878673e-03,-9.571837086961895724e-03,1.458796738963354378e-01,-7.239537175612367759e-02,-4.269065231015907180e-01,2.629682706890266175e-01,4.539025354895926401e-01,-6.746919901114050155e-01,1.066048441526179155e-02,1.279131170993857720e-03,1.116727180801668426e-02,4.036829996690976391e-02,3.198436090562537665e-02,1.642172798783867183e-01,1.400499790141679080e-01,-2.209915471773974283e-03,7.917719249897699901e-03,4.771218903903660935e-02,-4.275521602756236772e-02,-7.677373475106710754e-02,1.669594185528647939e-02,4.372556581913275911e-03,-2.441564406439828208e-02,-9.719174299605891007e-03
1.831058071153936738e-04,-8.538931055401913781e-05,3.723576636548950086e-04,-1.238284340552235109e-02,-9.028559589817674105e-03,-6.751966423832396133e-03,3.135783835151158792e-03,-3.188173647915634040e-02,1.691247054136128802e-01,-9.832610662572080495e-02,-5.250517387650162071e-01,5.828725155154593773e-01,-3.972532179538714181e-01,3.084880109687533345e-01,5.490907596627714327e-02,-1.642328242322479148e-01,1.727596738366850848e-01,7.579557957344126851e-02,5.352041369146516570e-02,-5.086796449591674679e-02,-1.012975782246873374e-01,-5.125343092755457047e-02,5.097315713192376169e-02,-5.950914859173692117e-02,2.897280840019336376e-02,2.978770457814697292e-02,7.602272772316648547e-04,-4.604435560638689591e-03,-5.515344204057884454e-03,1.379544168055415153e-02
7.784719940982013340e-05,3.932964196093477294e-06,1.594260173687914379e-04,-3.175656018116043613e-03,-2.986991212198451123e-03,-5.346951352344302784e-04,-1.164579598825888403e-03,-6.206626040835892637e-03,2.486935155366573266e-02,-2.968541613055762987e-02,-1.188607729917491584e-01,5.845616144321377078e-02,8.113055869416447782e-03,5.223203070391500141e-02,9.407896579823006242e-03,7.469260681603806518e-01,1.799591649406503957e-01,-4.797372455778917688e-01,2.510995580567572105e-01,-1.799433043020433609e-01,3.125674967197593877e-03,-3.118077697833959803e-03,-1.480743320958496367e-01,1.243040474788487115e-01,1.108817393106145549e-01,4.621376987284098875e-02,4.238088282568450724e-04,-1.230624822977832711e-02,1.882672577439272951e-02,-9.908466793106553150e-02
2.610485660117722401e-05,-1.381825406345742310e-04,4.624656929452108803e-04,-2.801139776191400015e-03,-2.644608069646027775e-03,-5.175446912759769889e-03,-3.895976054250239063e-03,1.520909283856096070e-02,1.076193292676544053e-02,-2.575827002834729998e-02,-1.449641114606187164e-01,2.728423091880406021e-02,7.193550920720843678e-01,5.656629770989877182e-01,-9.052090794542144714e-02,-1.598777425250495487e-01,1.052636463950381435e-01,-2.104549952280392322e-01,-1.873318516078134044e-01,7.594584418426568277e-03,-3.297460411012003573e-02,-1.763720413180840454e-02,-3.770479159366614606e-04,2.342974308814719728e-02,-9.615518844070260196e-02,6.135272523243882892e-02,3.337963440805015967e-03,-1.374563006298948689e-02,-7.367107829808361256e-03,1.541326383125899563e-02
2.668944366813474538e-06,-5.397650961584566379e-05,-9.224903337286408634e-07,-8.536934101079632006e-04,-7.304797470459500810e-04,-5.706826081514476939e-04,5.624126919994440563e-04,-1.153241609014118594e-03,1.655028832906330766e-02,-1.043050209258802180e-02,-5.885892430543229747e-02,5.104926623019406112e-03,4.824392467822970904e-02,-5.737820951476604175e-02,-2.371860939466567848e-03,6.017476781971530658e-02,1.224311695812596926e-02,9.595650313936786302e-02,-1.123534737507324993e-01,-1.735188550983728650e-01,-4.125931877430553674e-01,8.204275583232644165e-01,2.672544937372182267e-02,2.995774328862434166e-02,-1.437052543575982264e-02,-5.481011366558104225e-02,-1.220475162253326501e-01,-4.630092629647750840e-02,2.551466915850119643e-01,6.701878904685115712e-02
