-4.997369363823119838e-03,8.681938233887838072e-03,-1.445924840570773744e-02,-2.137866622098383296e-02,-4.552360118769584185e-02,-1.206903011388024138e-01,4.654799112685117229e-02,3.164755393084166951e-02,-3.364755903002821791e-01,-1.608338493742849928e-01,4.259428139580309081e-01,7.325220925737233602e-01,-1.937394091407420305e-01,-1.740000060660917558e-01,-8.129240688567355988e-02,-1.480840777569752964e-01,-7.249089266751605753e-02,1.070835122878978779e-01,1.815883617778338288e-02,-7.658894832786290741e-02,-4.588612859668911997e-02,-6.640314296802799811e-03,1.940452317579265812e-02,1.735055111084571680e-02,6.250860284332586565e-03,-1.241665846279981812e-02,2.383316616655078036e-03,1.154635189239217388e-03,-4.713427547699815257e-03,-3.470314623539473477e-03
-2.433006697071155716e-03,-5.474789009271205202e-03,-6.607170781697808797e-03,-4.533498736863770251e-01,3.435360000320331064e-01,-2.986495584521244862e-01,-7.555136596459023357e-01,9.101645122048444836e-02,1.261537256537588816e-02,-8.380016945353298274e-02,-2.779524646592579015e-02,4.963091805888976416e-03,-5.207189197677448284e-03,-2.283431570911800303e-03,8.369042272927295495e-03,-3.030416218735697276e-03,2.122674525361523557e-03,7.952761719275863511e-04,1.925587240959095647e-03,6.187129915407789480e-04,1.214502825676543854e-04,-5.319636861235405674e-04,2.852638576868768796e-04,-2.496772048517644188e-04,-4.822483650691423507e-04,-7.763498206465109953e-04,8.416745139650679800e-05,2.235664606491936425e-05,-9.794747540859679658e-05,-1.344825054746340233e-04
-3.448053402331239387e-02,5.898709222424010357e-02,-9.074645461489970477e-02,-2.308955633899234805e-01,-3.738522292771467304e-01,-8.239315080110392042e-01,2.738934666574309729e-01,-8.281954015979987871e-02,1.103176779516919365e-01,1.081408669955726681e-01,-1.832714431203155475e-03,-8.428384618708158194e-02,2.847147245950383196e-02,1.747640321538622074e-02,7.890341000527135995e-03,2.186827292901522696e-02,1.386352145209110952e-02,-1.591285729573936256e-02,-5.739202652474855500e-04,1.082225993942998593e-02,8.279356253603672652e-03,-1.325790982118265487e-04,-1.757124616887205263e-03,-3.098539393029525139e-03,-9.013340760530358852e-04,2.071312158265301538e-03,4.530623361651073136e-04,-2.014125034637625849e-04,7.025538008042504605e-04,7.450552332891243476e-04
-5.171622130046367172e-01,8.498383609340223188e-01,-6.037789501268718551e-02,2.555166788407408837e-02,5.662118146400500762e-02,5.101705595216224354e-02,-1.295781930359788531e-02,3.427795690341284979e-03,-3.249267529207377266e-03,-2.562046596084067204e-03,-3.453091860208414628e-03,-1.434972205062280378e-03,-1.334542005259049900e-04,2.966034130131717239e-04,4.506815284036952738e-05,5.899715481213693035e-05,-9.382110483486548794e-05,-2.202879179501221918e-05,-1.283208313759032790e-04,1.322264867528380049e-04,-8.642725130043834886e-05,4.454774114734854289e-05,-5.972184284298132735e-05,1.089697409682989247e-05,3.657301614034132296e-06,-1.751293028099940423e-05,-4.125652651020160684e-05,-3.525370823955915528e-07,5.578543002271389317e-06,-1.405124592588684760e-05
-4.223498050352569637e-06,-1.212825758793967123e-05,5.519916474489997081e-05,-3.982996124764244116e-04,-4.986622193179076701e-04,-8.514860220800369488e-04,1.823262936492206238e-03,-2.480523343697432596e-03,6.792476701493076717e-03,4.865607513688807728e-03,-3.083724214383889994e-02,-4.634466229156950640e-02,2.237040362327730181e-02,-7.482417122072666793e-02,-2.892429824823054829e-02,-2.217548574400777239e-01,1.233905771827883691e-01,2.984475663447901383e-01,1.528391438452230966e-01,7.811396259140938880e-02,-5.122963645966329554e-02,1.877926771702903286e-01,-6.942069576520054630e-01,-3.281884349170051673e-01,3.802572172828593833e-01,-1.489265949132259070e-01,-1.753364412186040819e-02,2.370198115888147439e-02,-8.646151784908914784e-02,6.565901635453615104e-02
-3.816485878700695073e-05,2.013861500917023277e-06,-5.108689311453106657e-05,-2.786408545286978098e-03,-2.455442406911831008e-03,-2.408180248551473456e-03,5.660457439333060631e-04,-7.698826015251746674e-03,5.281177888379207791e-02,3.743520547674804994e-02,-1.125813228514234710e-01,-1.032962528969974814e-01,-6.828287266615813700e-02,-4.512157791422927167e-02,-9.205221655516751533e-02,-1.516119343895219462e-01,-2.727259744884670267e-01,4.042477873131751775e-01,-4.712434440184091046e-04,8.364305590555586034e-02,-7.185569479384950053e-01,2.556570485221033029e-01,2.610567425098242467e-01,1.285208983106735370e-01,-5.206328391850367082e-02,-6.165998130598987492e-02,-5.762404776869892858e-02,6.170981134380807559e-03,-1.109744591317161494e-01,-2.993180049164671785e-02
-8.119628923518216427e-05,8.093828054501080963e-05,7.292174278875075656e-05,-2.994383789436003748e-03,-1.559018878933457822e-03,-1.582238803244130361e-04,1.586465802469370044e-03,-9.608885059992841593e-03,6.248535594385249553e-02,3.861413942627715118e-02,-1.858501712591419108e-01,2.473309240724978070e-02,2.406671737992195914e-01,-7.379670529514448241e-02,-6.084550862356894602e-02,-2.056293065234836570e-01,-3.549945856506082631e-01,9.650213927286388493e-02,1.748159089083625994e-01,-6.925391552480848478e-01,2.048808788503957423e-01,-4.352657243516453583e-02,2.422902265552099033e-01,-1.993287288439693772e-01,2.370106939111579492e-01,-6.359878668702265148e-02,-3.624356233852386172e-02,2.769440950312386691e-03,-1.564145828825261667e-02,-1.992656201125437426e-02
-4.726919547880607255e-05,5.024450559064155288e-05,-6.102616057714886253e-05,-1.238912655186278711e-03,-1.090850300016015699e-03,-1.142520424941144289e-03,9.184549997690445418e-04,-6.815762988805770285e-03,1.884121659372419572e-02,1.187598731765230654e-02,-5.848374169242608056e-02,-5.236821376306034087e-02,7.042990562401969801e-02,-7.559273539144083232e-02,-4.637242165370124292e-02,-3.366344623240242750e-01,-5.278889422740917770e-02,-5.702601339492170684e-02,8.395020399162622660e-02,-3.144755251464692591e-01,-3.441717897172055091e-02,-1.708594470552516481e-02,-4.773591351734396970e-01,4.431484478225513612e-01,-5.562902963152123181e-01,1.261771532668543305e-01,3.265827114396403080e-02,-6.140829103197847395e-03,4.677426642214040781e-02,-2.757712685789729182e-02
-7.307334513657810498e-06,-2.489044996705925953e-05,6.071278407723308288e-05,-9.200687555148207497e-04,-8.704247592544630792e-04,-6.480197409735355711e-04,8.354101557783374672e-04,-6.612295959828744935e-03,1.500892088225399754e-02,8.587877046386825641e-03,-5.031127510062453900e-02,-6.456861807509199636e-02,4.893355961227938665e-03,-3.816719997931397601e-01,1.166024331533690866e-01,-1.343414607719696681e-02,-1.101868218166686050e-02,3.167199336456735792e-01,-8.254685825007842537e-01,-8.146262777062876492e-02,1.706130963326310535e-01,-2.699168399935631193e-02,-4.824436065089884873e-02,3.887753697333525688e-02,3.949392361010532065e-02,9.452513707555935951e-02,2.601910907485878444e-02,-2.950045757021876706e-03,1.661658152461414038e-03,-1.237248870196411971e-02
2.661189074389428901e-06,-1.314183870027279236e-05,3.282469884762450035e-05,-2.373048941122301669e-04,-1.631025024436399550e-04,-1.073435654154594531e-04,5.928100409875707705e-05,-1.755914070185697661e-03,6.914814162886515937e-03,5.613982762523291904e-03,-1.794718058365545738e-02,-1.818587155407580536e-02,-5.788374356948701276e-03,-1.714392526264766703e-03,-5.775189504103156804e-03,-3.081718014268075220e-02,-3.098630665717574950e-02,9.860338144398382576e-02,2.246775090972578243e-02,3.281794211171989387e-03,-1.763731704342486051e-01,-1.981360789280536827e-01,-1.033187666193880437e-02,-4.423378535788267257e-02,8.718787600409774741e-02,7.307915553049684071e-04,3.321797331316680979e-01,-4.781512001430705816e-02,8.549240441253364020e-01,2.519741985782479321e-01
-3.665682014164954117e-04,1.500915040297437606e-04,5.509429110592633724e-03,-5.086080931076018136e-03,-5.641676506768228058e-03,-6.043746896121567373e-04,-2.006987783648304241e-02,-8.102014563384515866e-02,-9.938252958736222553e-02,2.805711199266785680e-02,-1.034441913746994984e-01,-4.973524304028507231e-02,1.521031507305374009e-01,-4.062771954562165444e-01,-8.418365463930164161e-01,1.981221496036415231e-01,1.015719189747245760e-01,-1.320583191324273542e-01,1.309558633014174314e-02,6.319912361491207553e-02,-1.798073928206575869e-02,-1.063663835344262100e-02,1.790512945271339898e-03,-2.018492425760873982e-02,-6.271656859272094035e-03,3.726780329405077826e-04,6.598136189629308021e-04,-5.823695634988300049e-03,1.087324957242851581e-02,-2.698771729354763633e-03
3.260574309782355337e-05,5.419605741412240061e-04,4.995670442070214434e-03,-3.187160323008350615e-02,3.263222662734552998e-02,-7.264067830811215751e-03,5.233222430540602349e-02,-6.291142945332478531e-01,1.314231254773987889e-01,-7.437253829866666832e-01,-1.625431786670709089e-01,1.264622903979615090e-02,-3.513712789279108822e-02,9.457072757672678465e-03,2.880886787783455000e-02,-2.849911235091368792e-03,6.950527341414979368e-03,-4.040720458336564264e-03,4.665956871970288258e-03,6.332421952745727334e-03,-1.776473086760024063e-03,-4.666317953366612339e-04,3.839131379629489704e-03,-2.658209067977770033e-03,-3.359782282377441268e-03,-3.589800707318426681e-03,-1.288463606129273427e-05,-9.071390557145099401e-05,-3.210331892615029821e-04,-2.613049405134209593e-04
-2.617433996318053839e-03,2.421085085220782591e-03,3.992335058099320128e-02,-5.225115783274279085e-02,-5.317734463327830619e-02,9.064367419068286580e-02,-1.881175128492723336e-01,-7.506076938066583715e-01,-2.049769648489128127e-01,5.707749843368301601e-01,8.758274763530625451e-02,4.092048952860907057e-02,-1.984615993821484126e-02,3.597171513294523254e-02,7.914333517001052865e-02,-2.271147860294368478e-02,1.536189143420988498e-03,1.123856299525602918e-02,-2.109982695265730181e-04,-6.501978622001330921e-03,3.814515642268041361e-03,1.117516211246883306e-03,2.244243915806179955e-03,7.839147220958594280e-05,5.830300771278440486e-04,-1.732998147029845681e-03,2.302426492606093715e-03,8.882484562972683181e-04,-2.355961390623521109e-03,1.675269818446885144e-04
-6.708655719142113394e-02,4.059324136045451559e-02,9.852815627770374896e-01,-9.962297834225146420e-02,-9.861491742452260789e-02,-2.803781246096891805e-02,2.462295581780319167e-02,3.847018577649771731e-02,5.611499967273245702e-03,-2.266190189229075683e-02,-1.025975010535290673e-03,-2.336742218348733933e-05,-1.159202607532074932e-04,6.972089546308513075e-04,1.650597006088358508e-03,-2.606032839614520476e-04,-5.348804754901583707e-04,2.579235936129085742e-04,-1.824005539680225588e-05,-1.663423951910913729e-04,-1.029815263157445493e-04,-6.815790963295120222e-06,-5.376531333994421244e-05,1.467285517658075723e-04,-3.854392389019299436e-05,3.409239077887245506e-05,-7.091300901113514407e-05,-3.485978949876386805e-06,3.639637843996699443e-05,1.712107052532015641e-05
6.186936505418919175e-07,1.821123427187880572e-06,3.996758319613602885e-05,-1.605573322619146450e-05,7.172787460972269817e-05,6.823786070521149338e-05,-2.191078569744896772e-04,-1.231531962603632773e-03,8.609332950636910693e-04,1.940010520523313459e-04,-4.657172663267842780e-03,-6.533430253943298474e-03,6.884765182184101294e-03,-6.971858629501389432e-03,-1.958231923126496979e-02,-2.741751186731365697e-02,-1.119573571691200899e-02,6.279411232781281771e-02,3.223295587664234269e-02,2.697011208350441613e-02,8.734903289027408368e-02,-2.785100873449899983e-02,6.834230933667047314e-02,1.129059234851344379e-01,-2.221618391494064107e-02,8.684197334317249328e-02,-1.753674627624160764e-01,7.417427209628821294e-02,-1.944795496779962440e-01,9.407073813604619472e-01
-5.978760446677124199e-06,1.405494773366416037e-05,7.025681847439608650e-05,-9.098330461045814983e-04,-5.772983145977428907e-04,-6.924790401068641951e-04,-1.377623341897788204e-03,-6.250033951734619390e-03,1.946491028586691194e-02,1.131892936902326174e-02,-3.528540400909342678e-02,1.465103962390991790e-02,-2.898228295862283199e-02,2.943175607668940472e-02,-4.804848535675568244e-02,1.081483418779369821e-01,-4.086755509015467247e-01,1.755146202605054051e-02,2.367848223006670597e-02,1.970307371595294288e-01,1.993441914136410975e-01,-1.439107293665157494e-01,-1.306317355715380935e-01,6.025703483640113545e-01,3.527247952381639129e-01,-4.339985299987299538e-01,5.495288757329058749e-02,-1.304206059737013090e-01,-3.248191668681982974e-02,-3.340961365954021878e-02
-8.858592052606156843e-06,2.741747068179849406e-05,1.294889840707424597e-04,-8.662886290105637930e-04,-3.828343661415046215e-04,-1.564758132356950889e-04,-1.426735345981463903e-03,-6.436550830142664763e-03,2.449937815338711078e-02,1.707101372178492296e-02,-7.194537974432231586e-02,1.132914750262895565e-01,1.416239883568772007e-01,2.604698549695263696e-02,-1.448566082409122671e-02,1.589326465613001282e-01,-6.476459863247524540e-01,1.365371047116407943e-01,4.898953592650457517e-02,3.571347056297381473e-01,1.944162636544817802e-01,-2.246499348563493412e-02,-1.438023889088679008e-01,-3.553784412949241855e-01,-3.502140779084894073e-01,2.008802892271785712e-01,1.307045435463662642e-01,1.765780953394586669e-02,-3.375648456281867688e-02,-1.293693293095766464e-03
-3.502322977958959176e-06,9.429564346903749792e-06,2.442220923376062168e-05,-2.314866819035892173e-04,-2.752192878910054638e-04,-5.514468440587036056e-04,-6.616826928882474541e-04,-3.395253153244513419e-03,3.542023561657068123e-03,3.386790057302504955e-03,-6.152122386085034922e-03,1.274651416751464497e-02,1.573245543867804810e-02,1.067998604312029145e-03,-9.020993266160324403e-03,-5.678571674925334684e-02,-1.099506343437011147e-01,-2.013811009692337631e-02,-2.716087798128979242e-02,1.121580823696265161e-01,4.924413668225272045e-02,1.972098041725066906e-04,-4.487867684079149821e-02,-1.228222594471570749e-02,1.688645396844388200e-03,4.427561425904579656e-02,-8.988593250327898687e-01,-6.543235896240498506e-02,3.782963616613974067e-01,-9.222803094741335861e-02
7.583737531423721458e-07,1.438615130443241198e-05,9.305857011549188696e-05,-1.277973883278319637e-04,-6.791120372017365905e-05,1.641239737357003754e-04,-9.874318506729858145e-04,-4.796107947669137582e-03,1.706054677823359541e-03,-4.621014709121295215e-04,-6.695732456056299742e-03,-6.741795236943773709e-04,7.622367749682986381e-04,-6.505344097240038648e-02,3.121299817725302697e-02,3.370525225354699395e-02,-8.289792519759824063e-02,-2.777453369999269978e-02,1.455075689461103883e-01,4.087008661399901127e-02,-3.481224978216746618e-02,5.541867461920595150e-02,-4.592984518928277388e-02,2.626833008705246053e-01,4.385643765695089735e-01,8.271767288245792660e-01,4.818726101018755426e-02,-2.458527777904792946e-02,-2.370357377536755350e-02,-8.749211562620679006e-02
-1.559124700648661382e-07,1.068285968055128217e-06,1.527971691952601050e-05,-9.005630697167767075e-05,-6.469962008406123129e-05,-2.090859910715356785e-04,-1.245256092340842470e-04,-1.046577009650631780e-03,2.178841064475595807e-03,1.169874887870528835e-03,-4.548314415709376127e-03,-2.701891984020748667e-03,-1.466608422067496725e-03,3.382544178556391810e-03,-9.284004616363319973e-03,1.354475309426430088e-02,-4.380933424420386385e-02,8.990253331042712473e-03,2.128435613926207316e-03,2.562165783497771104e-02,-9.878613857742997786e-03,-1.298760386845751735e-01,-1.976404384092657687e-02,8.266887330025028680e-02,5.799504973935069863e-02,-3.142197299214628120e-02,-3.425470177205896388e-02,9.786117654474784100e-01,5.538540767906690448e-02,-8.097893454778250233e-02
-7.009206219900691003e-03,-1.044800280409654072e-03,-1.797443089547369477e-02,-5.130000158257191911e-02,-7.665359097301487068e-02,-5.397638292826213713e-02,4.268746220618232362e-02,8.547758957327095120e-02,-8.598527861728693100e-01,-1.282942860585085942e-01,-4.187008884466147940e-01,-1.651164778507751008e-01,7.626465650211717391e-04,9.660062099249457079e-02,1.041721989085377525e-01,8.184666475818959050e-03,-1.525267729113413337e-02,-4.517053487953251630e-03,-1.021013211024622384e-02,3.957862156348199503e-03,3.672392321741557459e-03,6.807768799818544360e-03,-2.085566685181589053e-03,1.541616149047732483e-03,1.141194227158339987e-03,6.522429926804579423e-04,-2.068010658604293832e-03,2.600404350625549490e-04,-2.845954147377534262e-05,5.809072856123758451e-04
-3.127775118052366667e-03,-1.610642529604287138e-02,-2.668487863294721069e-02,-6.757116933442087747e-01,4.649978369512941523e-01,1.706005126090363866e-01,5.350165390111459862e-01,-2.263736147135010993e-02,-1.858785758904323016e-02,9.220851148648681606e-02,3.692983849354372627e-02,-4.586796546306835462e-03,6.591029358041755083e-03,4.401913669063536481e-04,-7.680082764001686969e-03,2.275209568835732249e-03,-2.094345690545487606e-03,-3.198490245325198754e-04,-1.666213486189745520e-03,-6.610766577592577841e-04,-3.114188284569585716e-04,4.218938674135696903e-04,-5.716449953910116445e-04,2.184642717271197555e-04,5.206745574403528250e-04,7.288479499455388123e-04,-6.476957401189489003e-05,-8.735023460740593291e-06,1.147077419972767834e-04,1.337428586545525518e-04
-4.856319361268701673e-02,-2.758427307884038938e-03,-1.160753507984727678e-01,-5.153980288617963090e-01,-7.073635980443659932e-01,4.162296534021852623e-01,-1.554480581676926376e-01,8.420723475962224591e-02,6.871912239575228565e-02,-8.988046516988898449e-02,2.566314179695724021e-02,8.079983584775865535e-03,2.869243927488681397e-03,-6.076385086348568172e-03,-9.110639726753176973e-03,5.642442318753691528e-04,-2.055216643737953306e-04,2.043795856109142071e-03,5.246335667125038996e-04,-8.610472865885852043e-04,-9.195899069494379218e-04,-6.716526635397931108e-04,-4.815165672400669047e-04,9.092087585935996390e-05,-9.723540783027402763e-05,-2.922583040939080265e-05,-2.298850904398866033e-04,-4.628197723016258102e-05,1.847666349188713838e-04,-4.967616114671693204e-05
-8.511160383236590077e-01,-5.217927687297054806e-01,-3.044980905427969661e-02,3.558070995926221336e-02,2.725187168026821025e-02,-1.806026834956436095e-02,3.859655806683273595e-03,-5.317826421514923116e-03,2.850515105895983902e-03,4.148513994330003257e-03,1.633041102184120980e-03,6.708410204743006774e-04,-1.064783568528135675e-04,-2.840939052241670741e-04,-2.052642060273910621e-04,-6.243794796562208223e-05,8.486246945257158540e-05,-3.828134506696909329e-05,4.766812285240722770e-05,-2.980849202683033688e-06,2.591919165431022705e-05,-1.066701647735492295e-05,3.038237756380506149e-05,-1.533286002615511103e-05,9.356676623122059708e-07,1.902768798700552487e-06,2.192696403230801871e-05,9.198227858678778241e-07,-8.958954086875523537e-06,-5.618419903514126082e-07
-5.483922174059517079e-06,-7.309592257719929175e-05,-3.481951378659643140e-05,-1.005520388003473299e-03,-4.177360937710613230e-04,1.371702563456666125e-03,4.416869283883977440e-03,4.078712744550367503e-03,8.865822027118816506e-03,1.162269373826253262e-02,-5.723319658451956476e-02,-6.036116687253495483e-02,2.407957160494514012e-02,-8.415126034578555847e-02,-5.833723014895104281e-02,-3.613110125857784682e-01,2.862045309635475876e-01,5.158882333498522321e-01,2.904843906129079834e-01,3.001049611024491082e-01,4.240634408332006333e-01,-8.575590676004081481e-02,3.006759239964162944e-01,1.226413295732696612e-01,-1.185977135015576917e-01,3.843210897081092425e-02,4.337714269037065001e-02,-1.064725078815014284e-02,3.688399011956646628e-02,-1.311158723926801606e-01
-8.882249940924552296e-05,-2.465949418811218068e-04,-8.899673120218864900e-04,-9.948849171875738528e-03,-6.294345080889072151e-03,4.969839927767844522e-03,1.091663249309347654e-02,2.351596638988775675e-02,1.440567827364110376e-01,1.257349753941401360e-01,-3.885881362407487272e-01,8.859647245939662741e-02,-8.502717003220643388e-01,5.536305090189212047e-02,-1.661927744326899548e-01,-4.655737413935479713e-03,-4.969477141906349787e-02,-2.012595262056406445e-02,1.080144768541053176e-03,-9.811759908267138341e-02,1.523908359034537863e-01,6.181886545644845604e-02,-2.810103226671732332e-02,-7.450272646364916596e-02,-2.946527889824672453e-02,4.856072750106586733e-02,8.935507694461162706e-03,1.353141333185815462e-02,2.616856219298836772e-02,4.626698534512112791e-03
-1.501148486385538454e-04,-1.736760401111628674e-04,-9.609823558803977242e-04,-9.965649217870920992e-03,-4.750944458574654812e-03,7.937744801473608017e-03,1.540040319173227937e-02,2.470389937109631132e-02,1.727733716391809116e-01,1.425302693927296693e-01,-5.956533732145374849e-01,6.138821073101491388e-01,3.262706359476283957e-01,7.488731968362091762e-02,9.609872213040573929e-02,1.059187391235162368e-01,2.344246773445227694e-01,1.679079545716146912e-02,-4.909067842104573171e-02,7.425683533613011700e-02,-9.725425622893676958e-02,2.887775062054721495e-02,-2.754531020863991778e-02,9.965197838224872096e-02,2.976838586426377824e-03,-1.708962409409748792e-02,-1.053345632607169229e-02,-4.371151706068634535e-04,5.969269538850905006e-03,6.518648901039224286e-03
-7.003213396731766357e-05,-2.529014749052536077e-05,-4.172898570732330725e-04,-2.971535849788142607e-03,-2.742705227463986244e-03,1.178135323327803409e-03,3.701372504916779476e-03,5.062418717784914791e-03,3.339679508042998901e-02,2.858556543680187967e-02,-1.074536348003098385e-01,2.400305237713119474e-02,3.716667891953018277e-02,-8.116765906980155654e-02,-2.315402433463895071e-02,-7.088134578872129499e-01,-1.252117950952793546e-01,-5.158098081265811707e-01,-1.880753624087367348e-01,3.175098784806481000e-01,-3.958192848457980223e-02,-5.063654159946600480e-02,1.134813134493029702e-01,-1.127694508789266609e-01,1.269258298316112699e-01,-1.710086168999733203e-02,8.874274677791871291e-02,5.244230564326489950e-03,-4.829805356592754839e-02,2.606176819883902068e-02
-1.325605465727429825e-05,-1.512973554043272500e-04,-3.702689566429941907e-04,-2.317715938762616393e-03,-1.899558050858392560e-03,5.416893355954954629e-03,7.802437498801603061e-03,9.345893561749880202e-03,1.984490025468639215e-02,3.443782928419438644e-02,-1.060915175121231596e-01,-3.993478656395713783e-02,-1.010839882962521752e-01,-7.750207253940244456e-01,4.388582038216701231e-01,1.490920248501839407e-01,-1.854267244403056195e-02,-1.597158073487633112e-01,3.286567127889920004e-01,5.901396916305218926e-02,-6.235861506622179806e-02,-1.454190252199804266e-02,3.585157169681892075e-02,-2.384794268766237541e-02,-5.620169133802155326e-02,-1.113098138032388162e-01,-2.323131986454392284e-02,2.519989776712293263e-03,4.734646735624029913e-03,1.616528914146427368e-02
-1.077703752325411980e-06,-5.144074796316234902e-05,-5.219329863749328120e-05,-1.009630292203244750e-03,-5.611453173574286208e-04,3.528524745347780245e-04,1.856729410256185465e-03,1.771324222333232890e-03,1.634686498407416158e-02,1.678562225158023238e-02,-5.281908890428636122e-02,-1.316257384796775017e-02,-7.694822552711276520e-02,1.703894114453690864e-02,-1.591611878417753187e-02,-1.243119283822520516e-02,4.028887609897089522e-02,1.141867358295496765e-01,2.000056389647680496e-02,-1.318149089304741610e-02,-2.613010567896045799e-01,-8.945835088422690040e-01,-8.637958293228459317e-02,-1.163555941022780399e-01,1.822723117176834953e-02,6.865968088609684938e-02,-1.008338849580888014e-01,-1.063161865015879448e-01,-2.356728063605968981e-01,-5.484943957695511546e-02
