5.288760051457822367e-03,7.671592374728078943e-03,1.190296404972346345e-02,-2.324207728137814982e-02,-4.277005499711202668e-02,-1.227645258811940893e-01,4.814916191281726210e-02,1.328522927929169928e-01,-4.018877951463222242e-01,-4.029101412688239348e-02,3.396683271376165214e-01,7.374354726485693456e-01,2.524605435851542956e-01,-1.124006490190444102e-01,-1.554826356712240565e-01,1.434680055398826204e-01,6.741432443302036726e-02,7.322451765351058184e-02,1.254089369529481218e-02,3.930789539223104867e-02,-7.463172355504919808e-02,2.961344425683648182e-02,1.702624076993063812e-02,2.101297273969709306e-02,3.541300258285298361e-03,-6.141472632075381868e-03,-6.039456536376915444e-03,1.627541659280153400e-04,-6.148980466714629688e-03,-3.034862015531426122e-04
2.231934524806148713e-03,-3.089277793171401904e-03,4.001707548598752544e-03,-5.092435354308223472e-01,3.069297935152269230e-01,-2.797260438180475539e-01,-7.455864572970491988e-01,6.665563563860094076e-02,-1.377342988464103427e-02,8.295395986918494002e-02,-2.569524442010518578e-02,-3.414874540407421429e-04,5.672742277545610341e-03,-3.538766667252636004e-03,7.627176661480412380e-03,2.010735590205246261e-03,-2.014018290174134952e-03,-4.690400528694262664e-05,-1.331413369901623045e-03,-9.382460985460603587e-06,1.295245082398713060e-04,-4.642302509539559044e-04,-5.888220991964844900e-04,3.960325049105265210e-04,-1.796362368800574522e-04,8.983378165157508742e-04,-1.232694535876172428e-04,-3.671631278123179478e-05,-5.339580254364582369e-05,1.070871057463753875e-04
3.678554408509043805e-02,5.054700343221933678e-02,6.391499215869002326e-02,-2.300553943165892790e-01,-4.187920524902923880e-01,-8.048565248577140840e-01,2.715010480035718321e-01,-8.081859928457046927e-02,1.618165671548607298e-01,-3.889107023129562829e-02,2.403389476198950631e-02,-7.259832157242673834e-02,-2.871333575223243562e-02,9.843778901948520288e-03,1.718786616710726509e-02,-2.071630111487849160e-02,-1.194438958072827940e-02,-1.049543479839226169e-02,-3.365364482357243586e-03,-3.137883655281489825e-03,1.150982449306009806e-02,-6.215783421247978238e-03,-3.300936097079894011e-03,-2.598099631617653126e-03,-3.287998251266591719e-04,7.812531467618301015e-04,2.780997802930606014e-04,2.753777041213293064e-05,1.044929475549767313e-03,-3.059725215041863558e-04
5.316390789471832079e-01,8.366056887608868120e-01,1.104680570061044725e-01,1.739940881362704236e-02,4.555193797725552024e-02,5.141152399112255272e-02,-1.325392025372291657e-02,1.426844048626147842e-03,-4.774426071163801431e-03,7.070302664885423725e-04,-4.540038422065744914e-03,-2.207524150271565361e-03,-3.439202743413821315e-04,3.040316662764126396e-04,9.205547568083245009e-05,-7.351039499163532578e-05,1.046909490947439977e-05,-5.093314821531646629e-05,3.114268565972887160e-05,-1.897477938518292548e-04,-2.236978897927543186e-05,8.077874364692762450e-05,1.782226784747380436e-05,-1.548823476644976127e-05,-3.002943071404767634e-05,6.137951705330448701e-06,2.833126860066063798e-05,-1.084969244928258977e-06,-2.770035426012281262e-06,1.818033443063662148e-05
6.024800355575281929e-06,-1.656904758518406727e-05,-1.159483421319309218e-04,-1.645327029335079535e-04,-6.152544997235162311e-04,-9.058900332870324342e-04,1.669738270089911195e-03,-3.056480742363846485e-03,1.104158240834701883e-02,3.529448380360732194e-03,-2.360885018080651626e-02,-3.892752530021692525e-02,6.266236262333249422e-03,-2.565107296572995133e-02,-3.688760474723720012e-02,2.582041528023352184e-01,-7.907774358171491824e-02,2.759886962380252995e-01,-2.657847364674912338e-01,-3.104892258341638081e-02,4.633500457843614528e-02,1.183279774165326564e-01,-2.366693157868654529e-02,-6.772454656917579197e-01,-5.224366572989536106e-01,-1.088569106574737155e-01,7.485813316617268010e-02,-1.885019779358143230e-02,-1.929402683492418766e-02,-9.237091916312825668e-02
5.080914166163554799e-05,-6.233373489343793411e-05,-2.741225048637352521e-04,-2.123847953108402419e-03,-3.915134119689872398e-03,-1.742983890403164860e-03,4.815915104784820942e-04,-2.181949715770267056e-02,7.080205612499892998e-02,4.227273861867861075e-03,-1.004344647200663826e-01,-1.114141763378074107e-01,6.928422132868530814e-02,2.398308463141807234e-02,-1.022191727150740664e-01,1.918272280772010951e-01,1.962247779889596810e-01,1.158935514840745418e-01,-1.183294393214312512e-01,-1.433768448023553799e-01,-7.709502457609168635e-01,4.375189882939318209e-01,2.168943506986894046e-02,1.514130136386213632e-01,4.672622311236829945e-02,4.251772272140271619e-02,3.496756325838917823e-02,-1.301693563168182001e-02,-1.326220766819458108e-01,2.642280827174423030e-02
9.213946358587904201e-05,2.736868612978987875e-05,-5.242581518176538200e-04,-2.541119514645746261e-03,-3.958876983395288873e-03,-2.979634745173811105e-04,6.600167057777163579e-05,-3.191324633342936673e-02,8.776116487558750789e-02,1.222073702916610591e-02,-1.879485746777584121e-01,5.141613576956507309e-02,-2.597211733259621180e-01,-7.280429816103083096e-02,-8.710723223253297176e-02,2.465795267815563407e-01,4.074280458961446749e-01,3.766845055624898908e-01,3.801222847157663676e-01,4.774568759342832647e-01,8.033962196052686633e-02,-5.810736440764766031e-02,-7.734283504078652560e-02,2.309908787325614110e-01,-2.312591769721697721e-01,-9.256755679724663899e-02,1.422843982875174502e-02,5.830831139837242341e-03,-1.039705773643915566e-02,9.171770005002591319e-03
5.320218169604421340e-05,1.134437788529777729e-05,-1.526229243067217273e-04,-8.074475113412062305e-04,-1.579294229516457456e-03,-1.212423659955193592e-03,5.421405971834660723e-04,-1.238835778424787412e-02,2.479000274625996203e-02,2.206748821667866255e-03,-5.227068256881001879e-02,-4.585329002422233735e-02,-3.916234044729169361e-02,-3.222404966351617717e-02,-5.603990633546419853e-02,3.633923669639295140e-01,-2.979667180670140039e-02,8.360476368816022186e-02,1.921823905430391222e-01,1.890054189148785979e-01,1.731700551900008586e-02,-3.613503903248129617e-03,2.728945218534833406e-01,-4.596270425645009872e-01,6.538863805383079431e-01,2.464287205695882554e-01,-2.143717361186623857e-02,5.680037169045732900e-03,6.630311044831139512e-03,3.484948610621544512e-02
1.149452469196641939e-05,-4.906088034084841792e-05,-1.801764977894855123e-04,-7.895210638709166447e-04,-1.348158141731092049e-03,-1.053608063352361483e-03,1.608883577824108194e-03,-9.513569889460915877e-03,2.035075209147573297e-02,3.673851435755797010e-03,-4.328145624444695166e-02,-4.743238246244043527e-02,3.099277608867839415e-02,-3.215573539428012717e-01,-6.474330456816558554e-02,1.248919333983882635e-01,6.010053377067565983e-02,2.766410973153164421e-01,4.007100652017246967e-01,-7.692844820094915104e-01,1.709173675491241773e-01,-3.882601004157515412e-02,1.297114951846849336e-02,4.727439512142641437e-02,2.357933942567753960e-02,-6.861040564648158979e-02,-1.643533862257500269e-02,3.145827176252078382e-03,-4.909718484672930677e-03,1.678137195729813552e-03
-1.699204556313819121e-06,-1.871128613461322369e-05,-7.533705336626664718e-05,-1.395618191799535943e-04,-3.295173218200847238e-04,-5.870163164766382632e-05,-5.942080280499585149e-05,-3.786186641414214689e-03,9.672171966249809572e-03,3.668139008717077572e-04,-1.742869542519885281e-02,-1.658829774474313359e-02,4.328612427295991903e-03,2.885558461137022537e-03,-1.703947124934470508e-02,4.565115305255270511e-02,5.281093423064638082e-02,3.351656160933110667e-02,-4.235282946345320099e-02,-3.438194907109989873e-02,-2.316306186401665967e-01,-1.848772145984754478e-01,5.062297729413516717e-02,-1.894455287427402462e-02,-3.179467812933443882e-02,-5.786751836776378444e-02,-2.459886146113245964e-01,7.037492194085961938e-02,9.094869230653814807e-01,-4.775232735778582593e-02
3.325889901203724986e-04,3.525005947313281530e-04,-6.743146724974271797e-03,-2.765289972049445478e-03,-2.389621747374595564e-03,-1.011515568912849973e-02,-1.357519979357880123e-02,-6.497148958001662533e-02,-7.325011488079065380e-02,-6.387409373368731214e-02,-1.023247446102235336e-01,-5.699038766738381140e-02,-2.195671566978609213e-01,-9.921374960571151258e-02,-9.067132468789392830e-01,-1.621564506603898337e-01,-2.390778343398991812e-01,-8.003885763015476662e-02,-1.824051902535600567e-02,3.330283812308550834e-02,-5.090723924563911665e-03,1.943959401495807019e-04,-1.939690452579606594e-02,2.690863851742881455e-03,-5.785397807533034648e-03,-1.336784700576330864e-02,-5.529798418214526209e-03,8.994099437875362896e-03,3.584299894138439930e-03,-6.358015663313283487e-03
-7.212130262863558042e-05,6.906275870337216273e-04,-6.581817248541486226e-03,-2.916600528451873675e-02,2.792322001988231314e-02,-3.372409369181667005e-02,7.406358764423018326e-02,-6.206691874427013866e-01,-3.966541941720735376e-01,6.525189907459939542e-01,-1.428478619257261273e-01,-1.127118487987335479e-02,2.928602250967647994e-02,5.255376019965716551e-03,4.172806619436297826e-02,1.228172119479256814e-04,-7.479902625231896716e-03,-7.728903311488100579e-03,-5.028447616654461126e-03,-1.555432345065646234e-03,-8.017119479796447703e-05,-2.124185928311012050e-03,-3.353532046871715491e-03,3.198930728825948814e-03,-1.430015868378242119e-03,5.117671964149989733e-03,4.267096105318914242e-04,-2.066943653605034584e-04,-2.829279365710897628e-04,5.165817574507241107e-04
2.431468049357099134e-03,3.458048154524712495e-03,-4.851719345084163498e-02,-3.477483577959720323e-02,-4.460302897605730732e-02,5.933147739128183384e-02,-1.534316700384272258e-01,-6.886419357012413256e-01,-8.747647490518950519e-02,-6.881822473928299599e-01,2.773871135210564942e-02,3.873706991140937750e-02,4.675865249316261962e-02,1.980777494292628935e-03,8.197311784367096454e-02,1.625930195935337830e-02,1.512817283103046542e-02,1.392788726765925404e-02,-1.202056234729019816e-03,1.380122351618941765e-03,1.370695620692571892e-03,-1.739862901631595779e-03,-1.500921107056108015e-03,1.675650443647762507e-03,-1.418537218291587160e-03,1.508489929264514523e-03,-1.661076596520049331e-03,-1.297228497714157311e-03,-1.612128035412825665e-03,-1.262803742874402677e-03
5.593312032472864959e-02,1.006887949272549376e-01,-9.888445831419078180e-01,-5.237486409560528078e-02,-4.990407175117382577e-02,-2.445124226110751905e-02,2.538283744901176017e-02,4.049042806612142970e-02,5.240904877043092887e-03,2.769563082323080183e-02,2.339131757661443503e-03,6.265448299282531117e-04,-1.787742954247424014e-04,3.408994308483570762e-04,1.795895940969350008e-03,2.825337657851240743e-04,6.837042497772173946e-04,-1.990173131979275898e-04,1.445431543999489503e-04,-1.704627240898966528e-04,-7.815840098299311296e-05,6.345374717641639073e-05,1.721724028586766523e-04,-8.012015946969791634e-05,1.305653927462380323e-04,6.590618818223866067e-05,8.099455732666988527e-05,1.257278111394748822e-06,5.602798325131584748e-05,8.435356950139651826e-05
-6.540790006280342364e-07,5.306480720101616298e-06,-4.612365556238803063e-05,-7.341660787359996064e-09,5.420222442876636336e-05,-2.060537988878028760e-04,-1.932189825212134149e-04,-1.505033096509914448e-03,1.648212838421867985e-03,6.961287812198643657e-04,-2.265580266010263841e-03,-4.459931093213914330e-03,-5.505670892302334286e-03,2.308436346789105326e-03,-1.242474883523758504e-02,3.295523056881247831e-02,1.485240026506093151e-02,3.950235256265991618e-02,-8.091078268506003701e-02,-8.244372936326582052e-03,5.450933627738278886e-02,5.531178975252827590e-03,1.250451864176818084e-01,1.408114189153514551e-01,1.172182940003417273e-01,-3.177248682617553333e-02,6.209641936191109268e-01,-1.004916411949191429e-01,1.424681026908937442e-01,-7.218655779156641916e-01
6.802319913512586007e-06,3.614709083209057799e-06,-1.489873801407046422e-04,-6.759474703812681003e-04,-9.677564858926217739e-04,-6.970372394501560612e-04,-1.428949719050139414e-03,-1.106154700852951360e-02,2.226745902924285800e-02,1.614358539788611144e-03,-4.261939268213194715e-02,1.574525177897618741e-02,6.796615040332774221e-03,4.754653220553534815e-02,-7.935221292431353379e-02,-5.244606536609838776e-02,2.892473813887930789e-01,-1.056607066935561917e-01,-1.390823812146151917e-01,-7.155489927368600955e-02,1.601708439422600549e-01,3.988461428593446934e-02,8.440857348416543893e-01,9.768330115529270941e-02,-2.429993887105199868e-01,1.593857736280404058e-01,-1.174319100293973461e-01,1.249819008778725177e-01,-5.685944957953327494e-02,1.731939716463007720e-02
8.885846777127480442e-06,2.297631729112514136e-05,-2.646005251043621539e-04,-6.529399578140335485e-04,-1.121464401540860209e-03,-6.920153778221991257e-04,-1.883071140449119182e-03,-1.685653532074762526e-02,3.276172210838665388e-02,1.248294123994537781e-03,-1.042780389757346632e-01,1.388212377868155434e-01,-2.254394399621311162e-01,-2.430941881322791834e-02,-8.798796331145358751e-02,-6.908379683305201913e-02,6.895649522454784242e-01,-2.037122889138771875e-01,-3.564064598381680438e-01,-1.876610543479776405e-01,1.534543563291147772e-01,-3.091823005239278249e-02,-3.226082463482832230e-01,-1.925896226052888627e-01,2.090988952443114668e-01,5.345782551750765527e-02,-7.841163157787578442e-02,1.226764940509531346e-02,-2.200843885461363156e-02,-7.928737977446712049e-02
3.150547160493675497e-06,3.739186341847102432e-06,-5.370387222031497312e-05,-1.409056340648700602e-04,-3.113857722378668750e-04,-5.549514145252842489e-04,-6.987064032669913077e-04,-4.373841667130709022e-03,3.440830366882522817e-03,-2.464189768726384507e-03,-1.101546129269985984e-02,1.522215459151674173e-02,-2.156687127815820268e-02,1.423369550976178160e-03,-2.697938567714867550e-02,6.325543225207808096e-02,8.321104762586521708e-02,-9.799373785963469419e-02,-5.980047693312943308e-02,-4.493758717409080533e-02,6.781413711014984413e-02,2.672798272775504108e-02,2.981629448976644975e-02,-1.317550528305884081e-03,-2.313571292480353682e-03,-5.138289510883492506e-02,6.948785241516151068e-01,6.604224084916872350e-02,2.254707365377258410e-01,6.522163152331564850e-01
-7.443624504575134873e-07,1.659474343955314496e-05,-1.226729286320380136e-04,-8.262675011652308654e-05,-3.254500785715792519e-05,-4.419974522831456856e-04,-4.403092260367128950e-04,-4.806801012641646713e-03,2.514827097306998691e-03,2.672393791269282205e-03,-9.729996434452043222e-03,-1.588796966403839550e-02,1.022167974279794729e-02,-8.601665257874650805e-02,2.037423474587124125e-02,-4.879789999237263420e-02,4.362480800914564361e-02,-2.757988994261441687e-02,-7.418807993536528922e-02,7.302278169282669373e-02,7.307458937973979052e-03,8.343423255781570735e-02,2.074040668011384869e-01,-5.314880329583827889e-02,2.493518766733180403e-01,-9.210591084248508364e-01,-8.639704321551643085e-02,7.086858036381188559e-03,-6.607800433724092537e-02,2.351860356184668627e-02
-5.126977088916150200e-08,2.302883305336567069e-07,-3.000920622435130299e-05,-4.912680377550672066e-05,-9.056915914806081165e-05,-2.250231658111041626e-04,-2.214216447512341662e-04,-1.583348836020008693e-03,2.583129954717414915e-03,3.380849026140773364e-04,-6.712726140484925365e-03,1.071043706315196690e-03,-6.707213816807987630e-03,6.580761250355580960e-03,-2.416437123626723193e-02,-1.622309445660788602e-03,5.768366925505893222e-02,-1.914028864233183191e-02,-2.412033448280141018e-02,-1.860153279933997664e-02,-2.593559637895537923e-02,-1.116008285530404320e-01,1.076529202055040157e-01,-2.546752247040025264e-04,-3.100984775474155061e-02,5.553920145666912944e-03,-4.124660994805733061e-02,-9.756596495727636320e-01,2.965658595413132176e-02,1.201930146693015039e-01
7.291518483915704688e-03,-3.037983825606746773e-03,1.010822813956572565e-02,-4.268218622300548604e-02,-6.129288801143151222e-02,-8.636902471442982343e-02,6.594118853987486484e-02,3.169352763389549077e-01,-7.207717704266931591e-01,-2.616309245258545135e-01,-4.735892291163658618e-01,-2.242777349226250660e-01,-3.024390726234445215e-02,6.106398347584540698e-02,1.172282671965134693e-01,-1.223067712996266272e-02,2.382348508109005322e-02,2.617857366454558448e-03,9.278250475050361934e-03,-1.294022595785894111e-02,7.908464149508877966e-03,3.139324880409231824e-03,1.735347369868466298e-03,-7.756440174622563884e-04,-1.782269991055900928e-03,1.032378682015377145e-03,2.489781421762315115e-03,-7.030002615922175714e-04,4.239100352855701458e-04,6.650364589044454027e-04
3.105666998550315333e-03,-1.485567658866850105e-02,2.154668034850094546e-02,-6.925297084454178353e-01,4.054928042286043977e-01,1.896592190762842467e-01,5.557011526874862106e-01,-1.745354184502300593e-02,3.678845911409026059e-02,-8.762210984502064037e-02,3.245401427013747120e-02,1.048518576683642482e-03,-6.704381076326101398e-03,1.960034116938940557e-03,-7.849036497058484857e-03,-1.002789353407535465e-03,2.085070392129804821e-03,3.380841100501968174e-04,1.125934145310869983e-03,-9.654547011535947413e-06,-4.047732320127183725e-04,5.640304438110056110e-04,6.088155211678925515e-04,-6.446733592614026492e-04,1.954894648522806355e-04,-8.553618103896110060e-04,7.283481951675750265e-05,3.777083455906625557e-05,8.053243218364173283e-05,-6.818363162184719892e-05
5.110968358837652409e-02,-2.003643214388544855e-02,5.127572711174404468e-02,-4.464836499693675131e-01,-7.425883052386090810e-01,4.546670214601483684e-01,-1.566825535457152252e-01,4.608714576768304511e-02,-1.190444828028858551e-02,9.641264821844018618e-02,2.360144976917873810e-02,6.255464094378260058e-03,-4.793741000834753942e-03,-3.339302594847116164e-03,-1.028039619625838175e-02,4.137920906827774882e-04,-8.278985034109353136e-04,-2.361115247673424984e-05,-8.999103059505467661e-04,1.105283156154334189e-05,-1.125593089779265655e-03,1.039638990054342582e-04,5.044205927490376775e-04,-3.309001275719579546e-04,2.811786626644787205e-04,-1.932043073899569557e-04,1.002428492390028441e-04,1.035865329635686440e-04,8.000532343686671656e-05,9.444620412067821521e-05
8.427123707820027843e-01,-5.354296436690064720e-01,-1.006816809760154030e-02,3.413933480942934334e-02,3.652172369270100666e-02,-2.186720714090566176e-02,3.832131303921095227e-03,-4.570209703234085971e-03,5.126285170715343294e-03,-1.748221773827066767e-03,2.324621747271044762e-03,1.237144390922107753e-03,3.755871723355850731e-04,-2.199905961242001732e-04,-1.920330924664752413e-04,3.372404646673642141e-05,-7.235533813090520036e-05,9.998389674975858486e-06,-2.339207422063210100e-05,8.205718893236845196e-05,3.012945826528045835e-06,-2.573260884501691410e-05,-2.702984371524087270e-05,1.304579691117685880e-05,-1.451029456275440373e-06,-2.122638511643484001e-06,-1.670954706496939057e-05,-3.829421084043852652e-07,-6.977640542620000812e-06,-7.417239322844601141e-06
8.239408413164295771e-06,-9.022721006229216130e-05,-5.211714047487489224e-05,-4.817987796888553872e-04,-6.365216859850355126e-04,1.047027052647121325e-03,4.110614189687470874e-03,3.190887645540231837e-03,1.929899248160125980e-02,8.171885812284959390e-04,-4.292265605989659116e-02,-5.212145734544716691e-02,1.515307731725784070e-02,-2.902064427700609336e-02,-3.430920835972686711e-02,3.847434189787117265e-01,-1.942735548590245886e-01,3.716812074187553216e-01,-6.085715339682092884e-01,-2.302366711751961323e-02,2.563931947733193994e-01,-9.641754859474638284e-02,-3.818824938416184867e-02,4.030969686929338214e-01,1.733915685566589093e-01,3.426192448262278117e-02,-1.255144386909197995e-01,9.499551960596524375e-03,-1.809302713440149105e-02,1.076790434559786042e-01
1.190767347814720322e-04,-4.536822625641526142e-04,2.228952697790663549e-04,-7.918310288424797519e-03,-1.006998886346821553e-02,9.703254924204826951e-03,8.371352963746822237e-03,-1.219006659016503083e-02,1.965031799789682398e-01,4.003581983064012119e-03,-3.767358165982589990e-01,1.440437621258782060e-02,7.937726504718581877e-01,2.569846121572388342e-01,-2.196550520130757245e-01,-4.370582080308687417e-02,1.245902956555938884e-01,3.012808201685057696e-02,6.992372929818585492e-02,5.684025984952457283e-02,1.792877896756793488e-01,2.603267467150579759e-02,-1.085117593346088399e-01,-2.151528966216516986e-02,2.800302261136464882e-02,-2.350298487664687769e-02,-7.597423817838977814e-03,-1.137256453620586610e-02,3.589233697041441934e-02,-7.698733018382020003e-03
1.815385807829229706e-04,-3.836515077548291659e-04,1.839961554453462564e-04,-8.669114343023849242e-03,-1.130945297411582208e-02,1.135920344963709146e-02,1.123838445426726326e-02,-2.607833797693491495e-02,2.474916727762563329e-01,-3.871922934158305695e-03,-6.226420316679094347e-01,5.843111371759518446e-01,-2.423839990517416831e-01,-1.740476008857569715e-02,1.677061665739948415e-01,-1.210146589809186490e-01,-2.877350273493181620e-01,2.084391148716997419e-02,-3.695645935430768442e-02,-8.591594184865859740e-02,-8.385514814566971675e-02,3.432681888041579088e-02,7.228535234030146472e-02,-2.279865803354920104e-02,1.899433882972757434e-02,1.230687343653504538e-02,1.097428115069674567e-02,-5.251177302156348654e-03,3.750324111451078159e-03,8.138026705613022466e-03
7.874957455067008952e-05,-1.284227638267499490e-04,9.073609647632044242e-05,-2.016636188013658064e-03,-3.261181885762771005e-03,1.457264849261671619e-03,3.216231740062636558e-03,-4.383381955263212712e-03,4.701326343129268864e-02,-7.115246983946449909e-03,-1.099237855910436268e-01,1.442474149061043556e-02,2.355436542712318910e-03,-4.654358304202672186e-02,-2.057325998605451581e-02,6.622944791563564193e-01,-9.108865073402296064e-02,-6.750999669372074186e-01,9.541130738678131606e-02,-4.369006136045731209e-02,4.798094357989227815e-02,-1.184378563629366089e-02,-6.835835613003736488e-02,1.144090551444650883e-01,-1.708894866291773007e-01,-8.920753747342698159e-02,-6.318016694289940727e-02,-4.736508947141301537e-03,-1.976030512882153908e-02,-8.562991064345946979e-02
2.255780295162297796e-05,-2.415457363180010836e-04,1.799352615769215179e-04,-1.913578230013918916e-03,-2.454761749235941700e-03,4.581110366273722506e-03,9.228932965297115265e-03,9.081524549208967040e-03,4.549639601445533421e-02,-5.815515662060214211e-03,-1.250601126453219913e-01,-9.916943934923663773e-02,2.479713353167214418e-01,-8.838122278400343257e-01,9.007758655796165026e-02,-1.337856301405908332e-01,2.188490544535558885e-02,-1.044404300116224399e-01,-1.367262881488409132e-01,2.332797520731158258e-01,-5.352383809062723208e-02,-1.363391923399124954e-02,3.570627469126883436e-03,-1.116878466910538499e-02,-3.062965572829584246e-02,1.200556261253739460e-01,2.256601848136419175e-02,-2.129801284001439730e-03,6.467991629019273492e-03,1.121295064624595840e-03
2.669421724054052392e-06,-7.220551244097496576e-05,-3.340476442240043379e-05,-7.477969647884798003e-04,-9.279991366471543020e-04,1.156153494715184225e-03,1.248768152473367192e-03,-1.059213315757452992e-03,2.453460732488281504e-02,-5.964706909380155554e-04,-5.291684862882548024e-02,-9.215411089550882076e-03,7.936430565912097612e-02,4.336474995264053001e-02,-4.405855259334659491e-02,4.647651499845794482e-02,5.363726599166036141e-02,2.480740251812383473e-02,-6.292590415067918219e-02,-5.831913102473130356e-02,-3.748273412370436986e-01,-8.487515713779880677e-01,6.526089864366370341e-02,-6.902154921272581067e-02,-3.467711298037200879e-02,-6.481759975774759042e-02,1.168958894698545053e-01,1.090691158568506958e-01,-2.692257153076765275e-01,5.367476780273786052e-03
