-5.120037988769851611e-03,8.296627293260817534e-03,1.348620306800036271e-02,-3.502160967224500487e-02,-3.733841186279275581e-02,-1.270234851440922019e-01,-4.355616847902712280e-02,8.867751003669457899e-02,-3.432977476264023053e-01,-1.701638180950361678e-01,3.459405025668469968e-01,-7.400689788929217805e-01,2.670756071730581160e-01,-6.837579121920910052e-02,-1.761703700911808057e-01,-1.636626604484567871e-01,5.199301593412458677e-02,6.775540680250841108e-02,-6.208722023161687698e-02,-6.431789445501312485e-02,-8.066632192933347045e-02,7.341369447159192853e-03,-7.937884291801512726e-03,-3.405062996756163390e-02,-8.465249305404017391e-03,-3.981975109902921410e-03,5.646200268384629281e-04,2.155792729074455880e-03,-4.096951415513032553e-03,-4.018880190414541621e-03
-2.247869507674229474e-03,-7.521677466566237952e-03,2.169322078092665151e-03,-3.692053204979328651e-01,4.520806529592002465e-01,-2.823696025559951917e-01,7.517577106052061309e-01,8.281736756596085047e-02,6.050761562647272510e-03,-7.525120368179857855e-02,-4.035673749100546215e-02,6.393889452460717153e-03,7.747329279838286939e-03,-3.779002630785337647e-03,6.989785023436632938e-03,-3.347288532232963777e-03,-1.910138292243470986e-03,-3.520924473620141082e-04,1.524478823518252407e-03,-9.776901846771071831e-04,5.385515297118556111e-04,1.174427958300599487e-03,6.517250833587810580e-04,-4.909110968435373293e-04,1.549823749973324631e-04,-6.372243915339888612e-04,3.320042071979441875e-05,2.208232275421001891e-04,-1.409620168008671413e-05,-2.849331905282827845e-04
-3.540250575393395077e-02,5.403285637566319216e-02,7.957879812531823416e-02,-3.169041066949876417e-01,-3.213735049457092097e-01,-8.235857599919212957e-01,-2.533743038102460599e-01,-1.011474095491574354e-01,1.360878722900012439e-01,7.827253235394984743e-02,1.237166017323579857e-02,7.662546305451442552e-02,-3.268509320287352193e-02,4.131683399604604325e-03,1.646112510732609252e-02,2.192524769922027383e-02,-1.079080005524419260e-02,-1.000780110453332143e-02,9.577924521319503004e-03,7.243106066338328951e-03,1.301459208977901079e-02,9.084875808636701288e-04,1.763245116162624315e-03,4.192665056045449465e-03,1.394450458472281393e-03,4.056026674725181987e-04,1.720867894247306550e-05,-3.761332374664687556e-04,5.573745464522300574e-04,-7.325516451589141802e-05
-5.326386975886876485e-01,8.383505749384966288e-01,8.618429800392110596e-02,3.104888288735173710e-02,4.785875970374931648e-02,5.104102461794231271e-02,1.150533297433657155e-02,3.476740889881535512e-03,-3.737987127755532189e-03,-1.166220299475017414e-03,-3.684542378106945345e-03,1.801313742505197000e-03,-2.068351343092995160e-04,2.772534053565291960e-04,3.352615491443148741e-04,1.385818817629389573e-04,6.876376932584882706e-05,-3.110334806954925406e-05,5.366518498001951741e-05,1.745217763023038712e-04,-3.220608265030482282e-05,-1.020447271757599696e-04,-1.518005462491402846e-05,2.866255373002169876e-05,1.159917682896190592e-05,-2.423996470364735464e-06,-4.628196872598695262e-06,6.067098064652781687e-06,9.224432839863469142e-06,3.486168884556650196e-05
-3.906636414022684557e-06,-2.068598654519581583e-05,-5.372904826784950197e-05,-2.042815649479077958e-04,-6.212502810321175566e-04,-2.064784400011020519e-04,-1.844819591634286630e-03,-3.140569624632512553e-03,6.688523900936547625e-03,6.441715028627399697e-03,-2.509545440896002177e-02,4.890737127750890978e-02,-1.140379541704205670e-02,-3.354216785656220084e-02,-4.154697482982795675e-02,-2.940397240761942199e-01,-9.828414714438872546e-02,3.164202837750301200e-01,1.458911516242039352e-01,-1.088378560427422093e-01,-8.185200541250754747e-02,-1.520874895117065306e-01,1.748290840900272036e-01,6.147867880658686168e-01,5.134557301839791643e-01,-2.200211176400218294e-01,1.533831095105039552e-02,-1.058723859486430663e-01,-3.296629349658315028e-02,3.988438557128058670e-02
-3.999417353174899195e-05,-6.011514216563206632e-05,-6.968328016233928134e-05,-2.549748986445462325e-03,-2.426948027369065300e-03,-8.191583796511715636e-04,-6.356076074493236449e-04,-1.779003584595402129e-02,5.365909553344871963e-02,3.789468797386458948e-02,-1.011110505591432673e-01,1.199591581734037182e-01,5.748118353569554861e-02,7.372475018347080661e-03,-7.907838841576635136e-02,-1.949655242876389138e-01,1.687029906419381386e-01,2.705212869564120881e-01,1.036516379246145425e-01,7.128021002466726486e-02,-8.077774431809773281e-01,-2.125627113838475246e-01,1.155562013422833587e-02,-2.343019004604880440e-01,-1.943092100389771371e-01,3.658655718268069568e-02,-1.105844001148665115e-02,-6.369543303114597738e-03,-9.935825887530204403e-02,6.166781193722883914e-02
-8.332266005204015072e-05,-1.147128465452660483e-05,-2.593399211640558190e-04,-2.834830970153112781e-03,-2.099686942859832657e-03,4.712129435647126243e-04,-8.033467746720353167e-04,-2.330444426221574272e-02,6.922562008078562978e-02,3.921557760631595724e-02,-2.072072582680796748e-01,-5.581558515887614230e-02,-2.673308880674490351e-01,-8.252258391198522003e-02,-9.173648745923797254e-02,-8.845890580810783499e-02,4.016638210952661048e-01,1.420770865898040025e-01,-4.853983348845997692e-01,-5.414987238916716406e-01,5.779874249076000226e-02,3.508285681840682402e-02,-3.436636705781164619e-02,-2.559333069818696127e-01,2.631450205082966898e-01,-2.698069577649347614e-02,1.117894131474062545e-02,1.143024578440621393e-02,4.291393979731997037e-03,2.632607973980819263e-02
-4.799968483583995246e-05,1.420049032530030810e-05,3.130340284026172824e-06,-1.009869820097224983e-03,-1.079563046429154105e-03,-3.240075285172795997e-04,-9.321701865533261328e-04,-9.801053449637588122e-03,1.734117957156254206e-02,1.368560152100971664e-02,-5.690674819394456185e-02,4.469372074085115748e-02,-5.540637047599476783e-02,-5.919657824537171570e-02,-4.089659609526129919e-02,-3.059950818914740633e-01,2.097539470424503172e-02,-7.057104088524013275e-02,-3.231888963665515702e-01,-1.740416338390949891e-01,1.481979537213976364e-02,4.208191453652213032e-02,-3.964490820285865302e-02,5.212720847773713029e-01,-6.901360131323992508e-01,-1.697977942705914886e-02,-8.772386194749173458e-03,2.367017316778258478e-03,-2.295422561057267139e-03,-1.359298500856648273e-02
-5.526919650017078192e-06,-3.903941985035155079e-05,-1.051904076877339147e-04,-9.163485344785314091e-04,-9.477946894477897247e-04,5.085018343440783802e-04,-8.652243709817349646e-04,-1.080815430895874264e-02,1.702301774113695529e-02,9.644349161728444850e-03,-4.952157339281996334e-02,4.375578065190065952e-02,5.419716804037743446e-02,-3.362143195777200777e-01,-4.156114501328184857e-02,-7.347199617290299523e-02,9.085822187456005228e-02,4.602962987096163028e-01,-4.010523693501653053e-01,6.520823043495300730e-01,2.233652322533222490e-01,-6.492673244716428566e-03,-2.750402698158593753e-03,-2.433733954484988693e-02,3.013766337197068892e-02,1.163726925119547007e-01,-4.381916155980758280e-03,1.509352372579519062e-02,-1.507908191089074069e-02,-1.965317148810895656e-02
2.940982342408482049e-06,-1.973139704331951190e-05,-4.675330348201884375e-05,-1.467572209679066694e-04,-1.999149957684580434e-04,3.472352896785084399e-04,-1.354085887799105433e-04,-3.195393034831185176e-03,7.449424740888513363e-03,7.107530834688757272e-03,-1.744553515212995606e-02,1.731332890813916739e-02,-1.952435766134017750e-03,6.169532287207699604e-03,-1.425812295966983126e-02,-2.950035266601271772e-02,4.491411735945979172e-02,9.290327385020008544e-02,4.918474676602597323e-02,5.568553520627844179e-03,-1.514854965283384258e-01,2.076027084408391121e-01,-3.608482167626956422e-02,4.073185691591141994e-02,3.289815218979278560e-02,2.356994038147681991e-02,5.144517063427359732e-02,6.505603431376537349e-02,7.932925848376333189e-01,-5.274730377409623250e-01
-3.235084393980079080e-04,2.624627127212656136e-04,-5.402931497330233993e-03,-4.589914615829858088e-03,-3.154656415884611511e-03,-9.554807092186254304e-04,1.636517692489544706e-02,-8.247284460364535941e-02,-9.012397611660034891e-02,4.087762372389754095e-02,-1.031617118453187903e-01,7.660915849121381627e-02,-2.021802369439699432e-01,-1.481416049497057963e-01,-9.055868520689559498e-01,7.859492055181545311e-02,-2.231251650025288802e-01,-1.411946774725983400e-01,6.004151553752139908e-02,5.045375373699226285e-02,-6.693638912695339463e-03,1.894998031534081417e-02,1.203588619566991515e-02,-2.524076974415655900e-02,9.332100115193817449e-03,-1.520048950316445734e-02,4.367487738337813390e-03,8.400183228704874785e-03,3.458861683691110377e-03,2.398995382042883615e-04
4.902241772230895846e-05,2.875737297361433717e-04,-4.529625988447622160e-03,-2.507976363922980248e-02,3.316384718675520482e-02,-9.869612245826167845e-04,-6.294070752251564038e-02,-5.589670826438881690e-01,-6.249675493851178376e-02,-7.862738946229936854e-01,-2.327602684377512721e-01,3.834730659863168356e-02,3.994169730094629389e-02,5.552071851890574145e-03,4.566130547969447784e-02,-3.566646951052175520e-04,-1.336362563090858976e-02,-7.623917818024305432e-03,8.474355775240331387e-03,-1.348748258465511237e-03,4.123608943695405201e-04,2.835815242970891447e-03,2.693576322881671530e-03,-3.937432450301472583e-03,1.923200265199146298e-04,-2.515786245755239833e-03,2.004503638357052570e-05,1.039507008185630403e-03,-1.839927733616295469e-04,-1.863557898492294949e-03
-2.392659084425994512e-03,3.078810539117621172e-03,-4.022707744698000160e-02,-5.575629902181203357e-02,-3.898686668900994134e-02,8.705900659784492068e-02,1.758497142605713326e-01,-7.840269737477887357e-01,-1.894906163171690971e-01,5.203844375712687320e-01,1.368568472556830062e-01,-8.168213556368431050e-02,4.180829692655561175e-02,1.485511737360789737e-02,7.612091637723783499e-02,-1.192072584127048564e-02,1.167758361890671413e-02,1.363289321567722097e-02,-8.358234727361961436e-03,-9.759200450760377801e-03,3.973677744222038274e-03,-1.338517338705104767e-03,3.378716080042729313e-03,-7.540643986159303392e-04,7.630008284748788757e-04,-1.415368361212570019e-03,-2.339997434112947431e-04,-9.903216513711869760e-04,-1.368673181289695867e-03,-1.111364680688629696e-03
-5.961152974357310230e-02,7.255198374638759107e-02,-9.868832486372787205e-01,-9.966063973165668888e-02,-6.593432772795537744e-02,-2.321916464603616947e-02,-2.115055381013227279e-02,3.945484968593346992e-02,4.829877697893996714e-03,-1.955956177483035921e-02,-3.039190573582069635e-03,1.632386960512469684e-03,-3.434425787150934884e-04,1.328866591167172885e-04,1.681490375075220993e-03,-5.926915269137030798e-05,6.743641903518039771e-04,2.015738592766318660e-04,-2.647790730731081930e-05,7.478592346632663814e-05,-1.768835465928747964e-04,2.790684461007717828e-06,-1.848484055729082817e-04,1.363632408313025411e-04,-1.375622124762542647e-04,1.038306167614294991e-04,-1.553116652980676720e-05,-5.479069671358340224e-06,3.424493816239009242e-05,1.940427308100991531e-05
7.907221323746583763e-07,8.336825403089100972e-07,-3.192887591236353136e-05,5.034687003858064514e-06,4.662289663584749395e-05,3.544339576954918522e-05,2.384386855468540085e-04,-1.395447551036074806e-03,3.560634311609025496e-04,-3.201184855163078627e-04,-3.072274020737147081e-03,4.109000561061469659e-03,-1.585869760556654715e-03,9.171951299556275203e-04,-1.283001305877618826e-02,-3.559692919018978691e-02,-1.195344335580124200e-02,2.618947117582533235e-02,3.200470856702817418e-02,-1.748521529282681328e-02,5.772904078858122345e-02,-1.218861465340343418e-02,-1.424683051286982916e-01,-7.617573115575726472e-02,-5.475338056734184444e-02,1.204345329276289289e-01,1.601753374038799027e-01,-9.550234754791242509e-01,9.947769095524103267e-02,4.089208882429964248e-02
-5.830789544940255185e-06,-1.080258830338253548e-05,-9.808535947949206552e-05,-8.031462239041504535e-04,-5.671104720883051982e-04,-7.419282401602502093e-05,1.551949361063696469e-03,-9.411016646416248133e-03,1.847734434076675480e-02,8.830907163600977203e-03,-4.025845260599475450e-02,-2.097463451464144646e-02,3.826662466556085551e-02,3.507592880623372489e-02,-6.203512181011170551e-02,8.639684731374577820e-02,2.443563667199122047e-01,5.549399379848502477e-03,1.131135703380538732e-01,1.015897199527032169e-01,2.139421550687998965e-03,-4.180633158782044029e-02,-8.621083977675326748e-01,1.466165624470795736e-01,5.633659005594794655e-02,-3.260838180085677829e-01,9.342816304285794793e-02,7.412570252150302297e-02,-9.120764804255108993e-02,-4.514601316330040665e-02
-8.688183590776943585e-06,-4.201320187845788206e-06,-1.967055516932974992e-04,-8.447421200052030376e-04,-6.641577828845751652e-04,-1.043740867643947959e-04,1.774942592175324891e-03,-1.452905951089346163e-02,2.650315225596286406e-02,1.209131866629370097e-02,-1.120039820955723020e-01,-1.575338017416094138e-01,-1.618244354736202428e-01,-2.176643270671450164e-02,-9.772799611344765158e-02,1.431040264293539088e-01,6.983229670830225500e-01,4.460327815888868314e-02,4.586685851990192075e-01,9.924178434324118503e-02,1.960727520161230641e-01,-2.565940582197492187e-02,2.981579776654663116e-01,1.533865287399562849e-01,-1.647526363306502373e-01,6.363047383201173024e-02,3.104517360703571219e-02,-3.011661574021773022e-02,-6.634743434675444140e-02,-7.758784289618175789e-02
-3.305324883542470060e-06,2.606005112200032790e-06,-3.697596490770921855e-05,-2.202661848946544320e-04,-2.641857167166231221e-04,-4.077251481435886001e-04,4.944971515590988135e-04,-4.594113451240231308e-03,3.343948466830214909e-03,1.193060312235087088e-03,-1.145115480267296613e-02,-1.404527678889964416e-02,-1.179925684014443248e-02,-8.636263983274283101e-03,-1.151411609512775595e-02,-5.934081142658468450e-02,1.052957309731637342e-01,-4.151333256195675198e-02,6.793621323451151661e-02,6.609511630082788580e-02,2.589543902241984649e-02,-2.526017645034871304e-04,-5.917541538611355290e-02,3.182129120366934683e-02,-2.343136833420778574e-03,3.404290754275839798e-02,-2.149487870889922256e-02,1.001536379575883734e-01,5.311038352036512311e-01,8.216214259041033641e-01
8.420148230744821806e-07,1.750856310475853024e-05,-8.615823139407666718e-05,-1.400325416413196629e-04,-8.682608940277920491e-05,1.181126596932716995e-04,9.439190947984736364e-04,-4.905358986930953048e-03,7.605098153498309789e-04,1.292824697404906320e-03,-6.875070295481100144e-03,-4.892763903860642642e-04,2.319138275037439800e-02,-9.009250435799007195e-02,-8.286051349023899198e-03,4.013364278860361706e-02,1.687663529575024468e-02,-6.227138030774314464e-02,4.398384250694511305e-02,-1.154247429717094736e-01,-7.143435720520842358e-02,-1.092440411066192552e-01,-2.643691133605060584e-01,2.428219505868227102e-01,1.751516618076321419e-01,8.807434593964494907e-01,-4.854363940123886112e-02,1.022086228614036141e-01,-6.349930629977934560e-02,-3.253195442360995449e-02
2.523218909415781287e-07,-1.407564811657339939e-06,-2.068504785242468929e-05,-4.969143685347140912e-05,-5.073173828741461464e-05,-3.253333536179217118e-05,2.180798247802847700e-04,-1.726058479455164305e-03,2.080714517082756822e-03,1.368865761758359442e-03,-7.186068700916551678e-03,-1.693231812304430654e-03,-2.936200738486681016e-03,6.562516496066126553e-03,-1.581744128564664328e-02,9.582140921085755686e-03,5.276288458268398734e-02,1.640995607700527353e-02,2.905296556431274241e-02,1.260579029945214577e-02,-1.140923275932094298e-02,1.193715212973368578e-01,-7.868573227137647119e-02,1.558062500431277482e-02,1.698152240348892866e-02,-5.179389992960226063e-02,-9.719334824322104494e-01,-1.615288893980403317e-01,1.407363369644364613e-02,-2.751573952884139515e-02
-6.996376373514800150e-03,-1.933939576287515725e-03,1.629161494034850333e-02,-6.548076396431654067e-02,-5.502009622514618392e-02,-7.416753847216021878e-02,-5.385614399598781521e-02,1.718721145980135201e-01,-8.605955884136441414e-01,8.012193312056312133e-02,-3.849332971033974093e-01,1.974857932735108179e-01,-1.415807286784991417e-02,5.178466252102881251e-02,1.240609075517619536e-01,3.158645462535416421e-02,2.431009968552017009e-02,5.669297925112041885e-03,-2.544706519767226966e-03,8.649483288747112503e-03,8.609437403218424961e-03,-1.008176118227685492e-02,-2.619140953907492329e-03,6.060920360221162817e-03,1.055320105132616804e-03,2.341410701550381956e-03,-4.416246384251005445e-04,-7.615520859497723399e-04,1.327303463316610284e-03,1.797259445548523042e-03
-3.075208288952003231e-03,-1.950070476064777805e-02,1.901027618351450871e-02,-5.474986743932425126e-01,5.971311815474458218e-01,1.617473502065006619e-01,-5.522673404425456622e-01,-2.986606159106787797e-02,4.599128673782032842e-03,9.264783805059141619e-02,4.553029303601482947e-02,-6.573493984667616238e-03,-8.629599918450065951e-03,1.776378787747917142e-03,-7.855697866543933858e-03,1.837727180100171692e-03,2.236081574281181643e-03,8.303843338198768891e-04,-1.390396127561521799e-03,9.212414018351909335e-04,-6.946886091884018179e-04,-9.827195736720431996e-04,-5.535465453215631087e-04,8.061196933469386714e-04,-1.268485966450752132e-04,5.419567579573325447e-04,-3.422542156563745870e-05,-2.060651765329863218e-04,4.692222970880049955e-05,2.959377279333039895e-04
-4.886427144341351503e-02,-1.263755417234463038e-02,9.890350459987133636e-02,-6.642657349229698083e-01,-5.671471347966114962e-01,4.275443936119941446e-01,1.571923643622599731e-01,8.675439587630998095e-02,4.310144038019446400e-02,-8.677431686489422979e-02,1.436168249089681340e-02,-3.087824150514595009e-03,-6.343496595251052125e-03,-2.906237546049926079e-03,-8.857126585019131984e-03,-1.064077377126259553e-03,-8.061587777099425223e-04,4.009560042473862438e-04,5.399369496044281605e-04,8.268362321191906317e-05,-1.569098011169065996e-03,6.791040330435942638e-04,-3.632075737375462356e-04,6.471183422062248304e-05,-3.141573802304798812e-04,6.025819063549871793e-05,2.168998326164447011e-05,6.460554118267381103e-05,2.418214007555957696e-05,8.878108319230128991e-05
-8.420248615733045838e-01,-5.369409356754232254e-01,6.087335518826080330e-03,4.319247709548932473e-02,1.823156338707961760e-02,-1.952608196298967480e-02,-4.032380808375112848e-03,-5.622786982555525066e-03,3.502285471620081476e-03,2.502196101587335266e-03,2.080580458740209290e-03,-1.120186372705341861e-03,3.289648921933724076e-04,-1.871669252666396770e-04,-3.143216276874556160e-04,-1.258562170951888946e-04,-8.086327013880386511e-05,-2.159466010677819206e-05,-1.313135723003422800e-05,-7.261872220350674338e-05,8.855568926135275087e-06,3.644557383869319805e-05,2.851534394630457053e-05,-3.279749967002721484e-05,8.596912348135039199e-06,-8.689180810020102861e-06,2.490638549195659420e-06,1.354281830105728660e-07,-1.148576334447267002e-05,-1.433500526134589469e-05
-5.848440736768332735e-06,-9.683910739995423120e-05,2.988174127548460580e-05,-6.234574853467731922e-04,-5.396972558530316929e-04,1.852321416378392574e-03,-4.311595935615557783e-03,2.523283184061427854e-03,9.054604838633149855e-03,1.706377702322925058e-02,-4.117600246076395104e-02,6.127119270140150148e-02,-5.785008828068941879e-03,-2.512408811830017449e-02,-2.173222868057958848e-02,-4.526787084148816698e-01,-2.073411267856853923e-01,4.151168156356448424e-01,4.267525012877649293e-01,-2.322804772109084981e-01,3.939250793296815711e-01,-7.709654023110606123e-03,-1.556388206960844511e-01,-3.048615881405515315e-01,-1.916177327154200694e-01,8.636604997561236896e-02,-2.650346598744453275e-02,1.362167728697903368e-01,-1.601016131623750685e-02,-2.486495073585313909e-02
-1.008595647476487155e-04,-5.100027834728694401e-04,4.549509107826639411e-04,-9.302770819411453757e-03,-5.966038070876466919e-03,1.055248572439194434e-02,-1.038729972964772680e-02,4.582604880483499149e-03,1.536868700055823989e-01,1.160510528101273559e-01,-3.376510112343806269e-01,6.470499035722207526e-02,8.090211680403623928e-01,2.741665685476195602e-01,-2.264253879423481219e-01,7.086277679450374636e-03,1.110479184157842636e-01,-2.691230210896364619e-02,-8.917112988235334492e-02,-8.214496442035851276e-02,1.501851184207376178e-01,-5.877188645796995597e-02,8.775663574526665345e-02,2.606513289060717609e-03,2.491280883525274006e-02,1.802406521264396030e-02,-7.646395331916962072e-03,-2.065851672701484853e-03,2.740776001757189856e-02,-1.100483683066422538e-02
-1.699456525807888725e-04,-5.393151123259471097e-04,3.958892379288981179e-04,-1.001319139051036824e-02,-6.327250070078959537e-03,1.030159446290753594e-02,-1.261682889202408835e-02,-2.085102715359226418e-03,1.948031545003920950e-01,1.559441860214135500e-01,-6.542884656453478165e-01,-5.774484050437856952e-01,-1.877647202115495795e-01,2.872106309454315956e-02,1.361766196469818280e-01,7.269321296198194560e-02,-3.079806495308926029e-01,1.970268218104587535e-02,3.610741782156702551e-02,1.049204925860835746e-01,-6.499532439437855080e-02,-2.898929512299868241e-02,-2.800595753636565821e-02,3.099526523541402609e-02,-3.603575978412169867e-02,1.141809560562717478e-03,-8.832015767839884041e-03,-7.133596365749061757e-04,9.917801745957332757e-03,5.906951469621945193e-03
-7.258967010355286628e-05,-1.196486058546468776e-04,2.677317020215260368e-04,-2.786522792381810384e-03,-2.454604117111759947e-03,1.822524593479458565e-03,-4.998796625942799991e-03,-1.694840236237299663e-03,3.161131721695972785e-02,3.706935501052281007e-02,-1.105874802308532828e-01,-1.628266818918872559e-03,-2.396807429752857363e-02,-8.289364300657987850e-02,4.755580814788870625e-02,-6.828448167676043346e-01,1.534005196888822975e-01,-5.837607085166611753e-01,3.636445356414742119e-02,2.660649582923661494e-01,1.132714932046065270e-02,5.237125509919122318e-02,2.480330933129121923e-03,-1.262119259625950618e-01,2.094028299553517825e-01,7.288826260665871686e-03,6.095189107700037245e-03,-5.375136333763268735e-03,-4.517759626631227127e-02,-9.015128148410096742e-02
-1.595183002095430157e-05,-2.290038657660934491e-04,2.744523156915364506e-04,-2.650478346436844872e-03,-1.866333385353526834e-03,6.799479333504279514e-03,-8.896381666078411257e-03,8.163313546490183134e-03,2.670086625333624800e-02,4.705602379052241380e-02,-1.069650829766164990e-01,4.498331369830213533e-02,2.821890677765953037e-01,-8.656941889834685044e-01,1.349355965493334308e-01,1.464635674178315361e-01,-2.667484398310759550e-02,-1.271089826211512230e-01,1.640449241455164686e-01,-2.154633434709335993e-01,-6.438111703710514000e-02,4.222887367821296506e-02,1.413675845339992278e-02,-1.635388832536597767e-02,-2.759714207245253861e-02,-1.291232946747826738e-01,5.820223532238998770e-03,-1.907140102278039387e-02,1.108679662604603565e-02,1.161679969450669751e-02
-3.386888330138285268e-07,-7.512634543111400926e-05,6.492342945214801529e-06,-8.020205096465763198e-04,-4.998074511688422022e-04,1.696071623272596678e-03,-2.093854210395486651e-03,-5.330218753336603233e-04,1.782319091168568098e-02,1.981853598138007266e-02,-5.345500539210939345e-02,1.778782608315164493e-02,6.120995147961946770e-02,5.450087828022578962e-02,-1.937915563583725298e-02,-2.807757814450670061e-02,1.522626313113764791e-02,1.310661635675290371e-01,7.581053244822898163e-02,1.266390269251870329e-02,-1.538360834152068535e-01,9.205417097572141660e-01,-8.712658001188484935e-03,6.815221129672331679e-02,5.819025149088537935e-02,7.700879196414325834e-02,1.141190848921429662e-01,-9.122583779173427249e-03,-2.173851232070916073e-01,1.394497160648944800e-01
