-5.051953311630017450e-03,8.754632017130567836e-03,1.455778200492446536e-02,2.793677693388706834e-02,3.559686328293640289e-02,-1.227549328475373569e-01,-4.000873941344464807e-02,6.641944651363128338e-02,-3.301490679606114975e-01,-1.618438194507355876e-01,4.522398741444494386e-01,-7.279777815359586013e-01,1.904019632869334289e-01,-7.943825712649889292e-02,-1.478942703021055294e-01,1.417389593599248931e-01,-8.461525453213643300e-02,-8.514951370998700975e-02,5.272769898638059866e-02,3.283921517417247304e-02,5.422030108178951813e-02,-1.545503021116793711e-02,-2.809727808402501595e-02,8.274295547219512846e-04,1.021559844352976261e-02,-1.435882029207665453e-03,-4.551260975052134634e-04,-5.133758134229602244e-04,4.562561640399320946e-03,1.249103274379111334e-03
-2.123058125601547975e-03,-1.800628239437918575e-03,1.325574580325435646e-02,3.959835272599521727e-01,-4.181388346368251629e-01,-2.613858673966302781e-01,7.684125465073824435e-01,4.291351922613006326e-02,4.125608430074550852e-03,-8.065705532426054036e-02,-3.020769517121897965e-02,-9.064348034195135505e-04,6.542939001575271384e-03,-3.049974884019031589e-03,6.298660497413429218e-03,1.848687394520797875e-03,3.065040057268235939e-03,-1.360912262973616553e-03,2.545930497302507835e-03,-1.058418072976159609e-03,-3.122555446053206364e-04,5.011622494449933986e-04,3.323414099366170632e-05,-2.556508643529270352e-05,-7.552476746382547263e-05,-1.065362530372244423e-03,-1.199946964854408745e-05,2.356068573255206821e-04,7.986317917343355405e-05,2.561054881751215106e-05
-3.483688249031430956e-02,5.837478003408987787e-02,9.032381130792538348e-02,2.855571712502138482e-01,3.363170628155008890e-01,-8.372351594625982996e-01,-2.388725364878827861e-01,-5.583530154532889006e-02,1.232793774438004780e-01,8.647467157477145561e-02,-3.604933846688448788e-03,8.355208808748647298e-02,-2.219907816769635042e-02,7.481105851397348502e-03,1.578125677419400796e-02,-2.070478642399320446e-02,1.655012093885335767e-02,1.098211265830037996e-02,-4.982758450707051867e-03,-3.545837488077546295e-03,-8.181069044453898043e-03,4.350783744275483686e-03,3.158141852805171259e-03,-1.542653934366757906e-04,-1.601800839128161066e-03,-4.701385489650039247e-04,-6.160166388723099188e-05,6.873813885673349215e-04,-8.177034636516201634e-04,-3.368471032949769918e-04
-5.187316654315760056e-01,8.487148075244699275e-01,6.408811161767088982e-02,-3.748679947111441951e-02,-4.679601208064295553e-02,5.247394742530035044e-02,1.074082883518966310e-02,1.587823499680049866e-03,-2.795314822208397419e-03,-1.904073847842990960e-03,-3.647391836024989082e-03,1.366754433171198536e-03,-1.695400981915228715e-04,2.857623282588690945e-04,1.205528248897015962e-04,-6.195464073352864934e-05,-1.211109542630604548e-04,9.608149804051971778e-05,-1.766265544234668931e-04,-1.070912415040351352e-04,3.449586062178992061e-06,-1.029423029328829526e-04,3.783549522849551994e-05,2.345170319070106820e-05,6.712513724174835139e-07,1.749796793941467754e-05,5.142908807513420338e-06,-3.058560692600488886e-05,4.389137663093846989e-06,1.018277922800630847e-05
-5.307511557550152876e-06,-1.739405519803473125e-05,-4.294703418237744245e-05,3.929592893413022363e-04,6.812698030949185550e-04,-5.561974007365790397e-04,-1.775297365577146362e-03,-3.686398969910729875e-03,6.237731020304495763e-03,6.992030914618745964e-03,-3.010330947161337506e-02,5.409925710081580491e-02,1.304261216354451504e-02,-3.331373462061969909e-02,-6.551253949350067940e-02,2.178485951056040315e-01,1.180294839850210692e-01,-3.645205304957547798e-01,7.878094537169004485e-02,-3.906307444314997129e-02,5.816339454815877032e-03,-1.586716191437866075e-01,6.459972065278566378e-01,5.539462782143551589e-01,1.512867384751297450e-01,-8.805122649451109507e-03,-1.122881727255242539e-02,-6.465945338149876875e-02,2.221744844255193335e-02,-1.065274637616125258e-01
-4.191301109270929441e-05,-3.313504464685778511e-05,6.160323639759476345e-05,2.981627304788971120e-03,2.883006214427015663e-03,-2.239375076412569460e-03,-6.959690615575233512e-04,-1.509860393698633785e-02,5.223862281422910619e-02,3.800974138975211220e-02,-1.239658629107847909e-01,7.795922996360497848e-02,1.042415441415634053e-01,6.472699203313633798e-02,-4.587932295320770737e-02,1.883082198956175513e-01,-2.920446535303428126e-01,-2.709632658571209940e-01,-4.456921475714590436e-02,-2.329389754786397593e-01,6.945965964772943257e-01,-3.757348282963823283e-01,-2.298341561787396181e-01,-8.586381307239597527e-02,2.440915917345543376e-02,-6.222474343577431150e-02,8.138039840762655366e-03,-6.857696119012993141e-02,1.159948474668883178e-01,4.755618773942966657e-03
-8.449733018984291640e-05,5.156757508096787503e-05,-3.466238457357013385e-05,3.501298798672043775e-03,2.877954143526031613e-03,-1.175725758739559540e-03,-4.500530925371219764e-05,-2.051254391328205876e-02,6.311533585321993378e-02,3.629873148349909567e-02,-1.657645594897314556e-01,2.363822751936407469e-03,-1.765725984718324870e-01,-1.628863889209442861e-01,-5.724931305050644237e-02,2.168887341627661891e-01,-6.207652644083879734e-01,-6.546659234544835448e-02,3.301434648115995074e-01,4.149207580523077143e-01,-1.816172818368731179e-01,1.304323225017253451e-01,-2.374758093395203384e-01,2.276054480059000185e-01,1.561489623529621618e-01,-3.213017636905142471e-02,-3.585463426455839063e-03,-6.324121375804356293e-02,1.802259324983901054e-02,-2.624309425696860158e-03
-4.781790131831735777e-05,3.465266565232479116e-05,6.005856126906626466e-05,1.288771544539315519e-03,1.338053073641150325e-03,-1.262063766085635367e-03,-4.901854603373272546e-04,-1.006921973905517027e-02,1.590892619459243276e-02,1.242246406095010546e-02,-5.764941160902587597e-02,5.050361030902560805e-02,-1.349300627031100805e-02,-5.137295059248919715e-02,-8.867004389711710677e-02,3.281234019641062205e-01,-1.145003483768291530e-01,4.034971989939462045e-02,1.693549531603369407e-01,2.749779544358216810e-01,3.497251638968833232e-02,-9.795820849393933882e-02,4.990463702820097658e-01,-5.997138656178602201e-01,-3.423755822686228023e-01,9.447681178284077219e-02,1.622567689243543942e-02,8.815686524538550450e-02,-2.189018821327142275e-02,4.524342428711747993e-02
-1.063271144349059722e-05,-3.318915008272278993e-05,-3.303485307124834835e-05,9.257840224242148541e-04,9.620271275436457397e-04,-7.504060773927500975e-04,-1.549922534114333333e-05,-1.308268093155704435e-02,1.310581320775197102e-02,7.157240184042060714e-03,-4.376104576400110385e-02,7.279975095207891211e-02,2.145943885322182942e-01,-2.905887473014744926e-01,-7.288459510839861988e-02,9.533810311971520346e-02,-8.406851877837964726e-02,-2.666501684963694108e-01,-8.000068348140459973e-01,2.953687223890188451e-01,-1.360435366555471370e-01,3.029379940652402944e-02,-4.793707010693600001e-02,-3.040508147802720856e-02,8.341039787520047183e-03,1.362863352076242596e-01,1.875872597368752554e-03,2.105517981590230778e-02,9.524062776475267569e-03,1.555836969391482735e-02
2.195021944146663896e-06,-1.956819566683376530e-05,-3.252058761196369906e-05,2.123657623840734374e-04,2.008152936761419926e-04,2.270056691850301555e-04,8.365916338941894450e-05,-2.826534983194982364e-03,6.947050826684841862e-03,6.186196927440914574e-03,-1.932168432309458103e-02,1.500978666721134933e-02,1.097149492685825858e-02,1.164840557510395981e-02,-1.351712546201472992e-02,3.529509965767532731e-02,-4.703714528473911666e-02,-7.852514473333410683e-02,5.898673819936619579e-03,-3.232374724602807281e-02,2.010016153630777014e-01,1.667122121683687619e-01,3.109630900506196900e-03,5.325299414009096455e-02,8.246426108737170413e-02,4.575190848996970455e-02,-9.616674244787948300e-02,3.792667567513311466e-01,-8.636050804269906900e-01,9.656647236703336246e-02
-3.614356116298635211e-04,1.447023454413180993e-04,-5.206446477798232393e-03,3.731538811037039566e-03,2.933045037447849085e-03,-4.232469212187593005e-03,1.347982814398597518e-02,-8.751655103421772386e-02,-9.169660328709776376e-02,4.467772116828090667e-02,-7.528751301141396735e-02,1.265670917739832591e-01,1.797861651513254014e-02,-1.888094599804000101e-02,-9.515619900377100260e-01,-1.539441052868298632e-01,3.496984659393705119e-02,1.446609637968632178e-01,2.211712413853425194e-02,-5.078982075576048832e-02,3.563610523948428305e-04,-8.574881749068412676e-03,-3.083457933105943072e-02,5.236260065352763005e-02,-2.906095180189225899e-02,-1.508293640838153510e-02,-4.083209754850576981e-03,8.184525583774132987e-03,1.000730732389712267e-03,-3.081175990445942942e-03
5.169476079382511141e-05,3.893633986350909120e-04,-3.641388484712877217e-03,2.373150754254907055e-02,-3.198397995442391756e-02,-1.697202488922523733e-02,-8.844031669639011717e-02,-6.125237166567603087e-01,-1.193384356298677305e-02,-7.638058167731780479e-01,-1.720253468271331077e-01,1.283691141835471144e-02,1.188853516920134260e-02,8.047631850611122739e-03,3.710617472725315918e-02,-6.857649385631736346e-04,1.009340869291697196e-02,9.485707941529646688e-04,5.636393938457098449e-03,-7.314903921169325050e-03,1.540139848807819815e-04,2.498115993678583831e-03,-1.555935954633434195e-03,-4.639053566695199526e-04,-9.668747826217295206e-04,-4.932494798998901704e-03,5.415114449624369589e-05,5.503055750812760674e-04,1.444277613238805164e-04,-3.876580735885559108e-04
-2.537669175000899831e-03,2.363402781157932300e-03,-3.868950621142650675e-02,4.326585002066347246e-02,3.907324865666800262e-02,6.907207823434843852e-02,1.311594054561601164e-01,-7.657757944942165107e-01,-1.614274690345529895e-01,5.738956794216835133e-01,1.295246498289487902e-01,-7.405832599549946882e-02,2.822434438471152583e-03,6.665864818337525859e-03,8.940813909729346254e-02,1.208359876700462222e-02,1.417509327758578568e-02,-1.948149288391891332e-02,3.114909643168509677e-03,1.432785046274736088e-02,-2.544162919606823945e-04,9.435481817487668607e-04,-5.617684189617422851e-04,-4.839153990502737673e-03,3.163928622770034640e-03,-2.327055362301116374e-03,1.726928124539910798e-04,6.569658925962640686e-04,1.196134408692714826e-03,3.157617755108784027e-04
-6.526469110987313804e-02,4.576191440741365218e-02,-9.850901882020601796e-01,1.217248175296426482e-01,7.285690240056026667e-02,-2.820740933307265205e-02,-2.025531810645485667e-02,3.798715567659243647e-02,1.561170537074099349e-03,-2.129605096485881824e-02,-3.091869588535583677e-03,8.377335826748478348e-04,-2.432825660741467377e-05,-4.677496690214827954e-04,1.579230557828135723e-03,4.135830370727454006e-04,-6.261592922191528939e-04,-3.748876700755812480e-05,-1.883452544378747949e-04,-2.374743422196221845e-04,1.124681496822530912e-04,3.363813925158856428e-05,1.483494506043354596e-04,-1.465156223892733411e-04,2.544046910119107224e-05,1.221295948545726999e-04,1.013806514019780648e-05,-4.374188871215428973e-05,-6.342622485734338293e-05,3.184371500850592935e-06
6.870921476410355401e-07,4.114446958446947870e-07,-3.401532272508172385e-05,8.968368977371650937e-06,-2.405763631755167614e-05,-6.118677742933842801e-05,2.543015329938996295e-04,-1.700268409181195008e-03,8.079610558847930479e-04,1.720131165099989630e-03,-3.507590879628967422e-03,4.634861899164174209e-03,7.292673284743236102e-04,1.226191486133066917e-03,-1.523293183438122894e-02,3.124313971525304739e-02,-1.504701960890395332e-02,-3.864568204367634791e-02,6.287329970913542627e-03,-6.826499780931022388e-02,-6.093275915901344431e-02,2.047954706829291024e-02,-6.113334738123576279e-02,-1.684313496353726514e-01,2.396369435392931707e-02,1.006387711852366612e-01,-1.816326316561439336e-01,-2.604503464130641377e-01,-1.990360376235681683e-01,-8.971893384387324977e-01
-5.928483871630442082e-06,-1.602920405294597049e-07,-5.834326875309751523e-05,9.334679867203536435e-04,6.205233857637547021e-04,-8.690546369180665370e-04,1.153033894393600120e-03,-9.178617217543989792e-03,1.789667904882339539e-02,1.305772863536260563e-02,-3.634355111254251175e-02,-4.783649566978569190e-02,4.931900875360113734e-02,6.662513902889012629e-02,-2.177912976580503521e-02,-3.118722860766466598e-02,-3.534867722995904127e-01,1.136686482767860773e-01,-1.474869957955837196e-01,-3.675588503963887477e-01,-1.927581906693638381e-01,7.956527364595955554e-02,2.950608936199357046e-01,-3.199050201442579788e-01,6.255195924722353196e-01,-2.109044927820808157e-01,-1.184447266258455422e-01,2.537326385348823155e-02,5.610828538414248945e-02,7.940864211545486939e-02
-1.044280364932110447e-05,2.450525652552094176e-05,-7.803041558735021501e-05,1.067058787943939765e-03,7.245751905880394713e-04,-9.884355091402540101e-04,1.752636843843650028e-03,-1.211671216192134436e-02,2.297692185038420487e-02,1.670015800345778234e-02,-4.589710832379684247e-02,-8.786177575061492051e-02,-6.910571387174964386e-02,-2.965972375392872742e-02,4.101275424209324671e-02,2.020944791044384289e-03,-4.515148116919305288e-01,1.078882283349513888e-01,-1.626175677164576616e-01,-5.102461670996568666e-01,-1.817473202207302296e-01,5.919894182261889459e-02,9.775962632617289649e-02,2.338657945645805369e-01,-5.731300889683607069e-01,8.071538097473714146e-02,2.615111859139843467e-02,1.910174130390099034e-01,3.710428653909852992e-02,-7.241378959397685999e-02
-3.649872329274322509e-06,7.545525059201804289e-06,-1.878832224283890923e-05,2.199871629277878177e-04,2.207138724983172327e-04,-7.196369247847407081e-04,6.725041446398016386e-04,-4.319398879971912512e-03,2.494839623989592199e-03,3.017897790661865261e-03,-4.341071875499384961e-03,-1.212527337578050111e-02,-3.480858041911528370e-03,1.844853062978935683e-03,-5.452001813859826476e-03,7.890289351771338777e-02,-5.035278366227108338e-02,7.712363783344801382e-02,-6.874603668359276221e-02,-1.214675197883902102e-01,-5.781893651173452414e-02,1.127287909380387566e-02,4.099472693134056239e-02,2.863683854782085505e-03,-1.292924623912412863e-01,1.528926520154273716e-02,2.922602397466490462e-02,-8.423460435646522582e-01,-3.562030834546213720e-01,3.258427515473577563e-01
1.252671838177806460e-08,2.113408803365913639e-05,-7.556644327817295826e-05,1.901790347277186762e-04,6.292185977815606260e-05,-3.238885242026484515e-04,4.727639444203098193e-04,-6.650736828460688914e-03,1.836859595324212167e-03,2.224227857330117984e-03,-4.246934090070876924e-03,1.289762828938886309e-02,5.497099640342222732e-02,-8.260889331926031531e-02,8.671071431896933829e-03,-5.468099912175199140e-02,-3.882065798588620054e-02,4.733550233868281248e-02,1.398192373196078531e-01,-1.382524995320091876e-01,-5.942243027105289198e-03,-7.569848490948627440e-02,-1.215714273936832450e-02,-1.363923422486757950e-02,2.306603089021342645e-01,9.327716614952475949e-01,2.430097851424236829e-02,1.941351764409500122e-03,6.551842749685811429e-02,1.009309892936160608e-01
-4.287248243545287166e-08,-1.629006875599892073e-06,-1.339384681839755469e-05,7.329593097297581582e-05,4.815502893228050350e-05,-7.940731870033549788e-05,1.986868816232297713e-04,-1.210190104223636109e-03,1.742284194399323872e-03,1.918830298290804875e-03,-5.407084707013439483e-03,-3.125890020409786800e-03,3.539248858575029261e-03,8.707491694365916690e-03,-1.102452879700067598e-02,-2.486374611397218406e-03,-3.460834301462202556e-02,-1.219096886342579001e-03,-1.806827565721088116e-02,-3.788013919879246183e-02,3.131544874516745125e-02,1.050658138462394198e-01,3.904029911213080517e-02,-4.807901848734474903e-02,1.090938482004452925e-01,-2.325681879684939057e-02,9.660618990529000749e-01,-3.071672202308286994e-04,-8.864746560413454268e-02,-1.653616317471064967e-01
-7.084395297467448518e-03,-9.973518149530111610e-04,1.844390090891167427e-02,5.599839715828773545e-02,5.258065775104191902e-02,-6.366191649412836218e-02,-3.867072779650889552e-02,1.245108558158955353e-01,-8.805027398659531768e-01,1.718235677380048135e-02,-4.011262312409071273e-01,1.313289224051081561e-01,-4.392700669454985968e-02,2.810379794188848368e-02,1.240292794244433339e-01,-1.838235485542489417e-02,-8.995671658673730364e-03,8.998087887678829196e-04,-1.635951810297029199e-02,-1.575305430556618938e-03,-7.086662990569069995e-03,-3.809727989417083151e-03,6.203675043121181613e-03,-3.767049724178656890e-03,1.753870401315617928e-03,2.867102916367028544e-03,4.702207922446109863e-04,-1.676707402619228258e-03,-1.639027770268765586e-03,4.190189979214584181e-04
-2.971404007567835653e-03,-1.121417593136023010e-02,3.556125820742694899e-02,5.884719380010664525e-01,-5.641951965386826640e-01,1.445768927870465237e-01,-5.500291774563448310e-01,-2.375001805923181771e-03,2.723211598004864932e-03,9.536939649935348429e-02,3.668230519803478834e-02,1.177805243095480679e-03,-5.888113695661104617e-03,1.650903746786704747e-03,-6.511928054036997260e-03,-7.336732899137735509e-04,-2.574486373212320385e-03,7.284180943319888257e-04,-2.253170977667374661e-03,1.161716016392051482e-03,4.512482319893094495e-04,-5.497261481301048093e-04,1.511422815075709675e-04,9.862163624455605351e-05,1.333860726375070795e-04,9.612528269774538604e-04,9.156896732608334777e-06,-1.710631535649675440e-04,-6.295376160518033478e-05,-2.378442217984399354e-06
-4.874892238129870797e-02,-5.132608448239149232e-03,1.145656734679738470e-01,6.253224671143284841e-01,6.155668672458527446e-01,4.260871600151833194e-01,1.443449842379246340e-01,5.590008464305123992e-02,3.702426694935025825e-02,-8.392188639381174819e-02,2.172919637550812036e-02,2.958921001729293782e-04,3.648371885240025243e-04,-1.455688966077222247e-03,-1.060337284103017932e-02,1.164240489559694846e-03,-2.422621392992116950e-03,-1.064520950865570532e-04,2.643990773964065722e-04,-1.303892463514659452e-03,8.450406518772920822e-04,1.030611504319366639e-04,3.494083264616236028e-05,3.737564287354972902e-04,-1.318600772357711925e-04,2.773774272647051538e-04,-1.943823140450576896e-05,-1.023529505390171382e-04,3.786068611257800714e-05,-2.928622423361343502e-05
-8.502777378250967466e-01,-5.233951457159901066e-01,2.596449233307242949e-02,-3.783663008099234087e-02,-2.387203367162412868e-02,-1.877479590233923148e-02,-3.322189894571057987e-03,-4.043247903808083743e-03,4.139650710446796805e-03,2.927087322783720851e-03,1.814301759757266366e-03,-7.984553193236304698e-04,2.134043148741471740e-04,-9.039620628315897738e-05,-2.223872460776915052e-04,4.240934295042753056e-05,1.338297310620479978e-04,-2.109945528942892571e-05,9.740209031439723707e-05,6.542835139335236104e-05,-3.257286065524646582e-07,2.006621911103489926e-05,-2.967051707133260837e-05,7.111464494914871569e-06,-4.616571311424849482e-06,-1.840015560576869111e-05,-1.444413310943946742e-06,1.265360380895740019e-05,9.366500499608313896e-06,-2.298574327341808758e-06
-7.461047809644579695e-06,-8.371464224232229041e-05,3.847105319933118921e-05,8.128393257630124732e-04,6.773793480204392701e-04,1.482415554906586774e-03,-3.878141905590538202e-03,2.187472997832398073e-03,8.413549188145144631e-03,1.570727203636691424e-02,-5.539366515141502800e-02,6.895894144879742560e-02,1.373459893574164800e-02,-3.027867259241548079e-02,-9.730345414226374001e-02,3.665909303444250256e-01,2.443162468101419960e-01,-5.456960546478096807e-01,1.979131905869904173e-01,-3.552475989753964836e-01,-3.958700938791786528e-01,1.243682259988532074e-01,-2.918493019374354680e-01,-2.115511798832498680e-01,-4.015031786524088375e-02,-3.136258032495096298e-02,2.451509286859451103e-02,6.280982865299933326e-02,2.037604173840401253e-02,1.198362596570012734e-01
-1.066704984177062706e-04,-3.114851499345488973e-04,8.879771986330486748e-04,1.096480125506942710e-02,7.427951706633600937e-03,6.975731193858278160e-03,-9.870243038638664215e-03,4.288798874614726045e-03,1.490969308014689632e-01,1.020191212674433773e-01,-4.347916350676539476e-01,-2.636991683174107481e-01,6.090696817878799019e-01,5.232798223020418416e-01,-5.154407650814963292e-03,-4.912182417778435811e-02,-2.150703372671716393e-02,-1.258388341205162256e-02,5.844014315231738088e-02,1.384039367780591223e-01,-1.627563033714079510e-01,-3.867762885978725390e-02,-1.164106693460306881e-02,5.689647116286652984e-02,-6.642852699469686817e-02,3.535650931934091606e-02,1.258407223118598005e-02,7.509592216373316663e-03,-2.755696588499325847e-02,-5.115375750220274922e-03
-1.797515930763933013e-04,-2.141372042290696771e-04,1.165011220819760782e-03,1.198067423563705693e-02,8.208611743399065602e-03,7.941229634542251378e-03,-9.196721144408646215e-03,-2.497387210892711498e-03,1.813165475729204279e-01,1.082020235417030241e-01,-5.579015270941015681e-01,-5.575006542371967466e-01,-3.898221399513351892e-01,-3.158852534070292206e-01,-2.675098635506086009e-02,-1.227010925736048003e-01,2.014055588646106731e-01,-4.172278482792882159e-02,-5.901560605728330133e-02,-4.658302943145574415e-02,8.120361756870803083e-02,-5.804940482597808343e-02,3.181963007743830035e-02,-7.222152698546098482e-02,3.272209653409854924e-02,-7.720460233702036192e-03,-2.606462076653645599e-03,-6.490710200623308994e-03,-1.042981453289510731e-02,5.940000015360346643e-03
-7.517756216090180205e-05,-5.193543316002858736e-05,4.120939383055886493e-04,2.912217190814638760e-03,2.657129530048214783e-03,4.075855094910288152e-04,-2.769704812625748813e-03,-2.214286378772379986e-03,2.524413252021965107e-02,2.791065038610825513e-02,-1.049733935178158994e-01,-2.245570669240689113e-02,3.938905286901065589e-02,-1.378415534421666838e-02,-8.111598898050862219e-03,7.266389225274376695e-01,2.183544135007887688e-01,5.617626190106497219e-01,-1.354708725036347927e-01,-7.954533583315320788e-02,5.696144634803951973e-02,4.878467317718537116e-02,-1.204045330183507179e-01,1.628743899954957775e-01,1.190469490871828989e-01,5.718657519707770129e-03,-7.611564451060806244e-03,6.788947864886035743e-02,4.111587784480175839e-02,-4.552237234853093867e-02
-2.540039961781108543e-05,-1.564950209512232173e-04,4.205605946161492859e-04,2.783538890439907470e-03,1.660770185427073217e-03,5.867804195898045951e-03,-7.749021744088651839e-03,-1.038653950062510926e-03,1.838526055801838199e-02,3.540918117711574359e-02,-9.179845448107576411e-02,1.039886012111172764e-01,5.784563262967969965e-01,-6.945186595912252736e-01,1.033163534627214164e-01,-1.269586346302229440e-01,3.238237348993921322e-02,1.324621322411325408e-01,2.705685243062297962e-01,-1.210263420243424537e-01,4.003193315465412849e-02,2.556031719234642258e-02,2.006599810192413735e-02,9.508356744977335823e-03,-3.087462401665780343e-02,-1.564704775898871081e-01,-2.673656565063081778e-03,-1.164280478195477316e-02,-1.505549276559698876e-02,-1.722116136695704680e-02
-2.944927371918818393e-06,-6.378516403623096895e-05,5.732954291893261608e-05,9.949584679323688480e-04,5.650290426397986884e-04,1.406347806137715024e-03,-1.297208472141414722e-03,6.487908007623525855e-04,1.577849540169417794e-02,1.587681730572299693e-02,-6.393670182047124506e-02,-1.703485944564724075e-02,5.170131212850500452e-02,6.343326661907497388e-02,-2.933217996074262424e-02,1.338517482836027415e-02,1.571479104672099392e-02,-1.216093123762609224e-01,2.207033175113127729e-03,-1.739750710928765834e-02,3.852564787391476453e-01,8.529108374910663315e-01,1.240610304908268680e-01,-6.013493754009952529e-03,-5.203141863749168039e-02,7.990476509418380224e-02,-8.371316388442127943e-02,-1.080861675100479868e-01,2.300958115444761976e-01,-1.556452907144777967e-03
