4.945756899722728549e-03,8.693805159213491979e-03,1.257681555235341461e-02,4.511789814394090437e-02,-3.079464322408108010e-02,-1.400445564735838533e-01,3.576524546357548462e-02,-4.918607982535247447e-02,3.380090669630508304e-01,1.732144849765669403e-01,-3.954251903175936556e-01,-7.407264398359300062e-01,-2.316905479709910898e-01,-5.646504709387974164e-02,-1.590894726054367103e-01,-1.432665756995507300e-01,7.064819548668524463e-02,-7.092363409091356763e-02,3.723064949132256617e-03,-7.697759159481772084e-02,-6.934980027423139071e-02,3.994639973716813258e-03,-2.252040350874828442e-02,8.463777861173834086e-03,-1.506768978686591964e-03,8.245378917540601912e-03,-9.279185363860987471e-04,1.287566013409349990e-03,3.903284684291318841e-03,-5.720251797501993028e-04
1.866773963244629199e-03,-2.279852094251127483e-03,6.333201044924878162e-03,2.561877240575244352e-01,5.129389541590607671e-01,-2.461497738005908875e-01,-7.735809075438232485e-01,-6.935694208770054603e-02,-3.888666080062737514e-03,7.433191032881379667e-02,4.018096182910706193e-02,4.434294287183994550e-03,-9.055912855175320478e-03,-3.803393864468194909e-03,8.532527973002046809e-03,-5.707909577551891454e-03,-1.733663881049441174e-04,8.756489817207279607e-04,1.810582687694924043e-03,1.360949438500793371e-03,4.307929010042642446e-04,6.938762339925546706e-04,9.179130346850499899e-04,2.070698429898446967e-04,1.563494777870418539e-04,9.396781245117887893e-04,1.524898602426057290e-05,8.554958498317513107e-06,4.125981060745447871e-04,-4.750605090093627846e-04
3.413093204387767504e-02,5.768866523808389990e-02,7.833054460664452823e-02,3.879664646049623133e-01,-2.462708661992448478e-01,-8.278920143312823443e-01,2.125303507346522625e-01,9.348948950675865788e-02,-1.411275006114010022e-01,-9.731696851958238081e-02,4.641966289107185215e-03,8.473315034257035416e-02,3.353221473012196752e-02,4.335431573913178967e-03,1.449070949476563563e-02,1.895724915897176524e-02,-1.397868978576608835e-02,1.050366508383031479e-02,1.762562461290418259e-03,1.148255119088788419e-02,1.168382737698443231e-02,9.876145187545932579e-04,2.578453169195734761e-03,-5.630729174513875038e-04,3.716937370256362481e-04,-1.543699313325549039e-03,2.158128815291951127e-04,9.642238448892396802e-05,-5.263717737061966370e-04,-3.302209353293867429e-04
5.139487888952052330e-01,8.532447974660779533e-01,4.495121816573630080e-02,-4.464270937328666117e-02,3.398807352685665611e-02,5.041091073674991430e-02,-8.512125815054045683e-03,-3.541176459260865061e-03,4.369612902785868780e-03,2.379270445601352861e-03,2.872086972384929777e-03,1.316261544961528371e-03,-8.168471493901243699e-05,2.133788532680362671e-04,2.763716359657924257e-04,1.353269767454063559e-04,1.066358586532441537e-04,4.536361064572608347e-06,-1.216429132509383855e-04,8.556005622340826758e-05,-7.205449703563397592e-05,-5.044577474513232864e-05,4.838171720435027414e-05,-3.230877385617213888e-05,-1.629055750754623000e-05,2.511519180161986032e-05,-3.537069880925859516e-06,-1.762653495522489020e-05,-3.801623412103990195e-06,2.367846556806903403e-05
4.260947202225133797e-06,-1.803997831271499932e-05,-3.322625964396872287e-05,3.134639182794154966e-04,-5.671760605809086355e-04,2.178336735372728974e-04,2.310893292139716559e-03,3.172430834224558745e-03,-6.865559865202770784e-03,-6.601522479933622650e-03,2.693336001890910339e-02,3.728131522300032197e-02,1.670284951982968849e-02,-1.897101207664327743e-02,-3.221847041588755955e-02,-2.781492688850615846e-01,-6.874213038660929170e-03,-2.779240178082306167e-01,1.580580987286997474e-01,1.173056776496060327e-01,2.631432326050905956e-04,-8.176154902215600206e-02,2.549792401065856806e-01,-7.764900196111622632e-01,-3.206426202528827041e-01,1.305588989319758642e-01,-4.484315608767883328e-03,6.538713769153430000e-02,-2.964915966754195359e-02,5.508193850628630150e-02
3.832131760712839007e-05,-3.015577822247046937e-05,3.480709527466219726e-05,2.904035289120653757e-03,-1.662511603018876566e-03,1.455345663755175422e-03,1.149584218948034335e-03,1.310063227560579260e-02,-5.575761110746028926e-02,-3.835754995104753706e-02,1.116370716622279990e-01,9.399927132146204678e-02,-8.456062783427434337e-02,3.349054037783612270e-02,-8.768203253175511913e-02,-1.096504321467727250e-01,2.101626172473864962e-01,-2.861150697939387477e-01,1.025153418953902995e-02,-1.873174490627819988e-02,-8.292321737502387213e-01,-1.649720792833951899e-01,1.677038464422920538e-01,2.425852868158166475e-01,-8.258390518071343639e-03,5.801123477995588640e-02,-1.216113452872490813e-02,5.388069200199877701e-02,6.628539440918616854e-02,8.229794393162868926e-02
7.778563955013619946e-05,3.088099909866177619e-05,-1.271302582705151471e-04,2.923430817983903567e-03,-1.068754726942258010e-03,3.452286783368145682e-03,8.531702841098829640e-04,1.634870309523052054e-02,-6.499946124105385192e-02,-3.522239665407347203e-02,2.080589806230886130e-01,-6.550972748375591403e-02,2.384569696846348119e-01,-7.959829754771877153e-02,-1.256006029812206382e-01,-8.106548044242437023e-02,3.310843602453513723e-01,-1.868722487663901921e-01,1.507182612638044983e-01,-7.091170670099613549e-01,2.128332859452191084e-01,5.282892322003695379e-02,-9.973838819167374359e-02,1.429046615731544567e-01,-3.170290530819276920e-01,1.034181698179287845e-01,2.704553530312010096e-02,-8.739966333090487538e-03,2.127338448416489503e-02,9.868009903421627940e-03
4.662584750100194170e-05,3.084078294547628392e-05,5.272100284179997537e-05,1.170281916145551361e-03,-8.370680634732607754e-04,6.191992373183696731e-04,9.317655479739485325e-04,7.903169357023360347e-03,-1.836262913615480108e-02,-1.467672982165488249e-02,6.079278246893128623e-02,4.905722710089108901e-02,6.281955980379611004e-02,-5.066480817515237739e-02,-6.795810918235516140e-02,-2.910422854345668942e-01,1.210784125656980958e-01,5.215763854404927014e-02,2.395173260391955314e-02,-3.048616744298748849e-01,-4.505510126403729915e-02,-1.823752618529899394e-01,-1.599039972730465220e-01,-3.286583717898809986e-01,7.556830973494035320e-01,-2.074742758099943352e-01,-4.053909173355630530e-02,-3.674128749041006420e-02,-2.398311553590569065e-02,1.459904963529600386e-04
5.903080156894912205e-06,-3.910369555827254712e-05,-5.489281876260213955e-05,8.560697963512172749e-04,-6.262499639857910944e-04,4.728884800447996769e-04,4.741215860804801909e-04,9.616763737850319432e-03,-1.890691218368074217e-02,-1.044372416705117296e-02,5.638627083899627745e-02,5.716829157939114225e-02,-5.666867951410149012e-02,-3.364964947379007754e-01,-1.026117540043514631e-01,-6.889393944424253291e-02,-1.683463552177130035e-02,-4.039175234968435668e-01,-8.144922811763511961e-01,2.595640400333665970e-02,1.176487080131161239e-01,4.919425485585385283e-02,-6.633294432605688074e-02,-1.175648929983765661e-02,-2.671051347677285207e-02,-1.101552572953534703e-01,7.287048962830453350e-04,-1.076128074109250835e-02,1.261765825019310226e-03,-2.384299388657057372e-03
-2.502216597217039817e-06,-1.712040861480981319e-05,-3.418284806050058734e-05,1.737629995166502131e-04,-1.700508302748580751e-04,4.780532050240180386e-04,1.146138471342374957e-04,2.744616208143196758e-03,-7.353703781798193520e-03,-6.147115447396080991e-03,1.883249222491203273e-02,1.595281549078654201e-02,-2.142724071415645463e-03,5.894071762896155829e-03,-1.303382113434777001e-02,-1.505635280421264988e-02,5.744363270415958622e-02,-8.059490471092682629e-02,5.161978724957665132e-02,3.222866114250553388e-02,-1.613202090213824436e-01,2.209783826438107002e-01,-9.245125165765416542e-02,-4.495975482683115670e-02,-3.689418396908538539e-02,-2.317711301489227063e-02,6.449834829504795530e-02,-3.735571513067871274e-01,-5.984987995808636052e-01,-6.293871764633421906e-01
3.453358273803079290e-04,3.595757764452269732e-05,-5.584531193259576094e-03,5.236302181394376920e-03,-3.069093556947488297e-03,1.262648427689073722e-03,-1.901853843662863058e-02,9.535296323477217284e-02,9.445336211539973048e-02,-3.440340510246402139e-02,1.211436012857809025e-01,5.192858822924243528e-02,1.455470569019164662e-01,1.154534848420525478e-01,-9.202213580762669265e-01,6.963620962391560421e-02,-2.435048601041351346e-01,9.679844864694577000e-02,2.321354050707359618e-02,8.247549804637609172e-02,-1.516963171739989984e-04,2.345555692153134322e-02,1.379273937884808662e-02,5.390128739096500254e-03,3.557465757160693624e-03,1.305469070801943809e-03,5.549352544984463391e-03,-2.538859632414964661e-03,2.914030477301938495e-04,1.478119687278703961e-03
-9.318228306407717247e-05,7.026629402993915747e-05,-4.257540547090979920e-03,9.601634000844020550e-03,3.561445980074989109e-02,-1.204092327536676523e-03,6.237630042897157612e-02,5.718143627759477710e-01,-9.018221375008124430e-02,7.917898941097236687e-01,1.693635481438378332e-01,2.105272905240879525e-02,-3.754925432713130534e-02,-5.024958528883252673e-03,3.992132470781380171e-02,-1.142083743167484136e-02,-1.042454192310597084e-02,1.109661731427211660e-02,6.330134285876701065e-03,5.874277412930115246e-03,-2.092821655555045332e-04,3.596213398379931921e-03,4.202724840890296326e-03,4.261321310397792744e-03,2.557591827719269111e-03,5.984603415301168253e-03,3.978815211502349401e-04,6.081974936420395626e-04,1.627732055716580445e-03,-2.450018676639815346e-03
2.486155605820466585e-03,1.376687239485761220e-03,-4.075720282913645326e-02,6.251840750422321680e-02,-2.658860029860277835e-02,1.096788030751971038e-01,-1.598355106819661919e-01,7.951218896422467264e-01,1.527789419320133291e-01,-5.203140190077094607e-01,-1.269373950268236628e-01,-6.715135944427166881e-02,-2.262047597253480022e-02,-7.497130037848559643e-03,8.969707915849471636e-02,-1.280333087427768489e-02,1.499082265623888008e-02,-9.863287903435628487e-03,-1.733279832196280750e-03,-1.030650001958286627e-02,3.496373678577227497e-03,5.368233382192029359e-04,-1.320282865205110560e-03,4.597949077799219479e-04,-8.159003983175396957e-04,1.166600680091061434e-03,-6.406732407788266965e-04,1.631870954916990208e-03,7.883399086816369767e-04,-5.640625162516702592e-04
6.277773050720730774e-02,2.312854153641465127e-02,-9.888520841128477512e-01,1.167557281015911275e-01,-3.062459952373108515e-02,-2.518024617610957472e-02,2.392528845842836066e-02,-3.881532308864901748e-02,-4.121555617215095710e-03,1.950835926674876486e-02,3.169275463184042380e-03,1.607064605868728730e-03,-2.625725847708328640e-05,-4.839779676915894756e-04,1.347013557548977459e-03,5.661391322549292254e-05,6.346520744172393872e-04,-8.687943166878107578e-05,-4.165658202320089753e-05,-8.009660126218226832e-05,-1.860174349232675034e-04,-1.206307575542676501e-04,-4.325181233326462282e-05,-2.690366074255400668e-05,7.738140771816608306e-05,-3.681854549775486911e-05,-8.190310692175020293e-06,-3.773618034644667194e-05,-3.566607319307882936e-05,-3.779498760871082473e-06
-1.010185142863546253e-06,5.935256325088408872e-07,-3.513658950002984904e-05,-3.923272665293698632e-05,4.135918650559092745e-05,1.017940667061817108e-04,-3.459113814101437184e-04,1.502073543010191536e-03,-7.989019143907080895e-04,1.090871011466529534e-03,4.328812854008397444e-03,3.485559514748195076e-03,1.464996825836818728e-03,4.631890628121249943e-03,-1.192679909384894432e-02,-3.574456677630466483e-02,2.437366800254575985e-02,-4.752192650558666187e-02,4.181196079489071099e-02,5.497870429456992725e-02,5.484056599767862111e-02,-8.500876070147724006e-02,-1.310549570946817344e-01,9.991406507412094185e-02,-9.607327333760115606e-03,-8.955666507898729645e-02,5.489737109962688003e-03,6.681088044374745571e-01,-6.686423066035773743e-01,2.278401208475126227e-01
4.259996186005337378e-06,3.987808535117418571e-06,-9.104436824064524286e-05,9.289227336623739027e-04,-2.222907499504782520e-04,-7.689574187112357582e-05,-1.534944746476488153e-03,8.976296761942472585e-03,-2.074803812143005341e-02,-7.417389177328544136e-03,4.519892700365227972e-02,-2.837497558074408843e-02,-4.996303226913232504e-02,5.753769478495138895e-02,-5.791973335241618753e-02,2.173936569040376132e-01,2.844688845726470183e-01,1.133571941655144022e-02,-4.330153596158639595e-02,2.186873408763103654e-01,-2.503286896266683145e-02,-4.363561619747466369e-01,-6.766724153903540540e-01,-1.569223947396405361e-01,-9.900828134615596854e-02,2.984973639308845517e-01,1.179383080933254363e-01,5.081319465179550202e-03,1.087399672258611144e-01,-1.058501390219330485e-01
6.547294843293491845e-06,1.544219994805179729e-05,-1.854665731649868970e-04,9.151218454367804475e-04,-2.198120883316129410e-04,1.154570191815655318e-04,-1.786795666055657119e-03,1.375708235509086677e-02,-2.491411551721641263e-02,-8.666216436216931523e-03,1.095377222190941080e-01,-1.615576202415266727e-01,1.585952853612672964e-01,-1.192370290724554215e-02,-9.242780495857004508e-02,3.768507328273466572e-01,6.628959589770245797e-01,-9.382365914279069963e-02,2.573110190016607290e-02,3.020853744750634506e-01,1.627300590842685191e-01,1.127355891716823599e-01,3.644341765462074112e-01,-5.098316891142435497e-02,2.048887147041280887e-01,-1.377646493805099182e-01,2.477471684253525555e-02,7.385155911148179320e-02,3.187292037424172692e-02,-4.859702305618917445e-02
3.137919282615581955e-06,7.415599425467650830e-06,-3.639445696050691364e-05,2.869938469845553894e-04,-1.862860181282904523e-04,-3.851095540717967597e-04,-5.665760760027114531e-04,4.316579536801930239e-03,-3.949245982774230584e-03,-5.716985779038202169e-04,1.192619165590391370e-02,-1.637152756622057073e-02,1.999461136183923113e-02,-5.265874051996351484e-04,-1.852727223101248780e-02,-1.209943620785549831e-02,1.374238248870001400e-01,6.472527259333039906e-02,-3.481112441946903474e-02,9.491370741017336743e-02,3.326243914331080548e-02,-5.793019159470906565e-02,-1.779783412199923559e-02,2.412125075725312165e-02,-1.949268706197274104e-02,9.832602829144096446e-02,-9.609646125091057811e-02,-6.016743261326257253e-01,-3.627815669635809370e-01,6.686583021776414393e-01
-1.373808776582525044e-06,8.134523549389875271e-06,-9.149022731842919635e-05,1.111173928821755912e-04,-3.228448135947042903e-05,3.973965354482256900e-04,-8.780258393472159138e-04,5.682042384277727690e-03,-2.346465195432466920e-03,1.145840983235930791e-03,9.912047251830067435e-03,1.024874842859829077e-03,-3.587276381853931467e-02,-8.083237923145961124e-02,-1.704120494999656135e-02,5.366740256660344072e-02,3.131715879620784737e-02,5.318256099849114071e-02,1.290782903191341202e-01,2.645138434436628341e-02,-7.505473141111179691e-02,-2.025509091501198067e-01,-1.546940577788380733e-01,-5.231195460124673374e-02,-3.378146995367729000e-01,-8.729439622123075226e-01,4.821927414226184760e-03,-1.107699766435452510e-01,6.921873284597612752e-02,3.373447281827186145e-02
-1.913729469265659182e-07,-8.261509246357137774e-07,-2.156683482526825061e-05,6.945757156760969814e-05,-4.337526632744289143e-05,-9.440952165850790472e-05,-2.463444857386123217e-04,1.709834015698491472e-03,-2.314113224513112549e-03,-4.591297326729206125e-04,7.772962360111974542e-03,-2.406251809743857671e-04,3.277109872357400998e-03,9.940213433586125163e-03,-1.492710629288298597e-02,3.495792557644595427e-02,5.878116015515391646e-02,-1.281545769176539555e-02,1.106288635011549656e-02,3.337175612508189171e-02,-1.519359568502510506e-02,6.435651196063930934e-02,-1.228006325575284052e-01,-2.206140964566469936e-02,-4.830001854099600506e-02,1.991944352787234848e-02,-9.789135890652449490e-01,5.131919589084633221e-02,2.470454614618728534e-02,-9.662421949158571388e-02
7.000019710569274113e-03,-9.752724122923271330e-04,1.561661863442049929e-02,7.960958011628972708e-02,-4.204967898910103724e-02,-7.218943425400105307e-02,5.039651831419732220e-02,-6.194850128808707806e-02,8.693160470396648076e-01,4.178515553497633844e-02,4.083832115535473428e-01,1.832538595327316278e-01,-1.021911824056997466e-02,2.587773149669710462e-02,1.416669000369109865e-01,2.471898150169624456e-02,2.159198412663825700e-02,2.038568170482148731e-05,-1.053262552555160256e-02,-4.470737799614405740e-03,6.386602829333567002e-03,-8.497712040285732363e-03,4.161598288572452252e-03,-8.552991417365433848e-05,-3.359145039298449056e-03,-3.579081762236450813e-05,-1.480608944571769336e-04,-8.932582808880937817e-04,-1.396427691996932410e-03,4.588114097341413049e-04
2.471582483177161421e-03,-1.322413633516382990e-02,2.896442458065665720e-02,3.736905401315590569e-01,7.260268862635076426e-01,1.160703148863016371e-01,5.550709394892051618e-01,2.695195471156832528e-02,4.946956675241823143e-03,-8.971400208723925851e-02,-4.044484494099057081e-02,-2.691297771983611198e-03,9.316035914816925625e-03,2.586708430668682637e-03,-9.061950971701858773e-03,4.050836690704231156e-03,9.159208486953345765e-04,-1.298772890422820233e-03,-1.670433315864662364e-03,-1.219362188271909224e-03,-6.598785075532302659e-04,-6.178932097693591108e-04,-6.941016147994663555e-04,-5.829102705408543278e-04,-2.593281140804277974e-04,-9.832950256967857607e-04,-4.147927828021077848e-05,-4.674224851068543293e-05,-4.003434659255322584e-04,4.376949330827943803e-04
4.843132629644370662e-02,-6.193907515544465857e-03,9.833419480162004789e-02,7.835444389130938880e-01,-3.771027041487839404e-01,4.467603225285299851e-01,-1.164733528680546165e-01,-9.248812052250512949e-02,-4.472745978981496756e-02,8.556876470621919972e-02,-2.363510916248497823e-02,-5.102204516196927157e-03,4.965537819070630667e-03,-1.800963885752941305e-03,-1.198039942893683318e-02,-1.226855741722068316e-04,-4.927737589339189171e-04,-1.135170687368489400e-03,5.131244963746942793e-04,6.834159130725703940e-04,-1.329613931919670011e-03,2.129741305576860518e-04,-3.832539665828852489e-04,-4.092555825467082166e-04,3.794952796083024787e-04,7.279349229971927618e-06,2.560834799898954533e-05,-1.365475499229338967e-04,-1.802247915570045613e-05,5.210558272910183962e-05
8.534141295031190122e-01,-5.175068694410268622e-01,3.677821072630262783e-02,-4.442997941013575314e-02,1.041636473300767973e-02,-1.946921937828519425e-02,1.415942347486791623e-03,5.071610754659410317e-03,-3.673495258930349096e-03,-3.419694651779602544e-03,-1.682295964890705847e-03,-9.375987018920034933e-04,-1.294927928143448678e-04,-7.163185811105872436e-05,-2.758031703706045347e-04,-1.292348014848277143e-04,-8.994875351203827408e-05,3.090665699343042171e-05,4.711160579393579084e-05,-9.772079138957135718e-06,2.351191257896304579e-05,3.612131445970608593e-05,-8.712714718053324805e-06,1.449177506178512157e-05,4.197643896463487472e-07,-4.180731712047819561e-06,1.594052134571380390e-07,1.092601722181283969e-05,9.040203057725802036e-06,-4.855880876471125698e-06
4.322288722842681378e-06,-7.912584591574402650e-05,4.802329837389856360e-05,6.628148682902023931e-04,-2.479720557968246837e-04,2.715542094097946491e-03,4.949807609883928594e-03,-2.658743682165906098e-03,-8.023255785701085760e-03,-1.677816128491217348e-02,4.787470769838028661e-02,4.560174574694863397e-02,1.176531900765232300e-02,-7.511903936583641701e-03,-3.175622035841180885e-02,-4.947201299099733274e-01,4.199527268175890990e-03,-4.332628176585675561e-01,3.302844125762158800e-01,3.968442506151614868e-01,3.205362001759239354e-01,-7.101149745258611423e-02,-1.091738737517155416e-01,3.710356323127701472e-01,1.074652989711631923e-01,-3.147747462876363672e-02,5.996036743353706394e-06,-9.175411479582762375e-02,1.148111483588355880e-01,-5.892269821102820437e-02
8.993820701936491272e-05,-2.719042665098797074e-04,7.334082922620887256e-04,1.039674393790498801e-02,-2.696850226656174500e-03,1.416193576590993493e-02,1.220208401385136469e-02,-8.266291279381410631e-03,-1.600687876268978016e-01,-1.172025154243325623e-01,3.483771386043812979e-01,-4.286224066656060816e-02,-8.117586123529051401e-01,3.297978734078635399e-01,-8.317243175200281224e-02,-6.203682086831949910e-03,6.619418982827043885e-02,7.610553061662289794e-03,-2.631331521594612935e-02,-1.126420533555313186e-01,1.855331176904631008e-01,1.124135678244371321e-02,8.755895644762094754e-02,-1.499053685655175015e-02,7.545153842990031702e-03,-3.300967884571819749e-02,-9.392234759580554010e-03,-1.223322786638256741e-02,-2.183853111218644893e-02,-1.036337367239614088e-02
1.496403471984586063e-04,-2.171647037429467531e-04,7.660260986077337955e-04,1.074684198453219365e-02,-2.053776954628082092e-03,1.563796891084855492e-02,1.375844265638658838e-02,-7.756147502693876671e-03,-1.754138126821316590e-01,-1.327366080273078841e-01,6.188266915500660881e-01,-5.897365917540483560e-01,2.546037431735456713e-01,-3.459655442967713573e-02,1.627725393191847003e-01,1.481399395836218227e-02,-3.147907137999474969e-01,4.464440164248233145e-03,-2.527964756195545670e-02,1.114104071377675087e-01,-1.010081347392775275e-01,-4.293305329674883264e-02,-2.982220110011880865e-02,-1.955857690073606672e-02,4.052514704920697625e-02,-4.772394075648779890e-03,-1.181594788375128248e-02,-7.566165267308443305e-03,-1.226601254609433270e-02,5.649626287163733371e-03
6.955688347009555223e-05,-4.542616121222525912e-05,3.544084577738080763e-04,3.255880825440123430e-03,-1.571674771221959243e-03,3.620625535980434226e-03,5.695977017405667690e-03,-1.191440943790888747e-03,-3.243995527528949208e-02,-3.645128905128641739e-02,1.138353531699344973e-01,-1.446601305650459073e-02,4.568058354251480074e-02,-7.599266093394996258e-02,-4.353950361836695510e-02,-5.751786339593438768e-01,3.303243448523761061e-01,6.213798942045255513e-01,-2.209864956915569278e-01,1.746354858125339082e-01,-3.779280746901511612e-02,9.315888017075289740e-02,3.288658036100279569e-02,5.701855209714407763e-02,-1.952494375954631489e-01,3.187686167478132743e-02,2.072571097873287735e-02,8.250971578416826935e-02,4.033116519271767036e-02,-8.247145004548521452e-02
1.391795981821046664e-05,-1.771678051930242550e-04,3.461467325573943320e-04,2.556546355353872882e-03,-6.393094657765540593e-04,6.635514401722324151e-03,7.403169039960660024e-03,-3.140628865768517117e-03,-2.544719650795404520e-02,-4.694015353274978014e-02,1.152466226244646119e-01,5.521213701758204140e-02,-3.039679953124207468e-01,-8.553390622754319939e-01,-9.290464173757696786e-02,1.300556047691691641e-01,-4.011133734650499522e-02,1.288025412812356663e-01,3.022894375156365832e-01,3.275849694554121977e-02,-2.123971752121022599e-02,8.532795710804386841e-03,2.363283967513687620e-02,1.218472026365050725e-02,4.349298163594980671e-02,1.307584496260922602e-01,-3.974015268176878286e-03,1.219564749674173672e-02,-1.056830942098888407e-02,2.887528053639903166e-03
1.170883153042775444e-06,-5.571371253558346693e-05,3.621455129656437130e-05,9.075642440095358027e-04,-2.800414547876866472e-04,1.575610786525916303e-03,1.626378269456595646e-03,4.499768918606639233e-04,-1.651705111898624581e-02,-1.499728037847373498e-02,5.123009862329109404e-02,1.606083128865429949e-02,-5.092217976262579382e-02,3.913668212287717968e-02,-8.184207119711089549e-04,-1.083926401407954432e-02,6.447877500711479692e-02,-1.000298250903932651e-01,1.092265901866488892e-01,9.101312910035661008e-02,-1.839712147800727782e-01,7.768603357566964407e-01,-4.339807324987201564e-01,-1.575180299497070113e-01,3.846260842097193322e-02,-6.820878415735373568e-02,1.025090819280007476e-01,8.587883486127428911e-02,1.516370409016074838e-01,2.459183828267190453e-01
