5.334097859711182769e-03,-9.422794262335150092e-03,6.901227365765211751e-03,4.290044111929838117e-02,-3.721113970281333949e-02,1.442043454423690141e-01,3.902083112443759105e-02,-1.489283735384309137e-01,3.486376519229266724e-01,1.223118238430874610e-01,4.373516675119549779e-01,-7.056982526598721828e-01,2.698530131371114638e-01,4.331605026003813863e-02,-8.749437364254049332e-02,1.550721076269383214e-01,2.971642074318002133e-02,9.387452504951947219e-02,1.510777565189616069e-02,6.998668921771969420e-02,-6.544618064743372432e-02,5.467006602868466902e-03,-2.335778153653099518e-03,2.642270090056735021e-02,1.902486687176286684e-03,5.723846198861567286e-03,9.506783674212282561e-04,5.659840184343055761e-03,-1.839881034332432755e-03,-2.664458798492254279e-03
2.590713972786458288e-03,2.826001192441723008e-03,-6.204084963648871104e-03,2.818641220503755873e-01,4.793702740422277619e-01,2.413071403195237996e-01,-7.905870754566581837e-01,3.390215443804546740e-03,9.003672073960215447e-03,8.349829825816364182e-02,-1.760312548608660571e-02,4.895906291063172044e-03,1.761365213339328604e-03,2.029205409119862625e-03,5.592552782131771441e-03,2.039199162465838312e-03,-9.799472887435359183e-04,-9.780502366456367367e-04,7.730884076515559663e-04,-1.149999109691808878e-03,6.132348909952469200e-04,-3.164813223798369855e-05,3.021281402729845576e-04,-2.202257884653282107e-04,-3.579004086539226302e-04,9.499420097990255839e-04,-5.501184671882789524e-06,2.958325986230453896e-04,7.256896975476501588e-05,-1.039992694375636959e-04
3.657313963338108126e-02,-6.441946276863723397e-02,2.032873267580501478e-02,3.885106962835946920e-01,-2.940395600182828528e-01,8.152481266261918380e-01,1.996056753013664420e-01,1.379110455172953276e-01,-1.325707020264053904e-01,-8.544464636135580549e-02,-1.349606540332441880e-02,7.928569549290706564e-02,-3.048407599979947175e-02,-1.431873015737648988e-03,5.258441258131641045e-03,-1.961546402521222379e-02,-9.793990421583870926e-03,-1.462253259128819781e-02,1.439536078421878524e-03,-8.847017602080895979e-03,1.047463477941235413e-02,-3.244812901108019929e-03,4.056412194967133817e-04,-2.950764222271624101e-03,-5.227105035057481777e-04,4.747170047272264518e-05,-2.537604239008686810e-04,-5.676211371166122593e-04,-9.127974424025147638e-06,5.594458564466530661e-04
5.284808214156639927e-01,-8.450700460815894210e-01,-1.431120229330052306e-02,-4.412214910436306620e-02,4.154265366613427851e-02,-5.057173865357291603e-02,-6.897830049453285844e-03,-7.213981379892261264e-03,4.063733362712863145e-03,1.564731511399447507e-03,-3.029512682694524006e-03,1.258671095814439117e-03,-2.815834683081610938e-04,-3.219669705094622644e-04,3.294942025717971187e-04,-1.909462099756299800e-04,1.770567200215690670e-04,2.704293062987828076e-05,-1.656437897671889428e-04,-1.423444216634923217e-04,-3.655889894657951295e-05,9.896506053477163842e-05,2.653095705504165066e-05,-5.510142704025887411e-05,1.698345141427407047e-05,-4.075347024122336884e-05,6.546180438363134544e-06,-1.436755308163436821e-05,1.630783008121733946e-05,-6.338176386272473811e-06
3.143732397814446915e-06,1.685123196743340234e-05,-1.824322113847702607e-04,3.926167922089092411e-04,-3.940706602339615777e-04,-5.054394353741445021e-04,1.154721516358955206e-03,6.947324797945342127e-03,-1.039187320484262315e-02,-1.617359983629316307e-03,-3.248375104509510641e-02,4.627073797662176885e-02,-8.580682506984521488e-04,3.540824737128925315e-02,-1.617503436137081654e-02,2.765017978841614599e-01,-8.980410863452550907e-02,2.971367247952660939e-01,1.926918944886612806e-01,-6.889556483362022088e-02,-2.733320814621913349e-03,1.170613513512333420e-01,1.477101546492902151e-01,-6.937697826367332787e-01,5.031007178967021876e-01,-5.021390342464167322e-02,5.803744996235246645e-03,-3.080211334634508705e-02,-8.352151504005031479e-02,-2.488080354483794467e-03
3.944906975840034460e-05,-1.095368069300769360e-05,-6.191215615981002012e-04,3.052105114796594808e-03,-1.753563073433723595e-03,-2.291318387466948804e-03,-1.697062953753138365e-03,3.007945784086517999e-02,-5.911621381264775543e-02,-2.554642650920171607e-02,-1.288693241031577952e-01,7.853798185429333722e-02,8.860865016202824906e-02,-6.189486888535797315e-02,-9.519406356620921383e-02,1.766461895686218531e-01,1.865294350915126242e-01,3.688191496734120611e-01,-6.555599047217444686e-02,-1.568320212526238266e-01,-7.238927389578925231e-01,2.859557359623765005e-01,1.800796684690242899e-01,2.284993895173022538e-01,-1.050662602659797051e-01,6.388499212212443712e-02,2.532430741899444754e-02,-1.249046484304011315e-02,-4.698274227430588451e-02,-1.092317579343469180e-01
8.014311614809775338e-05,-1.032772022113047421e-04,-9.547684718440642990e-04,3.468065116762335254e-03,-9.948017210123559582e-04,-4.284217956289614222e-03,-1.184554517933047351e-03,3.680115866026460042e-02,-7.062218770403730361e-02,-1.467893214540118806e-02,-1.975607571631224635e-01,-8.594041482946400412e-02,-2.105406636378679974e-01,1.485068015681495490e-01,-9.701425491204149210e-02,1.380976669623518172e-01,4.006969688314408473e-01,2.193180302111219504e-01,-1.062359866806453744e-02,6.762152142362143348e-01,1.209098453405912793e-01,-9.334085136107114766e-02,1.117224338160728407e-02,2.437799808984510985e-01,3.065794873204608084e-01,8.552985208772799497e-02,3.089277737992987549e-03,-2.820458814371577111e-02,1.636872471042162200e-02,-2.873625102607765130e-02
4.831142578151978163e-05,-5.621761881072827945e-05,-3.606898864797594196e-04,1.206058248054577616e-03,-7.730568106215461718e-04,-1.106983166003404568e-03,5.172396913056381265e-04,1.384190275759203045e-02,-2.120267957771189773e-02,-6.689202695246043023e-03,-6.196483546379091129e-02,3.000167247568687884e-02,-4.606556515863433759e-02,4.435151944260042056e-02,3.351307734615214130e-03,3.207599844537503686e-01,3.595501531675791146e-02,3.925107856868463065e-03,-7.061513137032149334e-02,3.766455461211051237e-01,-8.677620199350392916e-02,6.827462639981220216e-02,-2.793065911134696711e-01,-4.335388036524330801e-01,-6.510752300389253122e-01,-1.881739822697015563e-01,-1.650161589910039903e-02,2.253559692837651604e-02,1.354575322068245387e-02,3.154691586785271507e-02
7.712936483267418232e-06,2.447095261874701600e-05,-4.234876115645387087e-04,9.198453156626549502e-04,-4.701174241037991020e-04,-1.164698463314689601e-03,3.701036219096394994e-04,1.164116796986597660e-02,-1.668454518146274962e-02,-6.934042898733156976e-03,-6.030933238761763265e-02,3.872702968653976563e-02,1.543288792112379737e-01,3.413198704536802852e-01,-9.498417927086741375e-02,5.824176631980906155e-02,-4.979620421593493329e-02,3.764549400862071127e-01,-7.410586472642636258e-01,-2.237024217954576566e-01,2.804604910552893071e-01,-5.846183245916199145e-02,-6.967657480991962249e-02,1.565648761518410176e-02,6.093916992869949020e-03,-1.011846186153245869e-01,-5.897343553166483308e-03,2.354677768230936316e-02,1.400210704254969442e-02,4.720558757632596115e-03
-3.416665499610318724e-06,1.810785124200748675e-05,-1.071639231034880209e-04,1.558396461466534451e-04,-8.884875444157690639e-05,-7.204052813724510802e-04,-3.916194558414619678e-04,5.316258278713335318e-03,-8.002658494989437626e-03,-3.604607228029372418e-03,-2.256379332555042208e-02,1.381192414643012470e-02,6.221420011177621404e-03,-7.134828908326160991e-03,-2.565255177737420234e-02,3.929333644403140702e-02,4.867035198567723486e-02,7.202309578747509433e-02,2.692583317556614120e-02,-5.310567107767885653e-02,-1.834579034855292334e-01,-2.355422973981642631e-01,-2.130243404520189288e-02,3.962647091761238062e-03,5.567958579579229683e-02,-3.052431857977822450e-03,-9.199667962951806055e-02,1.999507524717818174e-01,2.961836883418310085e-01,8.700095641138813063e-01
2.652479787864684096e-04,3.627272425320264429e-04,-8.395265983482787242e-03,1.794802119426139840e-03,-6.529351041965764926e-04,-4.033195807995395253e-03,-7.436050601796698016e-03,5.470042214821899118e-02,9.158200906332043811e-02,-4.011497123680269478e-02,-1.027084145756925887e-01,3.136330874906907012e-02,-6.835185879197258618e-02,2.519516453716607110e-02,-9.255192149687541114e-01,1.644880474987027441e-02,-2.946643212001047729e-01,-1.427914604206431959e-01,5.469482776768538196e-02,3.119005384913237436e-02,-1.898224537484977104e-02,2.897094984918952617e-03,-1.028319585372683594e-02,2.212928612110598436e-02,-1.601950966472414186e-04,2.525398568918255787e-02,-1.720880546229425212e-02,-5.698482990556561628e-03,-6.892124259127014457e-03,-3.284244631181067881e-03
-5.936903986794483576e-05,-5.265666167178115979e-04,-1.332972314762753165e-02,1.450209001609502682e-02,5.427985451401001749e-02,-5.129756090842164593e-03,1.298484162537481279e-01,5.257156097046319365e-01,1.322331121968854106e-01,8.188380461062374494e-01,-1.158839767484154126e-01,2.756403275175591319e-02,1.486583473109957983e-02,-5.612527605089317161e-03,2.493517375091441890e-02,-3.558279923669084056e-03,-9.574178484351955273e-03,-1.016281970568071180e-02,2.647639735407428339e-03,-8.602283553790121898e-03,1.768199179573381151e-04,1.663705860466580281e-04,2.472470625995231396e-03,2.858009530925329639e-03,-2.949977632561114060e-03,6.660234189745600428e-03,-2.257752866102287947e-04,8.016678796646983362e-04,4.198583798219285247e-04,-4.865946653973358873e-04
1.805695705828408047e-03,1.434057402815704053e-03,-5.486392142905931191e-02,3.395506612538081587e-02,-9.469747992480325935e-03,-1.233128688260987232e-01,-8.065425162024977834e-02,7.670836840607436757e-01,3.102431257142851395e-01,-5.186523029448290023e-01,9.253845153421218217e-02,-6.593049037255087341e-02,2.576284909093733838e-02,2.115673410070620895e-03,7.941157254071903870e-02,1.941871296146897765e-03,1.373606671847245851e-02,1.453296905351290913e-02,2.960320908591297043e-03,1.878097535615524819e-03,4.471157118295022125e-03,-4.205145408679986097e-03,3.113114440968766002e-03,-1.027195141875517689e-03,-7.907036120316229951e-04,1.108452060320190688e-03,1.861943434808136129e-03,2.349873817083731990e-03,-1.572339285303219489e-03,-4.177877861304202310e-04
4.554450883728108912e-02,4.274828901871646075e-02,-9.948116968591770304e-01,4.796229646435502814e-02,1.037265109249927190e-04,4.619751443465923771e-03,2.793586206031783634e-02,-5.366070337194372986e-02,-1.490872646741485570e-02,1.511164895548006322e-02,-1.492250125820166438e-03,7.206771520135299902e-04,7.687999988151800288e-05,-4.537781154751291380e-04,3.357981727975749460e-03,-9.262475453003481943e-05,1.043633680857205441e-03,2.778629195745227335e-04,-3.947916120015008230e-04,-2.359434251586211054e-04,-1.643996357609106280e-04,4.808883575610944423e-05,9.549787475871557448e-05,-9.471229582072671700e-05,1.943101665939702419e-05,-1.687197519308963813e-04,5.617123124201452470e-05,-5.056364242772889696e-05,1.126299090983378233e-04,6.165927554297827285e-05
-9.708344149334798488e-07,-3.213650671247941929e-06,-9.448394728860524711e-05,-3.323673324294997781e-05,1.343045616338537295e-04,-9.938396231962416780e-05,-1.902032403445482541e-04,1.652538495130090844e-03,-1.187829196785389037e-03,1.021255646320303910e-03,-3.603130866596992044e-03,3.041902950207354180e-03,-1.206349244556773059e-03,-1.711309355922629744e-03,-3.127784263732984443e-03,2.704302419622657550e-02,1.816666075609828929e-02,4.400605940316549419e-02,5.912457337670178059e-02,-3.850104077336079927e-02,5.210305681286099555e-02,3.228107345922190397e-02,-1.282903732397684959e-01,1.307848843611625622e-01,-2.205058766656322472e-02,-1.449890504487000853e-01,2.956291165966713069e-02,-4.786914993530939078e-01,-7.499864708047592199e-01,3.750403021236347612e-01
4.851375460662928818e-06,-2.664133884097598997e-05,-4.397977670526573572e-04,8.385286105222412205e-04,-1.840333293286472297e-04,-2.819875504319929900e-04,-1.073774262644427036e-03,1.238894923684833241e-02,-1.829078689085669729e-02,-6.744016735793021376e-03,-4.502453218667910873e-02,-4.104977093129741350e-02,4.404063850831702737e-02,-8.516614055207162581e-02,-8.375653797814892887e-02,-8.792895506515586990e-02,2.993626807694303449e-01,-2.950835064692153287e-02,1.821510157954766077e-02,-1.969719848364539505e-01,-2.710079726164583980e-02,2.412539690633103140e-01,-8.093480593282817992e-01,-6.937476387708396697e-02,2.083729690129174084e-01,2.400933309368888102e-01,-1.193590992024076286e-01,7.812266788330808620e-02,2.317737163010804430e-02,-3.805124479388165976e-02
7.644790666331577691e-06,-4.103373129031036266e-05,-6.244076792550878321e-04,8.794971034325561659e-04,-9.838358056934940062e-05,-6.206287532946187617e-04,-1.229932014056921196e-03,1.760029687783610727e-02,-2.401469777763494060e-02,-2.087785635781522035e-03,-8.597411972037594108e-02,-1.563415565402356266e-01,-1.274246800677990565e-01,8.264880639727602285e-02,-2.191310958944714116e-01,-1.460769354565277234e-01,6.890815015306578362e-01,-4.968430559758330034e-02,1.307417701925883968e-01,-3.507555512304567635e-01,2.143695771253062710e-01,-3.138593619682394920e-02,2.973567701203819191e-01,-1.908663203314812373e-01,-2.300289080632342553e-01,-1.218996967866755460e-01,-1.999618526052646811e-02,1.094949266217455364e-01,-7.395063036915060228e-02,-1.206102502124395577e-03
2.975656869285697731e-06,-1.276329981530596706e-05,-1.501123175994290308e-04,1.816880013125039784e-04,-1.368275119350465560e-04,1.684149275344703424e-05,-3.954864452761478366e-04,5.219086243485087512e-03,-1.741353673851156903e-03,-1.742457768460353501e-03,-9.254019016150381860e-03,-2.059829830495571099e-02,-1.355711001697779833e-02,4.018254598398683652e-03,-2.694134846847428405e-02,5.933099986698084360e-02,1.077197135947735585e-01,-5.926634275479381736e-02,-6.614529362758309571e-03,-9.840847560407624262e-02,1.799427231797700796e-02,4.520091799917706765e-02,1.863477534966344763e-03,-2.637759339566786432e-02,-2.024219241916429875e-03,-5.230027964911308780e-02,-2.769841010457821037e-02,-8.196301249694323277e-01,5.401337145932020301e-01,7.471036256525624870e-03
-2.044404520826354068e-06,-9.918840876445936012e-06,-2.376239074470617323e-04,8.568045017788758196e-05,1.248762644778282844e-04,1.769604443789927773e-05,-4.540298081999328671e-04,6.240605214760789644e-03,-1.759917553140165998e-03,8.208050563921979580e-04,-9.758896182293849697e-03,1.626705694059658522e-02,5.819276190384178871e-02,8.158983183432751141e-02,-8.064613985607963290e-03,-4.945372960821910191e-02,1.783441167900944729e-02,-5.717078488134196695e-02,1.224183922630289328e-01,8.072264341229127421e-03,-8.629092344504656065e-02,1.258563740232463146e-01,-1.572572538770505290e-01,1.780761599242116355e-01,2.084039457154579222e-01,-9.005194522178797678e-01,-1.327689597810900908e-02,1.291209079967268747e-01,1.108297835940836029e-01,-7.196541408081820468e-02
-1.853818571446334394e-07,-4.662492608360018768e-07,-7.307642504674795054e-05,3.511772250744128857e-05,-6.237060573899146636e-06,2.107156466910382214e-05,-1.921442522894687441e-04,2.054744950402032522e-03,-1.906970099113253865e-03,-5.110894363105801660e-05,-8.013310135266163772e-03,-5.307568389943682734e-03,-3.206299887275944251e-03,-6.587046636182373321e-03,-3.409856735666837169e-02,-6.261582639275621934e-03,5.319283517314787185e-02,-7.611637975885087240e-03,5.575668960150207375e-03,-4.247042385707905376e-02,-3.172511104275221178e-02,-8.923856156690125607e-02,-1.233713004561749343e-01,-3.208041760149162730e-02,2.150224813369927199e-02,4.466785503714636001e-03,9.812741908374675859e-01,1.499496143021269642e-02,5.991101809031237901e-02,3.881665326652493364e-02
7.316915926039124080e-03,7.710300279777903545e-04,8.631495228207119313e-03,7.007241230932791110e-02,-5.280806634289355456e-02,8.790680077083294630e-02,3.618942571692851384e-02,-2.760918427348606485e-01,8.155030646594846333e-01,-2.750776297325712924e-02,-4.406815650097264392e-01,1.651994498923505250e-01,-5.409235282830818919e-02,-4.368302032033902910e-02,1.086619799285598320e-01,-3.454519366389385837e-02,3.243372337381216636e-02,4.271506342048489793e-03,-1.869275932525763656e-02,-1.255604477293799891e-02,9.464113014789478362e-03,6.471819310381506270e-03,2.808807695386094597e-03,-4.867195448503342479e-03,1.586033696893570993e-03,-5.740469375240384552e-03,1.355869127033087172e-03,-5.636007873251197434e-04,1.157414709798893545e-03,1.127640706690474434e-03
3.644675834664609128e-03,1.369271407348623439e-02,3.806405324747057228e-02,4.565817171261182805e-01,6.904867949931208226e-01,-1.058006867001306112e-01,5.366615138830316267e-01,-3.994961687297074460e-02,-1.213068473229783097e-02,-1.080751427631854861e-01,2.073272161544633535e-02,-3.725466434150663097e-03,-1.948703164554357967e-03,-1.392123850555545585e-03,-5.636629552166550969e-03,-4.211342914142909019e-04,1.388370076247086001e-03,9.901508891701877538e-04,-1.091004379073207088e-03,1.125744746828290319e-03,-7.122242748905124963e-04,-3.204099503726101324e-05,-1.372747895934609279e-04,-2.715587685459964064e-04,4.135003819345906928e-04,-1.061117844486717410e-03,2.156293278979290085e-05,-2.399388362145875970e-04,-6.223729658945773978e-05,1.143419071204383438e-04
4.982989101146570454e-02,-4.491711094374742732e-04,3.657161595470743293e-02,7.395355302445884016e-01,-4.448507139934073096e-01,-4.673785965326305303e-01,-1.413832437469630943e-01,-5.829474275027696911e-02,-3.328596467048820784e-02,8.454977658844478605e-02,3.419281448605884788e-02,-1.263119612792455498e-03,-2.239046032605020425e-03,3.700695718610124904e-03,-9.544062262339930020e-03,1.418847235052656799e-03,4.331917082433169464e-04,9.363218699961905903e-04,4.418083705960493680e-04,3.016663744130723451e-04,-1.594295095853613588e-03,1.819157593803799979e-04,-9.630730827463241696e-04,7.038340766209361013e-05,4.399050733526681885e-05,-4.051674472064401013e-06,-1.782633691369588580e-04,-7.734021593670100325e-05,1.057347254807051203e-04,-6.352486143468071911e-05
8.454038877437577426e-01,5.287643296656223679e-01,5.936032102843802338e-02,-3.918542382300622268e-02,9.238307668193121783e-03,2.196112106626325888e-02,2.239686233415424856e-03,6.722571999385932619e-03,-3.885626225499004983e-03,-2.200461698319247390e-03,1.586443377893132032e-03,-8.839035775741590833e-04,3.440294910785549184e-04,1.572622360755454238e-04,-3.230184908607078775e-04,1.214410389372691041e-04,-1.871615130982150449e-04,-6.238186487383690646e-05,1.030918514601712830e-04,6.934014636764436056e-05,1.942985558628816455e-05,-3.510274611928147445e-05,4.290342043210729484e-06,2.831443055684259344e-05,-9.370264714973746957e-06,3.579805020972368594e-05,-3.671948179337544231e-06,5.726815428257874538e-06,-1.223927608971733086e-05,-5.724074940894513495e-06
5.201485708043636087e-06,7.905449985474351259e-05,2.676535333815112882e-05,8.858407812011200033e-04,-1.845771233091428765e-04,-2.915678870220313017e-03,1.959632259164797909e-03,3.276163820947247587e-04,-1.603742003192886248e-02,-9.549494670979355795e-03,-5.710363407954736209e-02,5.880839226834042727e-02,1.624396659223491073e-03,2.678104337323770553e-02,1.927193665096475772e-02,4.323741987636596229e-01,-1.304377029312493164e-01,3.877589989106449697e-01,4.945350052336245361e-01,-2.445856453038341149e-01,3.843766911825466370e-01,-3.039571740989329210e-02,-1.198286684379088612e-01,3.238626893466142187e-01,-2.051430172507730798e-01,4.351286378361557405e-02,3.540097335025452988e-03,7.754789545177033505e-02,1.125104475534222520e-01,-5.044988606951964633e-02
9.875394685103916481e-05,1.817381967099486234e-04,3.816643887333508308e-04,1.121026696768638066e-02,-5.251442403326682211e-03,-1.576059948225045845e-02,-4.563046931853630139e-03,3.736082478303064808e-02,-1.564954031974287729e-01,-6.116284468958547299e-02,-3.898130254727205091e-01,-1.194880571557551535e-01,6.678987059604118981e-01,-5.321399220133341545e-01,-5.366523855101500845e-02,-1.131322993296142790e-02,3.995861747009754605e-02,1.768785845593058830e-03,-3.761568751478806122e-02,1.274670980033656975e-01,1.987724751107616261e-01,2.091687856669985444e-03,9.282494450363459881e-02,-2.717187568274256892e-02,-4.211689685976798166e-03,-4.711738441972452424e-02,1.197035019327850024e-02,6.504194770969915331e-04,1.015021980722651332e-02,2.884258672104482099e-02
1.654792716355415940e-04,8.185852736447617271e-05,4.058212227323499820e-04,1.268473669595989242e-02,-4.539611615252179752e-03,-1.811008338654631136e-02,-2.487190267927470375e-03,4.544911226884202488e-02,-1.862151357916823347e-01,-6.056675829370064545e-02,-5.598758416577469532e-01,-6.200833479720602170e-01,-2.802145907591355178e-01,1.588857899515605798e-01,1.453731110687026540e-01,-1.287996136903355182e-01,-3.015554291051093516e-01,7.273227753370242223e-03,2.703249730577384630e-02,-1.158234401715722284e-01,-9.497248439254485364e-02,4.237699559154711748e-02,-4.034504824484213409e-02,-2.424708126889591614e-02,-3.588508786286919577e-02,1.414185572481243278e-03,2.438381588688499739e-03,-8.359982583149322410e-03,4.769488565016481198e-03,8.260644706428376879e-03
7.374442751265589547e-05,4.252676915867888772e-06,1.256533553717859649e-04,3.136863697583403953e-03,-2.158993942278730413e-03,-4.589985354386618560e-03,9.942331718420121568e-04,1.046705645432201813e-02,-3.552551287535860025e-02,-2.194020042190770667e-02,-1.127930738314746190e-01,-4.274137531540562335e-02,-1.495626694761905372e-02,4.094871634800709148e-02,7.117581376264063564e-02,6.966241024955064365e-01,9.449061745758846609e-02,-5.956205592596659493e-01,-1.981144486618292289e-01,-1.706753212865850799e-01,-9.409316513039653329e-03,1.355668162029679581e-02,6.798530691841278562e-02,1.176376985609172421e-01,1.696383497465921153e-01,3.211311049307317284e-02,1.963518905739964834e-03,7.990065102374974138e-02,-6.549947797326657883e-02,4.295552102331284296e-03
1.692427422461093394e-05,1.517559460403936739e-04,3.636111669179173801e-04,3.066095031904270476e-03,-1.259951954581520423e-03,-5.888807948559654677e-03,2.667636499020749775e-03,-2.943875610051017826e-03,-2.840185962038507816e-02,-2.779344840675022216e-02,-1.433263780733965154e-01,1.142914783177766680e-01,5.392596899970143465e-01,7.172810344087852119e-01,3.934018929264510717e-02,-1.051629461514997782e-01,2.433046518596406610e-02,-1.742681029033235351e-01,2.762493657031819816e-01,7.152723374585755189e-02,-9.874445011587162924e-02,-4.766700817942782532e-03,5.773296479267552538e-03,-2.579396900389899563e-02,-2.598069379062189002e-02,1.485583664534870507e-01,2.924824194400169053e-03,-3.151880702322611832e-02,-1.513211326736094500e-02,3.958090612723549895e-03
1.487544179642270577e-06,5.729298180371654616e-05,-4.511509983163920385e-07,8.593967846685422827e-04,-4.240408165106613692e-04,-2.117906499850216468e-03,-5.452852983155682736e-04,5.137225207253737214e-03,-1.789977452739738642e-02,-7.434816524088137812e-03,-5.983815526132164886e-02,-3.472238334582187797e-03,4.693333570517599362e-02,-6.131266622432986896e-02,-2.020764369956439682e-02,6.094645732072558747e-02,5.197000703887553336e-02,5.699506804538675975e-02,4.165483701635603470e-02,-1.178300728411863646e-01,-2.689734945989816217e-01,-8.620544771865443767e-01,-1.817562315273770213e-01,-7.138428431018532805e-02,3.533588335352114140e-02,-7.239277991218275032e-02,-1.034667964144378588e-01,-8.715313142707560579e-02,-9.478122099165336989e-02,-2.774109256448952787e-01
