5.038078208732334022e-03,-1.002543500364776012e-02,1.072093722325931017e-02,4.178758761131613764e-02,-2.852606403729382109e-02,1.399435992908470150e-01,2.390510244855530153e-02,-1.659073415964553433e-01,3.826585247187064831e-01,1.311961442658900190e-01,-3.743042773743851526e-01,-7.023592551974263687e-01,3.272058122320316009e-01,-1.596345800059563100e-02,-1.461588579327204596e-01,5.980932485814933336e-02,5.573398844312688755e-02,-1.059007626429319393e-01,1.608420135871305862e-02,5.061207689839573171e-02,-3.927583040304642031e-02,2.337862581503988638e-02,-2.690267723013857470e-02,-1.375999019214820158e-02,3.837159952508607287e-03,-3.896612868663389194e-04,-3.477487789183162422e-03,6.078514227192534022e-03,2.636060647819089462e-04,-5.707337002922382866e-04
2.423965210889034681e-03,-1.299979007464506595e-03,-2.224213599442688796e-04,2.664507223473465691e-01,4.980652249708490409e-01,1.236189072065773248e-01,-8.095798189353006213e-01,-3.244698884931042360e-02,8.596449991014425834e-03,8.731837671514404431e-02,3.778218370360130612e-02,1.269683297322214341e-03,8.512428649266727022e-04,1.403177818631563389e-03,2.714129196894614782e-03,5.238274037544981242e-03,-2.307230236386021826e-03,9.689221682647085809e-04,1.767930789406317680e-04,9.652570896459377724e-04,-3.073086131562989065e-04,-1.730672646267714793e-04,-4.007189508432874013e-04,3.664650286889444583e-04,2.113277783667396378e-04,8.368008891409607934e-04,-1.569249330048957719e-04,1.925948920305499911e-04,6.000985408503102568e-05,-2.172610256089736605e-04
3.472010223453083494e-02,-7.022418457552069559e-02,5.023569042061604151e-02,3.880841809745229631e-01,-2.387545279746663973e-01,8.528919707030100383e-01,9.786484749000173844e-02,1.340713557786681331e-01,-1.318279000597136763e-01,-5.679953475588638001e-02,-1.313468954058175271e-02,7.595326276313611735e-02,-3.552370205449502383e-02,8.676561683667092725e-03,1.199848769178339485e-02,-1.266930679602523008e-02,-1.155764476823349304e-02,1.736344531885430573e-02,-8.178790608394814093e-05,-6.074091671665711109e-03,6.801247115750396963e-03,-5.263389660677221527e-03,3.137935974410362410e-03,2.050722488762338810e-03,2.956343424277156542e-04,6.272433129794243714e-04,-1.988671599238355458e-04,-7.593404401496779395e-04,1.316161582461251151e-04,1.977397863655259709e-04
5.071741928213722161e-01,-8.574142668629577413e-01,-1.571125801227041957e-02,-5.642190583958266170e-02,3.624257146007173885e-02,-5.296960400288530657e-02,-1.012675503296350549e-03,-5.999394356665686476e-03,3.620488600846746754e-03,-2.032070228756388554e-06,3.574184550323538691e-03,1.430196280804380948e-03,-4.275004623814882779e-04,-3.300475724282166774e-04,4.751167369387962643e-04,1.297519924588510208e-04,6.436494350440684136e-05,-5.730934907916111515e-05,-9.195204473940708789e-05,-1.423284837532444902e-04,-6.011878881299571935e-05,9.351963771910736314e-05,3.397813263112830801e-05,1.585026445557102728e-05,-5.011069395617890438e-05,-2.114031906481811564e-05,3.605761867376308227e-05,-1.102538915717473684e-05,-8.454644946633244906e-06,-5.956603167266701044e-06
4.204491487809568970e-06,2.504161010236917560e-06,-2.004138246855419767e-04,4.529850791549926603e-04,-4.733027288082902913e-04,2.871169908564408083e-04,1.575074968495303361e-03,7.036636902249020047e-03,-1.025984997865297781e-02,-2.315674282803353422e-03,2.846076294609683338e-02,3.686397777517836510e-02,1.744284460906273329e-02,7.460565668521902498e-03,-1.771083266323186245e-01,2.133763618298739617e-01,-2.160019060134734659e-01,-2.594450219494653376e-01,1.601560735462992102e-01,-2.822790932757814498e-03,-7.773088726871725182e-03,1.544204792134677706e-01,6.768582482396383604e-01,3.293028580182561504e-01,-3.954249743415004792e-01,1.152039152988438425e-01,5.546366056135519640e-02,6.112613078682813811e-02,1.230473625953257787e-02,1.170648927408239476e-01
3.944543297259155585e-05,-6.424466598800094349e-05,-4.507219415550679179e-04,3.119852464704764034e-03,-1.565369951197045006e-03,6.067503800088214238e-05,-8.774762094487113849e-04,3.334781119883887396e-02,-6.161068110542250453e-02,-3.287902013023460968e-02,1.117790998636812444e-01,1.080832805232832122e-01,8.466972550614038084e-02,-6.372767033132156755e-02,-1.846179017082829055e-01,1.307822677104782949e-01,2.414036470862296335e-01,-3.384072063227563376e-01,2.018019497287676378e-01,-1.622106583562007154e-01,-5.943692742047859134e-01,4.653307123681060253e-01,-2.511355870166654403e-01,-1.348497042532092183e-01,3.473899653843669916e-02,3.351136422626792288e-02,8.560008174286554139e-02,8.276828763886438789e-02,-1.190406665405004507e-03,-1.278464639693242377e-03
8.169336585338876785e-05,-1.722175254088163430e-04,-8.450916955371441186e-04,3.377236901114236221e-03,-1.312828121554975545e-03,-1.358295267129267956e-03,8.066261181854576887e-04,3.408880142327393170e-02,-7.452246999718439846e-02,-3.736286243507462579e-02,1.673509274966027138e-01,-7.209334908024239708e-02,-1.878307635664074327e-01,6.245051477631974324e-02,-1.848736284599488133e-01,1.282429555309410052e-01,4.876074431600154746e-01,-3.080320731495249098e-01,-9.444196628134317317e-02,5.910366045798436385e-01,2.231781661677334216e-01,-8.051661602862029976e-02,-2.012229906003149271e-01,2.620436724226353209e-01,-1.047292521955147104e-01,3.284466719692850228e-02,2.132635733624605595e-02,-3.554126670519762009e-03,6.479340659911006798e-04,-3.324887308499427287e-03
4.728079689308784851e-05,-8.747110905244864744e-05,-3.044956741851542140e-04,1.298919643551008866e-03,-6.689549183835639999e-04,-1.606598175110878315e-04,1.087174690686011202e-03,1.438810817197689294e-02,-2.019039215580174101e-02,-1.095429687072571948e-02,5.200658757025795886e-02,2.768884791375584437e-02,-1.963557918231327581e-02,1.486288811574242551e-02,-1.777316167475564979e-01,2.513530020762779760e-01,9.729550586619289954e-02,-4.374722948724412558e-03,-1.652310737149305098e-01,2.900996930646488892e-01,-8.833927485745836361e-02,-6.825214439977983494e-02,4.983402108336244529e-01,-5.903378613800168706e-01,3.973652868885929057e-01,-1.029305655983082657e-01,-2.816398202880920562e-02,-2.076895679821372590e-02,-1.631441140290083164e-02,-1.356415459705265225e-02
7.061555416570785353e-06,-4.456589353940099476e-06,-4.546022532401835115e-04,8.787159061119987659e-04,-5.288152662313567011e-04,2.148982694128062339e-04,6.285592922571829697e-04,1.083478961118247014e-02,-1.383482554700958198e-02,-1.791820203418656009e-03,5.858553878686757754e-02,4.009652495085036517e-02,1.101056960684215352e-01,2.975997492909299713e-01,-1.797616674194175979e-01,4.925666780144002770e-03,5.908610713177663704e-02,-3.595006228121422898e-01,-6.798530685380828054e-01,-4.802663012703676237e-01,1.363809978436331949e-01,-5.412041780903264349e-02,-5.271051601897206243e-03,2.397551776497068576e-02,-1.833211197443876048e-02,-1.107771192566525537e-01,-2.262708305938872927e-02,1.729650198880335402e-02,-3.198791436890297685e-03,-2.169549417639189334e-02
-2.575132779838279418e-06,1.143810018404974756e-05,-1.012801506243895676e-04,1.895392974153223666e-04,-1.353951212080162941e-04,-3.274648529337093592e-04,-1.025946388640637432e-04,5.431712809776280751e-03,-8.260814456927074306e-03,-4.956263143051579077e-03,1.781685488385092650e-02,1.997160907856485729e-02,1.562817198792826670e-02,-1.254799236099301413e-02,-3.510655170018681798e-02,3.575397570248695783e-02,1.595982717695990094e-02,-1.070887612151749935e-01,7.650844209989572653e-02,-3.287911070622284021e-02,-2.129936286029703585e-01,-1.727181541864986347e-01,6.289728280843137447e-03,5.397305704377370478e-02,-8.720932580981755056e-02,-4.294534411862895723e-02,-6.331598782122676017e-01,-6.986781844630002292e-01,2.912579580253374031e-02,-1.000908554366946798e-02
2.857964822595584586e-04,2.467318301131634630e-04,-8.181303479995280514e-03,3.780976356897361185e-03,-1.416358674013522235e-03,-5.924204068089426213e-03,-8.881994858389655190e-03,6.320617038945004762e-02,9.075072553219210025e-02,-5.438389045884951117e-02,9.345174192223071330e-02,4.723775469655319692e-02,-2.989816467884429466e-02,9.069675264293872510e-03,-8.201298110158559140e-01,-4.711042405340498673e-01,-4.518563576670991261e-02,2.511297682068986403e-01,1.027786835071602400e-01,-1.558948308607329900e-02,2.386195732483641779e-02,-2.912902949496809155e-02,-6.354870510744972667e-03,1.359769412138361194e-02,1.373786142553604095e-02,1.222556335478730723e-02,-1.150677539370873782e-02,1.577831321349817224e-03,8.718697659416886625e-03,-3.838965904036820403e-03
-2.301390764131410870e-05,-6.718713156541703284e-04,-1.450855055132358774e-02,1.315636703514341463e-02,4.298633956375551290e-02,-2.494657943323107512e-03,1.132890280308624514e-01,4.717753125522677893e-01,1.175117174472428139e-01,8.362527633763059409e-01,2.194451925848893981e-01,-7.967533840152590460e-03,8.318859279135528556e-03,-1.174433291379467677e-02,2.072120070132517713e-02,6.773553561867780249e-04,-1.194248859378142617e-02,1.097833669197187216e-02,1.267969111483196673e-03,3.166341940074628419e-03,-4.918720499879777885e-03,1.527451595652901768e-03,-4.099682286849245204e-03,2.505582355962663980e-03,3.753973892675449044e-03,5.300294781830239103e-03,-1.200444226094461459e-03,7.318514250876556647e-04,3.805724556995129836e-04,-1.593877355298520260e-03
2.014244573566411484e-03,7.150567231458748252e-04,-5.621919096979450386e-02,4.880862123792678586e-02,-1.929252720483393135e-02,-1.257489443703610488e-01,-9.992440597020339765e-02,8.157668065630968579e-01,2.582235264513211281e-01,-4.448604383534487394e-01,-1.586891824879824442e-01,-7.014247778748647355e-02,2.899784690984989408e-02,4.265680089673064106e-03,6.932952309095635757e-02,3.787067528513808623e-02,-8.365427926912069601e-03,-2.848800914526481223e-02,-9.893694667810955592e-03,5.326351969151424913e-03,1.686070196541485794e-03,8.966125522902317502e-04,-1.257814928130873700e-03,-6.350914148747129886e-04,7.967324801431857097e-04,2.116786868784148196e-03,-8.271260743574695854e-04,2.044558814363332117e-03,-5.537511604354519289e-04,1.094673521083979134e-03
4.919937057421514687e-02,3.998476294481700943e-02,-9.917997204070487793e-01,8.607070374995937079e-02,-1.603494927857547839e-02,2.091511263941913529e-02,2.563640220267559416e-02,-5.698631163136361200e-02,-1.181239244688645808e-02,1.146113825901873967e-02,4.479420867514303899e-03,1.748029095445607266e-03,-2.255945088448508531e-04,-6.924541665093196866e-04,2.948382986702778336e-03,1.669795846682312112e-03,2.532921803616662083e-04,-2.701487367804937686e-04,-3.411897229446893449e-04,-1.048276137914331570e-04,-4.120041009819677908e-04,2.062636119221235276e-04,2.203582096909943165e-06,-6.828454689408210284e-05,-1.064062099009968767e-04,-1.403619604464450112e-04,1.105763167048853053e-04,-1.144016581287489719e-04,-4.441207861367749230e-05,-1.901677939196314769e-05
-1.092842715684181955e-06,-8.083381797900725848e-07,-9.602903149782978753e-05,-4.011407615401687871e-05,6.548959216195306750e-05,-1.262498477376917212e-04,-6.929044922252268783e-05,1.971894044031936161e-03,-1.333602014498725492e-03,2.004568065877483565e-03,4.217757264501558606e-03,4.473881883790358470e-03,-9.068279806258342478e-04,-2.552095807582817778e-03,-1.998677807287369337e-02,2.456026692274748333e-02,-9.428209158156295247e-03,-2.701019476583831763e-02,4.276246410802344439e-02,-2.554734772184976549e-02,8.168452884383006762e-02,-3.457732920105450330e-02,-1.145837845002308231e-01,-1.139031282850052340e-01,-3.983720318655594589e-03,-1.559577859904971164e-01,6.758024248773740472e-02,-7.566635399273895224e-02,7.392345576969699961e-02,9.599872594908385182e-01
4.611260911512810246e-06,-2.770231003533687428e-05,-3.606145835568950672e-04,7.511386404711402516e-04,-2.079785313320934150e-04,-3.477501545502727763e-04,-1.065983734132586050e-03,1.217275744995276882e-02,-1.870137420120549301e-02,-6.572271265148162296e-03,3.822700698379002254e-02,-1.830384768796559231e-02,3.285328723011537999e-02,-6.147326664114347028e-02,2.186747359919752332e-02,-3.208700641556349459e-02,3.192569316218578646e-01,-1.840265158734823506e-02,1.758393037751387611e-01,-2.040629144006794182e-01,2.044811641601445573e-01,-2.078574262391895688e-01,9.085468552323970604e-03,-5.530166736050908805e-01,-5.839618559487514959e-01,2.359689211442417001e-01,-1.650697526835441173e-02,6.546059351283667338e-02,1.404271156814581034e-01,-6.761912290412851190e-02
8.798481333594099235e-06,-4.239893450386629471e-05,-5.060546254485474762e-04,8.597202935987162094e-04,-2.106574572459787636e-04,-3.021917420078049110e-04,-1.267325074479280517e-03,1.345949264725260046e-02,-2.567742667349905833e-02,-1.510048018680603017e-02,7.102878098316010858e-02,-1.340482390386238676e-01,-1.209539197827111112e-01,5.981175337701159604e-03,6.312107546763533195e-02,-3.728779512447498445e-02,4.891068767010051110e-01,-3.659023093022262946e-02,3.940932720437061443e-01,-4.339143575723828361e-01,2.286882016682136032e-01,-6.618569060405071758e-02,2.537120180392177238e-01,2.169924618669606120e-01,4.277466374283014905e-01,-6.463213153920958909e-02,-9.998829302046521872e-02,7.696367778442082808e-02,-1.531150548762831055e-02,1.686813435722643931e-02
2.677868034479891279e-06,-1.129277778706090898e-05,-1.184463745077526063e-04,2.134795636641921243e-04,-1.090388170103456030e-04,3.605293546171991343e-05,-3.657345664234960977e-04,5.216929605781932787e-03,-1.551900080098670255e-03,-1.362360420003552296e-03,6.815538314717225696e-03,-1.852552254850218377e-02,-3.836997416136858890e-03,-6.185246317335140083e-03,-2.809157107939645737e-02,6.248090685664293292e-02,8.375683970039934922e-02,5.148079122333591717e-02,3.151111987381469137e-02,-1.069852502722374310e-01,4.848901763036228552e-02,-1.796178655255863815e-02,3.496133435454397420e-02,8.302668509851963627e-03,8.914037444390504952e-03,1.210430090753240699e-02,7.205795563569306061e-01,-6.590001335031728802e-01,-7.247554704702764694e-02,-9.883632778487941306e-02
-1.435611475295317275e-06,-1.069246946892512886e-05,-2.487823529168760794e-04,1.429089173384474128e-04,-2.625899264190162036e-05,-1.774679936240248558e-04,-5.650139526239862653e-04,6.538436097064433648e-03,-2.265662442087462551e-04,8.304809396833404481e-04,1.139365274425107113e-02,3.892561515237415344e-03,3.261160033255795093e-02,1.008478954106401398e-01,2.423726977326106508e-02,-2.897780172855442954e-02,4.851485541944618868e-02,3.272620122526790493e-02,1.576969498368039901e-01,4.444804237807953307e-02,5.000384241317767930e-03,4.703249489680394468e-02,2.679402064962506033e-02,-4.015726049721080743e-02,-2.761739104581670823e-01,-9.212891866562457066e-01,3.896944417551178458e-02,4.965199795255185317e-02,-5.806623792682335042e-03,-1.524809752799909657e-01
-1.392948745889050800e-07,-1.319225377417166956e-06,-4.844999326911442856e-05,4.646170277275683971e-05,-8.711938057094548209e-06,2.577768750609567736e-05,-1.328881884867652097e-04,1.859214800613613258e-03,-2.021115150137083299e-03,-4.748973818608920316e-04,4.971467815737744961e-03,1.218799691452710204e-03,2.951493465556085782e-03,-1.056505123145616738e-02,-8.322031572553831302e-03,-2.562139892805631678e-03,2.980076708105415528e-02,-1.284506068684181795e-02,3.059501899464476399e-02,-2.658937839563912595e-02,-3.990080077539639308e-02,-1.256958556572539965e-01,-1.231078293887280517e-02,-5.529784068379763051e-02,-1.058955286471836427e-01,2.604716564941338824e-02,-4.324446431821372255e-02,5.586716579845798364e-02,-9.767122361811385600e-01,7.498308113151215537e-02
7.200701898418602857e-03,-6.979364767199975911e-04,1.400451975917279407e-02,7.159000734425091661e-02,-4.402163244858391111e-02,8.633153896559664364e-02,3.589557923369449816e-02,-2.120496296092035382e-01,8.133695813801895547e-01,-1.153020067797896758e-01,4.461658761120860794e-01,1.990058014255124130e-01,-8.742464678254593946e-02,-4.256790739194679651e-02,1.185457709623507910e-01,3.341265624221997910e-02,8.435104609597518857e-03,-1.633457036178168759e-02,-1.780870790133423295e-02,-7.237016744446597011e-03,4.480125317558750729e-03,6.087346323566957505e-03,4.135842922378017532e-03,7.385236947400491709e-04,-4.767362935362172947e-03,-2.889734570386984312e-03,2.506988022004560425e-03,-2.078582800151418906e-03,-1.131577307725642858e-03,2.582830506395066873e-04
3.415712395248614655e-03,6.876539431283645171e-03,3.751817397509357721e-02,4.202641798597245848e-01,7.082373266425946445e-01,-6.593592287594189638e-02,5.513439751942574851e-01,-7.313040710287210810e-03,-1.083884060158703255e-02,-1.010104329880120166e-01,-3.968557608411044796e-02,3.544402862655095352e-04,-1.748235845664596836e-03,1.229862800165760659e-04,-3.372686626060203419e-03,-3.205530879436139201e-03,2.321777408690872072e-03,-1.306278783731163427e-03,-1.622369681492836797e-04,-1.030813351759725729e-03,2.502625100452231894e-04,1.605787984017494237e-04,6.083045381669483376e-04,-3.420651481349169429e-04,-4.541439638260014373e-04,-8.218658838546564213e-04,1.331867320386472106e-04,-2.006803030906305113e-04,-5.936211572550222505e-05,2.245222634675347114e-04
4.967734254081034029e-02,-1.181975654522196377e-02,6.938566012019564688e-02,7.617334782960317741e-01,-4.320081273210740758e-01,-4.541375492569691974e-01,-7.421040363583800148e-02,-7.993275897573730304e-02,-3.846651889419464010e-02,7.533885652648848741e-02,-1.726728348073551175e-02,-5.727725090013215982e-03,-1.265530290400262222e-04,1.206651967673871796e-03,-8.504728372265887848e-03,-2.464882576329328716e-03,1.465956261460641145e-03,1.105050868959577551e-04,1.377772645492875711e-03,-2.462007089783732638e-04,-1.030788592370935871e-03,-3.284501699911600249e-04,3.989467621157411598e-05,-1.207709408218870145e-04,5.440162902870689224e-05,-2.137870056455273447e-04,4.464922136249972019e-05,1.028007093070144011e-05,6.095840674655606819e-05,-7.735668814031349937e-05
8.582432450591502837e-01,5.079564815501121933e-01,5.989650842863220026e-02,-3.477374422565473328e-02,1.052633011607325385e-02,2.055347298646057613e-02,-6.454048735168066604e-04,6.945967590103049698e-03,-3.513312356009105648e-03,-1.228933329761124852e-03,-2.180121985333351511e-03,-9.585465781470360038e-04,4.505803951480220090e-04,2.598336888542409598e-04,-4.300733504575695947e-04,-1.472263670318795827e-04,-6.880031810698574509e-05,8.311056421706915199e-05,6.738342189439492334e-05,6.733260558831355728e-05,3.681706910726545938e-05,-3.449505434882376863e-05,-1.834587787208233770e-05,1.214286306002265651e-06,2.885229356821276985e-05,2.611843850539736763e-05,-1.816970839434872985e-05,1.482762747794040283e-05,6.031841207797039028e-06,1.652413369332838370e-06
5.835178244043074921e-06,5.437813721688766663e-05,2.325048746167272768e-05,7.698140902495804452e-04,-3.651051620897150310e-04,-1.406538620530460929e-03,3.615463516500324031e-03,2.961225066490483747e-03,-1.726664315271805167e-02,-9.685645924459010750e-03,5.257520349040498836e-02,5.027135215245726735e-02,1.261125892506158135e-02,3.624536275033216938e-03,-2.220382405992198660e-01,3.785757513020049370e-01,-4.559426069471906318e-01,-3.306696821334713099e-01,3.535036906699312031e-01,-7.283670953056463337e-02,4.210999702061732908e-01,-8.297698094341822428e-02,-3.045923623179109252e-01,-1.501123346812623660e-01,1.809361818321764404e-01,-3.116999316057684349e-02,-2.754419584235611937e-02,-4.824654643104730545e-04,-1.943362914772734512e-02,-1.401306531335919370e-01
9.509274756965462115e-05,7.818454286759096358e-05,1.126540142835824425e-03,1.066682079165835045e-02,-3.703017823262695716e-03,-7.643746526290743498e-03,1.957407589855951393e-03,3.995786945972384929e-02,-1.693785442302238875e-01,-1.148043936639441126e-01,3.895710651579994965e-01,-1.026038639796729435e-03,7.390094056881018059e-01,-4.383994563741645534e-01,5.245909491580887096e-02,-9.187711334103515481e-02,3.422951173592820445e-02,4.118148165918840593e-03,-6.352475931233893258e-02,7.651597113736026412e-02,1.721455835574369486e-01,3.397837689566354097e-02,4.274171036615044550e-02,7.015290168417388783e-02,6.137375308964283793e-02,-3.756747426943320839e-02,-2.065436612077278800e-02,-2.277039507669684215e-02,-1.767990878605856658e-02,1.682527634145360856e-03
1.703030934641823425e-04,-3.153064039567652206e-05,9.408563716106563149e-04,1.150526893657359377e-02,-4.143166588562638072e-03,-7.999827384254337703e-03,5.480732901047510354e-03,4.174704046252594031e-02,-2.054732529121831019e-01,-1.531614053547607213e-01,5.719266126604161116e-01,-6.380325182039169318e-01,-3.023597740125597566e-01,6.421892180262295247e-02,8.141131386944180925e-02,-7.996453042622089780e-02,-2.414646265580740470e-01,8.844418290470099087e-03,-4.053275468676219295e-02,-5.825820772863828795e-02,-1.163730189744329319e-01,4.627731877336544591e-02,1.084538745095824140e-03,-9.075118117470296064e-02,-4.536631246421633790e-02,2.274991675365935564e-03,8.716056783414151063e-03,-9.775937925733287071e-03,1.527584382088718754e-03,1.778169376382657913e-03
7.106185069294213106e-05,-3.312634146107291884e-05,3.172978497411773464e-04,3.109235219304229848e-03,-1.668914145167519356e-03,-1.899297212206639291e-03,3.922279454144611543e-03,1.418372977947602448e-02,-3.041753347635678048e-02,-3.363029378454955587e-02,1.031608964140990209e-01,-4.894010769853141679e-02,4.403573827217507203e-02,1.195447407544203552e-03,-2.139313752931966128e-01,6.774150739613914451e-01,1.273956772190105446e-01,5.984446434176535767e-01,-1.078131984541147587e-01,-1.645451990180309687e-01,-4.739943888627803914e-02,-1.417992395342276835e-02,-1.201221080128412888e-01,1.595343920607728005e-01,-1.111812020031480441e-01,-2.460345966051274633e-03,-7.433819972175587099e-02,6.643896760910303345e-02,1.418963201213917572e-02,1.317614311450622175e-02
1.763745180002146781e-05,9.906137034562700113e-05,3.473781063513991705e-04,3.246479898014815318e-03,-1.392574492899388344e-03,-4.127391816602063966e-03,5.186088310152669328e-03,6.708008258604387800e-04,-2.022764428137726125e-02,-3.775492524488103380e-02,1.595720545859830586e-01,4.388049391119974024e-02,4.042908004495941454e-01,8.282598047131670693e-01,9.843937624131833541e-02,-3.911427634384200686e-02,1.244332802712791626e-02,1.073749236027763260e-01,2.339862760772850880e-01,1.353089124644333285e-01,-3.700762375891199218e-02,-1.022601098815659193e-02,3.454290824392750405e-04,-1.365898164825317569e-02,3.635554608580738450e-02,1.465448512638092560e-01,8.169608713772365943e-03,-1.242867344793866652e-02,-5.420435554406946056e-04,2.474563511585489012e-02
1.509339956466635308e-06,4.055761835527833592e-05,1.037173513123450426e-04,9.131709073629668124e-04,-2.634672900683829723e-04,-8.044612538521112282e-04,9.502177739002805020e-04,5.556815465586136156e-03,-1.957956384976619266e-02,-1.601401239758714137e-02,5.499303034109299243e-02,2.083231996602830441e-02,8.254654921962668868e-02,-6.454469428244340168e-02,-3.579665346053362979e-02,4.260335981691117796e-02,-5.722295153049684890e-02,-1.462076057419650910e-01,7.899006248161721810e-02,-2.974068440119675971e-02,-4.404655668887606512e-01,-7.979064433031957115e-01,-1.937235746783510029e-02,1.427601525860838771e-01,3.970546475613443566e-02,-4.442531108827767888e-02,2.060994173275250141e-01,1.987085227196412618e-01,1.143585519838961617e-01,-2.597883813051206706e-03
