4.893642802190457421e-03,8.641736070926117966e-03,1.260268449576946656e-02,4.107198098451474849e-02,3.230627991019306700e-02,-1.371010427085907479e-01,3.898156355973729503e-02,-1.047311731357439685e-01,3.141626998458118547e-01,1.101383197590372204e-01,4.025634294791982648e-01,7.038704107454153425e-01,-3.144756586372896012e-01,-9.494915799457860628e-02,2.120552615313055778e-01,-1.463192732806262997e-01,8.809176990541948971e-02,-3.307545552790657623e-02,1.530410546085056792e-02,9.190412390827357170e-02,-6.112054454129495218e-02,-2.769953902962573461e-02,2.725649553913071441e-02,1.383382684366432289e-02,-4.179292806955124499e-03,1.031701788945972240e-02,2.442486652735059586e-04,-4.694616951470670894e-03,-1.569396803313027021e-03,1.477711255004587854e-04
1.919007281948601970e-03,-4.056063881931533388e-03,2.670676676733246997e-03,2.942130474087495950e-01,-4.808981188402958740e-01,-1.808915987229259281e-01,-7.979492448279970063e-01,-8.847996162510650409e-02,9.963009095292761630e-03,6.299572235337042025e-02,-2.685120731565968435e-02,1.323738948683375811e-04,-5.804098037910434930e-03,-2.747544374848068151e-03,-5.586094877960326617e-03,-2.714822723687143179e-03,-1.999708844612823905e-03,2.170427657222685780e-04,-7.469067093833653978e-04,6.508922092802586247e-04,6.684527475599813008e-04,2.057554569817680304e-04,3.994515757524438166e-04,-4.047516965646118865e-04,6.019479418566918021e-05,7.259858645161520888e-04,-1.717842832172323343e-05,-9.289646984496297076e-05,-3.545533608863259687e-05,-1.557389731721517693e-04
3.372555280556367024e-02,5.924058920120960081e-02,7.294507718309097000e-02,3.820586831130131644e-01,2.640260461711459450e-01,-8.415189410245854651e-01,1.542685082680916864e-01,9.443273579592970091e-02,-1.292764778386077118e-01,-8.342771052242062280e-02,-1.730347768306070635e-02,-8.148628263450925779e-02,3.677517873533483334e-02,5.341181130159428775e-03,-2.010957393181310449e-02,2.152638657099843755e-02,-1.693919285251787796e-02,5.481169657042994810e-03,-5.220051870102584458e-03,-1.163897783928858308e-02,9.554262282897121525e-03,5.693423624040514115e-03,-3.184735610304353232e-03,-2.392974927209804998e-03,7.793357577779852496e-04,-1.170672285634063482e-03,2.038749631541885050e-05,8.424169081202796238e-04,3.336396151760018225e-04,-5.690866180323191212e-04
5.120461306590049499e-01,8.532659423458381909e-01,5.799342731384089095e-02,-4.647019253851751575e-02,-4.114687745270240171e-02,4.960724558519948729e-02,-5.858200510354882526e-03,-3.092697200501321429e-03,3.644774085583093060e-03,2.168826155709871212e-03,-2.312819744742216493e-03,-1.245323005134490492e-03,3.336894928061441687e-04,4.408383283592440206e-04,-4.268089875994963067e-04,6.102756683361851894e-05,1.270668625929626406e-04,-4.282623251766029028e-05,1.105959157287148827e-04,-1.674615580338011762e-04,-4.203664026952143122e-05,-7.775680599433119173e-05,-2.265078781386704811e-05,6.915719893304049860e-06,-1.780651318942929153e-05,-8.746877881027765502e-06,-1.224156997346477805e-06,-1.114985351347959514e-05,-2.855386509880875185e-06,2.814738209228868652e-05
4.582368968093721270e-06,-3.811872648536456641e-06,-5.847988375294677966e-05,4.259333036559584265e-04,3.767169141326448816e-04,7.199854520404853106e-05,8.286041608966386064e-04,2.731700965604507911e-03,-6.121618027092436479e-03,-3.000713127926786256e-03,-2.579531133080163394e-02,-4.921793720930300875e-02,2.924429832971591533e-03,-3.780452473636514849e-02,5.343580970952702125e-02,-2.498827694758899987e-01,-5.480807511775145913e-02,-2.991789216674786700e-01,-2.370969403287037924e-01,2.806057022611642415e-02,-9.967866107056383429e-02,-1.625858869552010699e-01,-6.424473954912498508e-01,-2.568785972952524199e-01,-4.832519434501622024e-01,1.574365769675189208e-01,4.043034940104856846e-03,6.805431318139430752e-02,-4.993456387997873003e-02,-7.295402662962077907e-03
3.651454289129453773e-05,1.683017591373897907e-05,-9.282147072611632776e-05,3.310141461241416106e-03,1.772976606323669550e-03,1.675166369102920171e-04,-1.581047033915371951e-03,1.870930193841287975e-02,-4.828428559053821179e-02,-2.558573198746900285e-02,-1.130541840672319581e-01,-1.219203826509281385e-01,-6.602141978725409310e-02,2.518320820741229427e-02,5.243531632049942826e-02,-1.599864708197594743e-01,2.602945730615482955e-01,-2.253499957194569081e-01,3.110902982300151401e-02,1.739343500486999899e-02,-7.386633654256675729e-01,-3.920809128620358353e-01,2.866436760786991722e-01,1.225790842106898176e-01,5.036009895138445630e-02,1.750388282486945585e-02,1.483017415054784915e-03,-3.146400281175630587e-02,-1.047365888100150050e-01,6.716732630821349581e-02
7.800604720848043627e-05,1.018277721420747110e-04,-2.354095548238576828e-04,3.652676521917060017e-03,1.251251264198795753e-03,3.300399946202746231e-03,-1.557287724920121842e-03,2.188964483683199930e-02,-6.598241428266668485e-02,-2.717579150014677244e-02,-1.728330042726252680e-01,2.803388434582501296e-02,2.260125714026517130e-01,-9.095755921775862396e-02,9.491995417590790018e-02,-1.804090554936171598e-01,4.934558279929004976e-01,4.824869960366217486e-02,1.429374448056420499e-01,6.443731484277653854e-01,2.379352587230368077e-01,6.868699374403815228e-02,1.921580749750985140e-01,-1.178328488195667101e-01,-2.540642769423694936e-01,4.404007128313736780e-02,2.361975792651883899e-03,-2.782001927841437627e-02,5.242693790988451480e-04,4.413802502055156479e-02
4.566172148133106084e-05,5.640764266704416515e-05,-2.252136190755541311e-06,1.389659527600475581e-03,6.662524061188303953e-04,5.452541880721756794e-04,-2.014676650921621854e-04,9.522290630225012029e-03,-1.668531106373107725e-02,-8.428632196422041964e-03,-5.300437416127174589e-02,-5.439679599651017078e-02,5.203741521662414576e-02,-5.321153808939772106e-02,7.728872532377321913e-02,-3.035968317878472433e-01,2.342048682623376274e-02,7.654330673867355828e-02,1.216505823676065495e-01,2.976208455136257758e-01,-3.151209354506412375e-02,-3.380694720258245467e-02,-5.292617104198126254e-01,2.535215704305153750e-01,6.530010828199748207e-01,-5.543662554101281420e-02,-1.622082626291332375e-02,5.844270755741877432e-03,3.307193334816244806e-02,-5.402402309212965548e-02
5.766434416260197382e-06,-1.498170512141247233e-05,-9.764225940819280033e-05,1.047651630190571089e-03,6.302723333535322501e-04,1.234573454915285006e-03,2.191701432934024026e-04,8.521150066620429564e-03,-1.436951144075967503e-02,-5.773489955065082280e-03,-4.892682223935364977e-02,-6.960586021315368077e-02,-7.953806957040804315e-02,-3.136116097423879423e-01,8.533275098917697532e-02,-7.140128384637041414e-02,3.120198980611953426e-03,-5.715749702289676382e-01,6.549272386881532793e-01,-2.471342452535367773e-01,2.195570540674466886e-01,3.245418112515446180e-02,1.162760696982428552e-02,1.465847225260880201e-03,-3.142369148232598396e-03,-9.490276933434804718e-02,8.372955774453721706e-04,1.038522108553251166e-02,-3.511779493803394037e-03,-1.189090540402813409e-02
-2.617072994018301817e-06,-1.015237886043315694e-05,-4.676986519914609088e-05,2.396767143687312705e-04,1.314631399659437134e-04,5.846311777858804798e-04,-4.715335261922270517e-04,3.370953873294173404e-03,-6.458671598702625700e-03,-4.354274741929041632e-03,-1.750592046088234738e-02,-1.650721887615282796e-02,-8.579055158722946606e-03,-1.698481722333450815e-03,6.229408378141892445e-03,-3.232814991502860197e-02,4.956349427851503009e-02,-6.977302204013982601e-02,-1.852273746760716919e-02,9.296052826009783970e-03,-2.018104095485717120e-01,1.855590869881678928e-01,2.598069013002856850e-02,-4.159206561706894900e-03,-6.350440318218132651e-02,-4.163208145347700728e-02,2.444382658423720212e-02,1.672141245173303925e-01,8.934284995047864220e-01,-2.864317621135448744e-01
3.228369891558434531e-04,1.618467964440116209e-04,-5.350976533030879327e-03,4.478013878002937154e-03,1.866420098801084429e-03,2.849636767624293132e-03,-1.388041530901128716e-02,7.336241644427912711e-02,9.022127371854461730e-02,-2.426731241933677632e-02,-8.864815889542436433e-02,-1.385223004496558552e-01,1.353846218139418134e-01,-3.460167022039850517e-03,9.406636433963939670e-01,1.451126748199755290e-01,-1.040909979483878173e-01,1.108738854559302711e-01,-4.007334159055786493e-02,-8.602007138129716401e-02,-2.313193432415235756e-02,1.620513615140083824e-02,2.066112333719863012e-02,-2.635918563143848509e-02,-8.240005171352132035e-03,5.698303570300425856e-03,2.550886225196219784e-03,-1.317281821262709408e-02,2.795952949042498654e-03,-1.241550015942948903e-03
-2.496686089826721604e-05,3.013230013540636049e-04,-4.652051380190651460e-03,1.923970903276785160e-02,-3.826466113636719374e-02,-1.846202395839638064e-02,3.957516638189331748e-02,5.755304294800137610e-01,5.946717622552677440e-02,7.995502854130691617e-01,-1.412203403800637858e-01,1.188635802696665772e-02,-2.221642546224036202e-02,6.046090208672610065e-03,-3.803696855263874466e-02,-5.925092912468735845e-03,-5.636783937650530381e-03,1.634141960702594929e-03,-2.745824045721732831e-03,-1.818759318080826522e-03,6.796200245518283726e-04,1.556431376899578001e-03,2.508809271669645846e-03,-2.516605836461447733e-03,1.919243574556943636e-03,4.833159459807227949e-03,-1.824486784855516082e-04,-4.149006515675374206e-05,1.486912539201274948e-04,4.259499851667302686e-04
2.292142961360182050e-03,2.349495892383550791e-03,-3.986606086921436198e-02,5.488205190116991067e-02,2.828298065773313802e-02,1.037734261075867609e-01,-1.494801774104039249e-01,7.730863360080801883e-01,1.974742860536004285e-01,-5.503567148267447529e-01,9.464725653628552893e-02,7.897859579918840855e-02,-4.212319112115640862e-02,-9.910502218900989202e-03,-6.592200814543920651e-02,-1.304614114743232051e-02,-4.375710400175174784e-03,-9.286459339207771627e-03,-1.524904668737432720e-03,1.427829829110543840e-02,3.405290930668820708e-03,-2.049055222846439799e-03,3.526319868953402487e-04,3.037901773397753144e-04,3.527400503794256618e-04,2.371296433964381958e-03,-1.517527573100927623e-04,1.661364378354839022e-03,-1.455092459481083017e-03,-1.078648003957479069e-03
6.000527539835366631e-02,4.020588207870739311e-02,-9.896835376120765027e-01,1.033619123383087979e-01,4.360000080614639950e-02,-2.175950423367786768e-02,1.921540035839517518e-02,-3.820089114424764232e-02,-4.451635336683132556e-03,1.976134886371028188e-02,-2.100360572647175239e-03,-1.271702549450574871e-03,6.135473076228387546e-04,2.218270254401791676e-04,-2.294364657115312810e-03,-3.284238209010616953e-04,6.183828281433506645e-04,-1.530329423078865539e-04,2.601281511592608221e-04,-5.925296017247760628e-05,-7.180733455084076450e-05,1.592122815214313562e-05,-1.108059495123851881e-04,1.531894805333260210e-04,7.362816817632987087e-05,-8.583143853458350975e-05,-7.720808650106512363e-06,1.021166816526577906e-05,4.695949586554878550e-05,3.170581270898915882e-05
-6.520949979241624234e-07,2.954500088362544231e-06,-3.776726028488376071e-05,-4.785314518341428913e-06,-5.980487949457768254e-05,-2.224465148936102696e-05,-4.372302049066214419e-04,1.506354463030123905e-03,-4.470504008216311456e-04,1.674467987973565438e-04,-3.349818329521369892e-03,-3.405521557283874758e-03,5.644168652758113809e-03,4.036950405485915765e-03,2.520432549799159899e-02,-3.576520940535733717e-02,4.277063923683122049e-02,-3.324462165583319528e-02,-8.470241388733823484e-02,-2.043841377574674364e-02,6.439938691478008792e-02,3.041513149213669054e-02,4.051983461882395499e-02,1.744232277898662975e-01,7.344950371705084727e-04,-8.277016223757009683e-02,7.479797669362769907e-02,8.700911296827110730e-01,-3.296515357081006986e-02,4.239764533284311465e-01
4.354800957667038640e-06,1.363312882341437362e-05,-1.006939081265203866e-04,8.886164849316811323e-04,3.251526766953830440e-04,8.645583262916056310e-06,-1.951737143268568279e-03,9.394361726636400733e-03,-1.776840137356275329e-02,-8.400420569457779998e-03,-4.085474410872654005e-02,1.882620972220205163e-02,-2.245676143799230778e-02,4.588214100901756576e-02,2.803776154925612454e-02,5.210952953598060877e-02,3.674979752100054897e-01,2.039530069436937612e-02,-6.273667633326447668e-02,-2.371879904560465768e-01,9.669500795824741146e-02,1.319400895511803340e-01,-1.489262458285978141e-01,7.536745067717770530e-01,-2.612156582891808632e-01,2.239436584459855994e-01,1.368520095241887169e-01,-9.354939851445209786e-02,-6.330333867575559104e-02,-1.699629188613171749e-01
7.858642546935319605e-06,3.675003975125517669e-05,-1.426572625369858845e-04,1.061429994783802226e-03,2.724665768687639829e-04,1.212313644436655453e-04,-2.739488950121243827e-03,1.105590634405844569e-02,-2.642495656070624824e-02,-1.468350065022732027e-02,-7.313246993736592649e-02,1.280710150080632270e-01,1.290028189619157606e-01,-2.305606636990745889e-02,3.694445047705253570e-03,5.303285642175830511e-02,6.494292730112792844e-01,1.743381366711480029e-02,-1.818117803515879594e-01,-4.631221474663314019e-01,8.826245350822933822e-02,-2.668610768043221462e-02,-1.124314480051175902e-01,-4.045108649975070469e-01,2.910669043307934079e-01,-6.650959188563247693e-02,-2.149392995774362936e-02,6.209225120265992465e-02,-2.634448796014197264e-02,-9.315564247971937217e-02
2.843080935113527742e-06,1.016841175764608465e-05,-2.309007184385004314e-05,2.760586628367877140e-04,1.397243260979295085e-04,-4.564935345220386457e-04,-7.149852057480917539e-04,3.647431978288102460e-03,-3.277999360062907198e-03,-3.569372140791358949e-03,-7.708945912339133094e-03,1.223471710681608808e-02,1.152822696121582821e-02,-4.930445817126909852e-03,-1.092146565008733595e-03,-6.901838454020023383e-02,8.439937395023167088e-02,4.528789931302154570e-02,-1.606621158894741899e-02,-1.418630027355056444e-01,2.372670892318008359e-02,1.963189676304801998e-02,-1.055278836949361948e-01,5.688304262134109140e-02,-3.044957963595208011e-02,-6.656391321412699624e-02,1.145247602883021736e-02,-4.106928571857067500e-01,3.347258233784689563e-01,8.147113493671448436e-01
-1.210226372664473868e-06,1.216531567449571853e-05,-8.522178249932210931e-05,8.720242849983241462e-05,3.794889623562278791e-05,2.485898047055644052e-04,-6.652869683188283997e-04,4.865412833317600202e-03,-6.255932962999715633e-04,2.194711125975568750e-03,-1.014639175480700796e-02,-1.025095351407258847e-02,-2.909478570393000604e-02,-8.284416046179308990e-02,3.676076613116318042e-03,2.463951906263961086e-02,5.083128107403449281e-02,6.563121631460833161e-02,-1.021857589367339281e-01,3.046188130644933781e-02,-1.238067910923050345e-02,-8.387607917878793506e-02,-9.478452668977335738e-02,1.382083456332571514e-01,-2.197472418097586311e-01,-9.320680317255268799e-01,-1.052597194420497838e-02,-6.265186155742605290e-02,-6.508275327002696620e-02,-1.121852997210737307e-01
-7.074238453614685731e-08,1.178814037967002921e-06,-1.624942475483754070e-05,7.578266671883901928e-05,1.886253449537986094e-05,-2.031971502805814576e-06,-3.310854971480468563e-04,1.354562356056860121e-03,-1.922606335621190659e-03,-1.293522019915561896e-03,-4.972203431676395710e-03,1.014207044326733949e-03,-1.674478483078048127e-03,6.538184589997900198e-03,5.731360560038107482e-03,5.223551898399448473e-03,4.666934801030681729e-02,-8.255563726842012409e-03,-3.743004818768824737e-03,-2.773493833919928389e-02,-3.895611410103930888e-02,1.217456402562856616e-01,-1.915575641071661991e-02,1.069833551511315539e-01,-5.776053790911429842e-02,2.798198562964147873e-02,-9.804968927667681022e-01,4.935523718831824613e-02,-1.360077147619013875e-02,2.378053216569983239e-02
6.919740144061788285e-03,-6.955341759669331214e-04,1.583976172096410173e-02,7.081740432823427356e-02,4.407427586546219800e-02,-6.594228385211306498e-02,5.593686690211374657e-02,-1.686536836578251819e-01,8.747121685210986763e-01,-1.805198746546940111e-02,-3.837059243067229009e-01,-1.412711103697299186e-01,5.503943682380185720e-02,4.605289752542916781e-02,-1.347711072874818727e-01,1.733159168963962007e-02,1.216880226356635043e-02,-9.215501489518617556e-03,1.247805299046856470e-02,-3.493370075546447552e-03,1.076412120336434075e-02,-1.591728509835322117e-03,-6.389713274831660891e-03,1.037910501322692088e-03,-4.876584027934747069e-04,-2.579439849374322823e-03,-2.485903920640740537e-04,1.474750994423744454e-03,8.339328256595844417e-04,1.344187619143756606e-03
2.848645133408804746e-03,-1.359279845078198781e-02,2.217039490841345162e-02,4.526798574626602623e-01,-6.890008153819077164e-01,1.033851252527313996e-01,5.479622312253288330e-01,2.809619730613303543e-02,-1.122307999743734144e-02,-8.157456322941443461e-02,3.282200647926036829e-02,-1.361953574486307866e-03,5.223462912967057753e-03,7.880087718631580054e-04,6.024572741491783512e-03,1.858145759604736382e-03,2.061212975518151701e-03,-3.426245784332718528e-04,7.113205374690322654e-04,-3.874088299363368871e-04,-8.128362026407959023e-04,-3.969039512475806418e-04,-4.705529918590249834e-04,3.998171372038261109e-04,-2.217948037835626961e-04,-7.010958797567075828e-04,1.929654178760350578e-05,5.722750881730026367e-05,5.758723652309336364e-05,3.921847820240228068e-05
4.783078496405107627e-02,-2.541783291657225431e-04,9.268898704568795388e-02,7.333410191641501763e-01,4.639861708484559477e-01,4.585284425633467942e-01,-9.913425795671405860e-02,-7.707064340137578795e-02,-4.177086058768918198e-02,8.507654957506172178e-02,3.089974759195391121e-02,2.703762932181750806e-03,2.092350559627321679e-03,-3.578135632543894841e-04,8.736424306259234565e-03,-1.108656573965971937e-03,1.859079917863338096e-03,-5.281037227441282532e-05,-1.459030627237298987e-04,-8.290573809723236895e-04,-1.268466804995263802e-03,-1.914535040536883805e-05,7.193591506207668441e-05,1.034022892652653971e-04,-1.451459705824674582e-05,-1.808661045928608880e-04,3.184490369059101583e-06,-2.046232344539788235e-04,3.973346504689731327e-05,9.959637770495544671e-05
8.548063521020605737e-01,-5.162645708544791878e-01,2.649806988289139451e-02,-3.865696379803475885e-02,-1.203699754619875703e-02,-1.954876935229546073e-02,1.314983866987344367e-03,5.103322106796690828e-03,-3.799829152747985495e-03,-2.968997019838540662e-03,1.200074932915828549e-03,7.559963987670094204e-04,-3.898306355338765285e-04,-2.567671630414093968e-04,3.913119551268746531e-04,-4.739486618162029922e-05,-1.285082170701389601e-04,4.641224683098176278e-05,-7.021347059925661215e-05,6.423424544773834177e-05,-3.446320072165878600e-06,1.113761866388471271e-05,2.871066201691527384e-05,-1.302701057753741244e-05,1.163539712413902454e-06,1.729905942913602184e-05,1.146258049010910114e-06,1.110502981216835046e-06,-7.036315029768737528e-06,-1.120967366731750426e-05
6.092704647651968610e-06,-5.751321712120980152e-05,5.077403393920161328e-06,7.921420826037714989e-04,1.449277404716384221e-04,2.206632353451881516e-03,3.019883238749234040e-03,-2.102613232858630520e-03,-7.022904637274300990e-03,-9.236024271478286696e-03,-4.988122827855257652e-02,-5.965738884645647305e-02,-4.109593332983618903e-03,-2.608667198176740226e-02,6.803595804158935056e-02,-4.421309593403410232e-01,-1.184722076491537407e-01,-4.243357957043871198e-01,-5.720093133980129751e-01,-2.230847752138539683e-02,2.967634338324285359e-01,8.143652082311836349e-02,3.320959013086846046e-01,1.078295182151688680e-01,1.847136238291134935e-01,-4.001096800940250747e-02,-1.722524503029125922e-02,-1.258732843926710920e-01,2.612415479644099921e-03,-5.216593219604890447e-02
8.340749448835381083e-05,-1.909220217244701496e-04,4.825487221367917318e-04,1.084806292492422608e-02,3.405114001218196434e-03,1.330944383605867955e-02,8.428422284833607739e-03,-5.519512030628128361e-04,-1.456906165193867508e-01,-8.195368036545634671e-02,-4.182734515861695201e-01,-3.039026987530515055e-03,-7.725568074620050574e-01,3.691439675073158733e-01,9.655014992069961555e-02,8.264065264791179560e-03,6.703663994788763847e-02,4.099114799799005032e-02,3.750509289951219766e-02,6.003754883465838715e-02,1.717587665428189636e-01,-4.846262635448639333e-02,-3.206626305182494474e-02,-9.132415228439293153e-02,1.561283757958066391e-02,-1.413683807195021021e-02,-1.541229405105549143e-02,1.148073409217861308e-02,3.156171281770746295e-02,1.975283500952505593e-03
1.499369869122523966e-04,-9.421450616023335854e-05,6.221349517029630630e-04,1.237960389989859605e-02,2.850712434261147912e-03,1.815427932703412434e-02,8.023966948398041088e-03,4.321789826049922401e-04,-1.889770519374645019e-01,-9.833073871274505828e-02,-6.182666714133235875e-01,6.236846543756300321e-01,2.801067831204866465e-01,-8.746975613695638641e-02,-2.988101098582317608e-02,1.119706240145916104e-01,-2.454765808055557608e-01,-7.684837236798966464e-02,-2.520637551434567331e-02,-3.403079300248649380e-02,-8.486030590223771208e-02,-3.486354217382310605e-02,-1.485660145135550558e-02,8.077090320711642624e-02,1.074210332616112699e-02,-1.181021814737717376e-03,1.183687408104113327e-03,-1.059520542249638413e-03,3.436372980956199120e-03,5.925110233627932897e-03
6.726083615355122702e-05,-2.024141057741978827e-06,3.086656022929579256e-04,3.253852037605116290e-03,1.414994508120935232e-03,2.539520248351011603e-03,3.661311280395633787e-03,1.852758207092618150e-03,-2.895449906945560953e-02,-2.634566450157662873e-02,-1.149034230180309285e-01,3.939812558288679177e-03,8.425527364621992685e-03,-8.209609475081440511e-02,-3.696589971948227322e-03,-7.008521854912463933e-01,-1.131102626109303927e-01,5.089916445451944105e-01,2.002028935720316094e-01,-3.378686040267505630e-01,-4.014450125947281733e-02,6.541215102327037345e-02,1.164073849164949243e-01,-6.088521004386110436e-02,-1.658525328117545772e-01,8.015901820964637173e-03,7.631555691641704782e-03,5.043659586239960385e-02,-4.577970401918609461e-02,-7.533267996543573097e-02
1.314535579164010428e-05,-1.301867846042080370e-04,2.844187335512285354e-04,2.676909637242069762e-03,1.232619094058184537e-03,8.469392073074281935e-03,7.357358919441690792e-03,-8.065461786555223195e-03,-2.021765217059798281e-02,-2.040874372202202899e-02,-1.372084862651679893e-01,-1.288558584397641871e-01,-3.336556351020722455e-01,-8.457243424626139650e-01,-3.718764795088644326e-02,1.607531129956671911e-01,1.348038339767430524e-02,1.903261973663583073e-01,-2.274943361306099587e-01,5.474866938538949096e-02,-4.613695228946652904e-02,3.145078058874761339e-03,1.064202344405336745e-02,-3.979213028269217153e-04,2.729417836033245712e-02,1.230562458083008515e-01,-1.003199744905116297e-03,3.822750453425645314e-03,6.717803733421871468e-03,1.968371047167254834e-02
5.076474035840403598e-07,-4.082768660166376934e-05,1.504769896188225584e-05,1.028396372994008724e-03,1.745866943499047876e-04,2.158989517457807553e-03,7.036921109035817936e-04,8.965460026283055776e-04,-1.629301592147297528e-02,-1.201337649032934232e-02,-5.587566758750824036e-02,-6.718691234876832119e-03,-8.139801053436344913e-02,3.138825481499600556e-02,6.583667626236616027e-03,-1.808692135105216883e-02,3.666960539388790241e-02,-1.231671809384951299e-01,-1.813678717707907159e-02,4.856227005233081789e-02,-3.760007365882030439e-01,8.494985655993297913e-01,-6.218357053102054749e-02,-1.176942192637982082e-01,2.455337857952628877e-02,-8.111030571600950922e-02,1.100530136390811820e-01,-4.549760295585783543e-02,-2.485897291660550124e-01,7.300102596852556247e-02
