4.966640422508964044e-03,1.048342606470422343e-02,-1.270139250665853689e-02,2.832806946572981668e-02,3.397088236205843964e-02,-1.367671843878853766e-01,3.462319561644103261e-02,-7.077267421247039614e-02,3.763678238802044551e-01,1.253951565906148147e-01,3.261054272536089149e-01,7.847418122758571535e-01,1.660158971957416962e-01,7.795081012658848507e-02,1.615359896476647183e-01,1.277479166202249439e-01,1.633270912626114471e-02,-8.476493567173432053e-02,-2.193949628534076768e-02,6.753692233985275628e-02,5.937619107738053431e-02,1.830861186821175490e-02,-1.776510468497465673e-03,2.714571542921967798e-02,-1.131390593647142208e-02,2.269363215694859045e-03,-3.019971038124952614e-03,2.088617882142354901e-03,-8.924944024742971320e-04,-4.321484692204217945e-06
2.477396656006244750e-03,2.566728545535728679e-04,-1.286961753276358658e-02,4.183349986569666612e-01,-3.867359844094031551e-01,-2.027509788638175714e-01,-7.916072770806026337e-01,-4.892114434678487139e-02,8.168186010843210901e-03,6.131649966723569378e-02,-3.338280273087326083e-02,-3.822548711044541653e-03,7.406539320568385383e-03,2.704110655636708573e-03,-8.946756222492276492e-03,3.807943440533277657e-03,3.215876094087668537e-04,1.007476001959166107e-03,-1.051013288754756598e-03,5.595045045462103146e-04,-4.150956654680644248e-04,-2.600471037695578462e-04,-3.925670026946047905e-05,2.299312250044628202e-04,-5.542058426851707723e-04,7.143545883777201871e-04,8.180153668302180643e-05,3.071261635728060840e-04,-1.954760537583548471e-04,3.293307104752842018e-05
3.446143127387173849e-02,7.143653230762303519e-02,-7.029597252673813745e-02,2.833925075364946977e-01,3.351478745585016461e-01,-8.467969579329855945e-01,1.942074301760879085e-01,5.977676530718521730e-02,-1.619809703475914575e-01,-5.552928076837356647e-02,1.294057093668113216e-02,-8.280010968472122090e-02,-2.157898277281657118e-02,-6.818203776742364983e-03,-1.133013101508772991e-02,-1.677891565598624291e-02,-9.640568863427014315e-03,1.296046645187110165e-02,8.746848774780130236e-04,-9.508164527408940678e-03,-1.038166453138092762e-02,-5.757552447335804666e-03,1.236880986342362484e-04,-3.929505886038548758e-03,1.093571593465344138e-03,1.205069666225763486e-04,9.031224589761134266e-04,-2.592910717946309311e-04,3.757152724660799072e-04,1.445089887548138975e-04
5.036699210611078614e-01,8.576981469416028458e-01,6.424486149614103137e-02,-3.268648665536059289e-02,-4.891758821056362005e-02,5.471854760889512115e-02,-6.189880335956176108e-03,-2.333721753240169863e-03,5.295006027224745566e-03,3.979245534005861193e-04,-3.493910764024901749e-03,-1.735990152491319240e-03,9.363401228233375162e-05,-2.601985069767046542e-04,-4.982505599894220157e-04,-1.388773588114807227e-04,2.784110691922467686e-04,-3.927376865818046755e-06,9.167757837966556886e-05,-7.567190685709125283e-05,8.694210711844815366e-05,1.324292698668330518e-04,-1.703597550179273559e-05,1.082021830225406062e-05,3.880540644779187132e-05,-4.386622669963447066e-06,-2.312880009011745601e-05,-4.734629980413845335e-06,-1.242538488234636837e-05,-5.499418796035534111e-06
3.819037897243626076e-06,-1.945229561226104184e-05,3.409648833417267341e-05,2.719016424985989315e-04,5.845518711887850603e-04,-7.372225261414861700e-05,1.348592982644014355e-03,2.302981553513174916e-03,-9.360851868506421189e-03,-2.130221583489072881e-03,-2.673187431968421929e-02,-4.213913316066059817e-02,8.995489759545736812e-04,2.493579778814995415e-02,1.613342930224460903e-02,2.686645900681232102e-01,-1.071113724664864292e-01,-2.996791017547697500e-01,-1.741822650497824587e-01,-1.291099122373453867e-01,1.121994476049289896e-01,8.689660306463772854e-02,-1.913984140214932683e-01,-5.672939507546216342e-01,5.383586323693875242e-01,3.083313459426973990e-01,-5.716036235653629977e-02,-5.830578616104289437e-03,9.260298683562302735e-02,-2.620746573972660212e-02
4.255838916864719280e-05,3.335672931266968789e-05,1.266398866175581306e-04,2.745746018352265751e-03,3.407444652597037965e-03,-4.678174536801815134e-04,1.110576998798032617e-03,1.353962786797562913e-02,-6.210770357289240734e-02,-2.216220669991329426e-02,-9.473015498505590881e-02,-8.793901041846126365e-02,8.855857551212563405e-02,-2.722143476196776934e-02,9.183722228903540286e-02,1.578133701505908260e-01,1.903308501814186815e-01,-2.462462154052977026e-01,-6.943840209147174314e-02,-8.394817536291765414e-02,6.831779791112341238e-01,3.988956982729934819e-01,-2.220847966421425346e-01,3.115176934941965570e-01,-1.921769722839032080e-01,-2.582832919457056162e-02,-1.245732486284272800e-01,4.891890251807771983e-02,5.246081979559539046e-03,-1.823864060474332180e-02
8.062201643393747798e-05,9.129012939940891439e-05,3.220778517777002250e-04,2.778146844987115002e-03,3.400470992027237321e-03,1.111681655347032715e-03,1.316255342901946537e-03,1.680406571319562406e-02,-8.398144900558543458e-02,-1.827970811463621240e-02,-1.985029425749353094e-01,3.725860192182930269e-02,-2.474285081707798262e-01,6.696663840607576523e-02,1.493328369562595126e-01,8.870300126833099985e-02,4.037846361357227964e-01,-3.744645683720517759e-01,3.139114381474682886e-02,6.172816980930885267e-01,-2.000917182835406927e-01,-5.488497436465373386e-02,7.460465192585005734e-02,2.323592475533552970e-01,1.952058316411512950e-01,1.656812264097000664e-01,-4.058806161967565967e-02,-1.106076188290193787e-02,-9.293539419016390996e-03,1.836913970375987290e-02
4.679474430823986494e-05,6.245868858316188862e-05,3.414735532615564162e-05,9.435124782402424127e-04,1.445791428876675149e-03,-2.105993596270309617e-04,1.279161163434807368e-03,7.396509784738609927e-03,-2.090367553133625281e-02,-9.975109209731672366e-03,-5.608029706448414142e-02,-4.314088851592997459e-02,-4.248588207763027980e-02,2.453612708110020427e-02,6.223837784883253649e-02,2.905692600690765182e-01,6.190997995500743811e-02,-3.046692393011618191e-02,6.223333358654897784e-02,3.469645041956119780e-01,9.502560904453730140e-02,5.002355644447083194e-02,1.345543556029666354e-01,-6.198256250529141642e-01,-4.770931403124902825e-01,-3.566511073795678999e-01,6.513622700950287558e-02,2.126452309142096153e-02,-1.268916364421935478e-02,-3.425933487829738167e-02
8.376447803047251567e-06,-6.793888636700159279e-07,2.056774947398697345e-04,8.424238812146986723e-04,1.139985805312149257e-03,8.294325443098609469e-06,9.593450636714150482e-04,8.915780390391831595e-03,-1.624089207571356025e-02,-1.434196726299730639e-03,-4.851925987524920159e-02,-3.530608499508198356e-02,7.472328213933596142e-02,3.283737569927182576e-01,9.447879179551132989e-02,1.347650273453409875e-01,1.852119515828717228e-02,-3.044566794476919469e-01,7.924083452407900685e-01,-3.317740821454682743e-01,-9.394534867500135833e-02,-3.222539147288247530e-02,4.336866275470340620e-02,1.911869322321419623e-02,4.145967701898040092e-02,-9.980201956024145615e-02,1.920862534712519318e-02,1.665749367744906104e-02,-8.040633768458115005e-03,5.232865999933207155e-03
-2.318964143880122502e-06,-1.557728641997190074e-05,5.698035480820371856e-05,1.824174719522946670e-04,3.233682718721812735e-04,3.195035489841353393e-04,-8.635016977426755930e-05,2.941328901513063417e-03,-8.520539068214526626e-03,-3.459838446147357575e-03,-1.652014687776471452e-02,-1.498828468453985985e-02,8.616665184674649619e-03,-1.646790567280145574e-03,1.866953341533427249e-02,2.985317238320853508e-02,5.436239361854388469e-02,-7.500416025727241198e-02,-4.919891882324299581e-02,-2.968171472886486570e-02,2.066585837468863651e-01,-1.583635820830694985e-01,-5.533589504169537064e-03,4.542297866818664070e-02,5.736375880715467723e-02,1.365160173807074013e-03,8.263682559167913055e-01,-4.620678644825680359e-01,-7.901849476764535862e-02,1.019880142514809768e-01
3.193491769098626490e-04,-5.814746209858064063e-04,5.648297831202662295e-03,3.298680870917771076e-03,3.801599632050873569e-03,-2.833610315323215750e-03,-1.167054851813814631e-02,8.520134722109923286e-02,8.231218533423458050e-02,-3.359951461698182373e-02,-1.383720399951223201e-01,-1.020673125320642194e-01,-9.469435187891268868e-02,-4.230731084068138637e-02,9.123666839032378295e-01,-5.989477726866274110e-02,-2.924134723633030064e-01,1.310804812511084105e-01,-2.966574766930448956e-02,-1.488837120578794491e-02,-2.781084296573357092e-03,-3.905996461893239402e-02,-4.000504263890958256e-02,1.878648289488832335e-02,-1.050048530383721618e-02,2.713921686432593100e-02,-3.620936076755938357e-03,-3.030740415319854112e-03,5.745272073109326046e-05,1.294075565883387284e-02
-5.068965235731296689e-05,9.304079329047900511e-05,6.723575977887414137e-03,3.048236153370856988e-02,-2.993917799762255832e-02,-6.978529702543374846e-03,6.870171216567977357e-02,5.535136336392054712e-01,4.088707782995153889e-02,8.116645878814471304e-01,-1.480511374723177953e-01,-3.417335990289047803e-02,2.147076499938458186e-02,-9.611410913510653325e-03,-5.180647513405136489e-02,3.675754091087699710e-03,-2.837794795574586498e-03,1.038056601188503021e-02,-3.046980576386320964e-03,-1.329557686945260098e-03,-7.233798655675836593e-04,-1.786235396889486937e-03,-2.483576047257986946e-03,1.919166239845877028e-03,-4.639600733345176052e-03,3.186839199220280801e-03,5.703028818513628364e-04,1.188848849786382049e-03,-6.177659134669757175e-04,3.849931368593183982e-04
2.311993526188698984e-03,-2.988974678859224621e-03,4.110954565343429706e-02,4.365593894486013288e-02,4.770654614953093869e-02,7.396643468057206849e-02,-1.140189727271271602e-01,8.139189703511570118e-01,6.776653175034688670e-02,-5.313849174762627081e-01,9.651215637072299569e-02,1.032233157996565731e-01,3.212731664715342411e-02,1.022607461913723620e-02,-6.840141721133673192e-02,1.001700673191921465e-02,7.575105697749814036e-03,-1.384002224289130299e-02,-1.641133095583108183e-03,7.651433990839845954e-03,-3.429890048432920977e-03,-2.873865058425114759e-04,7.366341238809287440e-04,9.051373958189190951e-05,4.694868298144278624e-04,1.587173095294820094e-03,5.747134328235641238e-04,1.797683917780251760e-03,4.145532464578476875e-04,-1.330200067116761066e-03
5.819222121819688648e-02,-9.764419227116213906e-02,9.808582772331987387e-01,1.284190435205251057e-01,7.284447041168108650e-02,-1.483033655741212813e-02,2.458596199469416377e-02,-4.508008642729079141e-02,4.524985446389900336e-03,1.743556393929597548e-02,-2.216101403577186262e-03,-2.116365431453332089e-03,-7.373554712433440196e-04,-2.142822427914037276e-04,-2.458458382377380364e-03,2.975094479962612975e-05,1.088198460740350893e-03,-2.453986742110070892e-04,1.377939255688313629e-04,-1.391675795412625725e-04,1.783833226262445163e-04,1.724951576824935485e-04,1.595589318801550927e-04,-7.556915132181072118e-05,-7.489898841363014172e-06,-2.221400699303434823e-04,2.554018222736640514e-05,-4.087935025688458474e-05,5.653614906996490887e-07,-2.553856822745515886e-05
-8.915058473923167463e-07,-2.905563361174774815e-06,3.936599449488357251e-05,-1.092880292112244813e-05,-4.433645385475247643e-05,7.606881678460042178e-05,-3.087780889403387674e-04,1.732542571342108500e-03,-1.030191684786717961e-03,7.176757610459785991e-04,-3.630489048296119906e-03,-5.027537323564977220e-03,2.741053746446891950e-03,-2.334050442868980477e-03,1.194119219168195481e-02,3.054737794835872544e-02,-9.600127751538442555e-03,-2.502704934094733200e-02,-4.048511912322125955e-02,-2.331519819935853194e-02,-5.370061755051616648e-02,5.037741371180894101e-02,1.295981394920056595e-01,8.633696545366982555e-02,1.975037575330905112e-03,-1.483524414294755400e-01,-3.421344858853068993e-02,-2.841934193136294029e-01,9.058351215844145932e-01,-2.044738168291822533e-01
6.104801387777213326e-06,1.335231327242463192e-05,2.169326278816735229e-04,8.629533485703110322e-04,8.650598902587402616e-04,-3.428442244156016880e-04,-6.366789584385586665e-04,8.535857477942117300e-03,-2.058147226908613181e-02,-3.953375215535216702e-03,-4.169262036071461064e-02,3.300334447165534368e-02,4.491768800629596103e-02,-4.534307616055483631e-02,9.715999311039029418e-02,-1.196522375755354473e-01,2.448490548743117168e-01,9.805810263286877937e-02,-1.194345998911903843e-02,-1.798104761289180675e-01,1.321037814157836054e-01,2.884923109225343563e-01,8.123780848171421320e-01,-1.142263103568496585e-01,7.766825995407444783e-02,2.551305466584418702e-01,5.331490786100806512e-02,9.361321455023922933e-02,-1.520005183365387251e-02,1.007035236793180216e-01
8.120666160246973721e-06,2.374888774958683468e-05,3.441928919538484550e-04,8.001622665543580001e-04,9.911354239141355413e-04,-4.654041796976664063e-04,-1.364856651008301749e-03,1.343557674728004976e-02,-3.194632265148155542e-02,-6.485826806826564851e-03,-1.116203667542309680e-01,1.336762983606369082e-01,-1.607307982433435201e-01,3.967302616368333090e-02,1.608021594674130250e-01,-1.939579113036954128e-01,6.660911794070404346e-01,1.488870677593053318e-02,-2.053035335144526852e-01,-4.361344488894506877e-01,-1.953086944803090474e-01,-8.528576523984117419e-02,-2.730144144700323849e-01,-1.894804785765707711e-01,-9.462961836095765134e-02,-1.507116582275781769e-01,4.049418342256314030e-02,9.672005297237935839e-02,5.184667329746894815e-02,8.187319480531533161e-03
3.285340773043032352e-06,1.024759295707214234e-05,8.829317874942153117e-05,1.825541012396538138e-04,2.534439921635484277e-04,-4.048295823932148135e-04,-2.753946084017714941e-04,3.942875537671324329e-03,-3.441404349191026692e-03,-1.658823022967961542e-03,-1.216769280619138700e-02,1.388982588986368248e-02,-1.311926030107001678e-02,1.069758247133801351e-03,2.295199612632401256e-02,4.472431999917339529e-02,1.061814653803834774e-01,6.991853704495204491e-02,1.557982838264692325e-03,-8.346085960395550896e-02,-2.830661249857478398e-02,2.061301090968568894e-02,5.361587484213259369e-02,-5.619859028963357372e-02,-2.587906145739939448e-02,-7.801432731009422770e-03,-4.759731009438953886e-01,-8.147963337335335510e-01,-2.713633709275735106e-01,4.154200028601955086e-02
-1.594868053643332129e-06,7.884802435254258037e-06,1.374813033967698728e-04,1.550776172340145431e-04,9.379621079060027392e-05,-6.050431248555285723e-04,-4.324916232467814034e-04,6.158530037211414239e-03,-3.078147658033126080e-03,2.026051358458112218e-03,-9.353643048161853005e-03,-1.053453960933177329e-02,2.678702063122884516e-02,1.013311924735891545e-01,2.898214422803049167e-02,-5.064834116341740411e-02,-1.058435256778004173e-02,4.733081576583084149e-02,-1.202312064245811135e-01,5.889205802981940102e-02,3.670811946319296054e-02,1.957977549511075166e-01,1.118998319926936824e-01,6.489168158955427312e-02,5.498292741726044097e-01,-7.644566601562227115e-01,-4.942899859992032179e-03,4.124560747962315727e-02,-1.384916448570323311e-01,3.246629783629483706e-02
-3.156571883362616502e-08,-5.298852055860453795e-07,3.727541667591883698e-05,7.037938458214221271e-05,9.165991383337043655e-05,-1.541696061180067041e-04,-1.698609558121584823e-04,1.612982644614282092e-03,-2.210264773058408065e-03,-3.509492592408933366e-05,-7.276873641336188692e-03,2.361693740489972503e-03,-4.129177964182806121e-04,-7.621749745282149074e-03,2.560759273026897223e-02,-1.603662182046219908e-02,4.784382801752774805e-02,2.916319942868839544e-03,-1.085578270156018973e-02,-3.427091255087893334e-02,5.521762297338737163e-02,-8.707465119777418883e-02,9.461304672499630530e-02,1.721560882458200367e-02,4.371770619269178815e-02,2.515219761428645270e-02,5.827792028661008678e-02,-9.640840718280329225e-04,-2.184810913995677839e-01,-9.601139306630062098e-01
7.133628075444728087e-03,1.150862120803739300e-03,-2.065146632882374628e-02,5.068921845383293073e-02,5.833166001440252130e-02,-9.124988734600465723e-02,4.738193969104848025e-02,-6.237018813872999279e-02,8.446989132010976897e-01,-1.015129246901825960e-01,-4.345160955534548286e-01,-1.975281101584834276e-01,-1.682735172495046765e-03,-4.319316462908505405e-02,-1.502243554283929916e-01,-2.707837869992373372e-02,4.135998827069314876e-02,-9.063453350420339408e-03,1.552103376855307540e-02,-4.855559679468765717e-03,-4.490278056824946983e-03,1.224577579936345778e-02,3.429106369205989907e-03,-1.189309718982921966e-03,4.975363307798998103e-03,-2.834822194890106520e-03,6.532368265810412078e-04,-7.637719397722551352e-04,-3.850655782651662474e-04,-1.174896051960589620e-03
3.356825931374074999e-03,-8.777299605469201377e-03,-5.357357960104116440e-02,6.265898094148503183e-01,-5.279934311774499012e-01,1.376554307154298773e-01,5.460823559530459947e-01,6.289058165120265699e-03,-8.658836277627974046e-03,-8.448827531616179276e-02,3.271943614230606728e-02,3.954384654889440444e-03,-7.384709352073035374e-03,-9.553614258321086730e-04,9.505191058883690966e-03,-2.394111708358034104e-03,1.593046155725214279e-04,-1.291487286598465463e-03,9.712858896141337781e-04,-2.726633785090253666e-04,6.452060157471656721e-04,3.040921814123323150e-04,6.071886255021821828e-05,-3.808933797189986356e-04,6.049207637514648515e-04,-6.099080123644131388e-04,-6.144121193944694615e-05,-2.944596765245085677e-04,1.770453266367638299e-04,-4.638019671975647821e-05
4.974197886482582126e-02,1.112874086499676327e-02,-1.210419912789111319e-01,5.714843576598217512e-01,6.655723876276425921e-01,4.315722847588082112e-01,-1.226903387477111529e-01,-7.310637623508048355e-02,-1.022592486030236142e-02,7.439356632263433022e-02,2.667217297575037727e-02,2.970726981746013400e-03,-6.845878666937818026e-03,2.830383958355974124e-03,9.978506572951167247e-03,1.030117044076342935e-03,-1.080836878986153235e-04,-3.174115403671231320e-05,-8.618487606916003328e-04,-4.755001794083830720e-04,1.314260443531844102e-03,-8.010158651674161164e-05,2.480554745743495542e-04,-1.128917989783999071e-04,-1.429592481165453059e-04,-2.974947410310921012e-04,-1.467613793533041405e-04,-9.237753020728977531e-05,-3.504387697298223288e-05,9.706117140266454755e-05
8.597499366100304075e-01,-4.993944339421017009e-01,-9.382641996519727745e-02,-3.832334480666464704e-02,-2.585414143645117790e-02,-2.068825333892180054e-02,1.141996183042122848e-03,5.109851213485201195e-03,-5.621296035493322275e-03,-1.702416973356523635e-03,1.820437959388840560e-03,1.056129390942798152e-03,2.453751418664872953e-04,1.704125289903652861e-04,4.757529789421997314e-04,1.017554745415939988e-04,-2.182321813719544632e-04,5.625706008212220683e-05,-5.041414742519283068e-05,4.153832733422314352e-05,-3.268498383932224010e-05,-6.566253184148954525e-05,-2.334031527956730880e-05,5.331530703241477022e-06,-2.205860023905647480e-05,2.647477242687756077e-05,3.587895415159076259e-07,7.573460329592060761e-06,2.289040694522218726e-06,3.802784870095994879e-06
6.501130884512473685e-06,-6.749999493081844902e-05,-1.594423431210822289e-04,6.471233533570209346e-04,6.053891139915181701e-04,2.163755197589841469e-03,3.631515556987843958e-03,-3.015745108901574621e-03,-1.386012791159374827e-02,-1.001417566745266274e-02,-4.666460216108838516e-02,-5.952792865794361010e-02,2.407942130521417701e-02,1.428968583282642056e-02,1.923767363050678117e-03,4.580902407360686879e-01,-1.849312974680852595e-01,-3.869713017027760493e-01,-4.319766088928935210e-01,-3.056055125241466386e-01,-3.694676848829671068e-01,-2.282537514056501293e-02,2.346851149692947280e-01,2.286746567196472069e-01,-2.133906005583408316e-01,-1.000990834925289258e-01,2.435091986737300887e-02,4.664629238682825585e-02,-1.268334006051459462e-01,2.391438305022014488e-02
1.066296267738521373e-04,-1.577321639431704273e-04,-1.066210511672835773e-03,9.969910962229917503e-03,9.468608994662954317e-03,1.333829096183500665e-02,1.194595202844435725e-02,-1.907195199542397607e-02,-1.765116783958120550e-01,-5.882522340977149045e-02,-3.512345660003240999e-01,9.589267942266939404e-02,8.110467890942308911e-01,-3.279807305304511256e-01,7.024864003983941063e-02,-3.724069189671962848e-02,7.966645202709930762e-02,-3.158088439381679519e-02,4.079796245598239085e-02,9.132891481724321470e-02,-1.842252876485665214e-01,-2.006856095696750442e-03,-7.549528286276639688e-02,-4.040415455134861722e-02,2.905941774960663429e-02,-1.251000227364681798e-02,1.890025980103900161e-02,-1.438192796471228149e-02,-3.559626595026119718e-03,-7.435033706153558117e-03
1.689792147682851427e-04,-3.811870651844351824e-05,-1.033949024170118967e-03,9.932378423820031541e-03,1.009170944106988106e-02,1.474742552361952078e-02,1.254865706672609292e-02,-1.534337636485813214e-02,-2.409915511315353087e-01,-7.836439571172561236e-02,-6.541451171914303142e-01,5.131637884312069131e-01,-3.075108094193365615e-01,5.430617102104340344e-02,-1.566242195974982543e-01,-7.635620321949281031e-02,-3.071967770749117754e-01,3.226399623270553851e-02,1.375567358773482213e-02,-8.249166786226051762e-02,9.630435616043216129e-02,4.240533788915065022e-02,1.579050217358534888e-02,-1.178870819892073422e-02,-3.824559760068096947e-02,-1.618870585872678527e-02,4.488162691493982268e-03,-1.342752933904627598e-02,-4.044696574767898609e-03,-6.794644201072933334e-03
7.109518701245204266e-05,2.471666289546453553e-05,-3.845792979520339409e-04,2.400255130014661807e-03,2.965950104421979927e-03,2.108568017535917063e-03,5.737535715824343581e-03,-2.389235218222523788e-03,-3.697659930411120038e-02,-2.609703789550715108e-02,-1.133074329830183052e-01,2.300476608221119559e-02,-1.784747187832165516e-02,2.639979379746743016e-02,1.445635332190912383e-03,6.945414963780830453e-01,1.989283185625734807e-01,6.239348703449364431e-01,8.474760708177817015e-02,-2.957224340764155746e-02,-3.178671126426210313e-03,-5.616865521112876514e-02,-5.259700331092815456e-02,1.452957868829444776e-01,1.538443744912992017e-01,7.702617685441215389e-02,3.401672557062399016e-02,7.243680283645492768e-02,3.318094782947955679e-02,6.935656081308879013e-03
1.600955099048140894e-05,-9.868398300891976442e-05,-3.679930857308910262e-04,2.364057745277908101e-03,2.482732320651531450e-03,3.480331789015483727e-03,8.943647400587145802e-03,-6.754939725306369387e-03,-2.843297683112930296e-02,-1.910666468124578438e-02,-1.138031385467201534e-01,-7.661683583383654961e-02,3.119105816104276729e-01,8.651977478488156459e-01,7.189301988234411342e-03,-1.135921187648831487e-01,-1.209006497798810129e-02,1.273221943868615980e-01,-2.625188183284820620e-01,1.085651308446586721e-01,2.383813970475455110e-02,-2.348578974427094693e-02,-7.370923898481039280e-03,-9.820679824858499773e-03,-7.802451906606304444e-02,1.264392544776751226e-01,-9.929716665410506099e-03,-1.229354901748602735e-02,1.821050369219874218e-02,-7.685143914567172177e-03
2.525167024183424776e-06,-4.832658413206693292e-05,-8.629271639098122504e-05,9.025268649686500480e-04,9.257406762325840182e-04,1.590929606167189835e-03,1.379995557391120202e-03,-4.285933428845365811e-04,-1.958833692253566378e-02,-9.682064540489259893e-03,-5.276754670433992517e-02,-4.534051495951866260e-03,7.436626530664124102e-02,-4.213622643336818047e-02,5.405649468394955852e-03,2.142065575886271944e-02,4.953977335930125070e-02,-1.013555126036258386e-01,-7.048582839652879628e-02,-5.523372415059404905e-02,4.152428394649229637e-01,-8.088502647421762504e-01,2.176128270491980710e-01,8.903718825381998561e-03,6.881708538550987408e-02,-1.078369679038328754e-01,-2.328012557562926521e-01,1.037047387714992441e-01,5.729541199812619029e-02,9.732840718354601739e-02
