5.073773864193105269e-03,-1.010711143713033042e-02,8.418184329605372940e-03,3.368567635956543072e-02,3.237603003998090062e-02,1.397468602523626591e-01,-9.782083203963221757e-03,-8.229399816411459012e-02,3.655187141703072351e-01,7.060012294480350059e-02,-3.581991776027456109e-01,-7.400593592799459275e-01,2.828136776707763089e-01,-1.139352078295017001e-01,-1.324576391127692543e-01,-1.619535050399762421e-01,-5.736980881282484346e-02,-6.085822990035152230e-02,-2.486781043550018860e-02,-8.532202238289224305e-02,5.905525377023732730e-02,6.788125237873174171e-03,-3.391293709146855472e-03,-3.669945791277594294e-02,4.296779177278100322e-04,-7.044978317700535501e-03,2.175986934548246061e-03,-1.461073836540584215e-03,-7.536200197095764899e-03,-9.141213312638713125e-04
2.292183088220822295e-03,2.102310966900617761e-03,4.804984607426428592e-03,3.483553259375657962e-01,-4.605056091236611193e-01,1.211582918322826607e-01,8.017715533968889918e-01,-2.107662691103238950e-02,6.598549155823637408e-03,8.635119995954078365e-02,3.120165802197511981e-02,7.398412907242925794e-03,2.698508537617670070e-03,-1.474594126020364144e-03,6.175843365520955822e-03,-2.917078498590262858e-03,1.362254258752772056e-03,-1.879502403963001576e-04,-1.148036326983706669e-03,4.291803054126881213e-04,-7.155076403308235130e-04,3.620586866312702420e-04,3.800631212418728068e-04,9.204133107152939872e-05,-7.081973019921719743e-04,2.294455203688673499e-04,-3.019469376857054549e-05,-7.716072566806467356e-05,1.206236254205396508e-05,4.144595695706747605e-05
3.489675802723370829e-02,-6.995747593108357643e-02,3.745950083472254083e-02,3.326536878946566023e-01,2.845668023863744400e-01,8.645076075836776175e-01,-1.010819987781096801e-01,1.114076265009288635e-01,-1.280967074817053186e-01,-7.145122003357372298e-02,6.687055879007479560e-03,8.282107493440681034e-02,-3.460375145383437490e-02,8.097048451729881718e-03,6.792692608902646534e-03,2.399042616510112941e-02,1.264944881040330413e-02,9.640735917510367264e-03,1.663030896752531627e-03,1.198634414146064649e-02,-1.091655955453114252e-02,6.007033786611797347e-04,3.357083184724597128e-04,4.711166932700325098e-03,-2.462313341984477999e-04,1.000829574982091408e-03,-3.300436436958122804e-04,3.721119785686824682e-04,4.940635791321091198e-04,-2.039365504770076663e-04
5.059007898507833501e-01,-8.582693272091627135e-01,-4.685157747136848823e-04,-4.462093848554855857e-02,-4.786806920933630444e-02,-5.567671014196506896e-02,6.700241231254730001e-04,-5.668521852917050505e-03,3.388041353689396837e-03,1.381180648589901703e-03,2.639892773015902177e-03,1.433158038104000772e-03,-1.934216848963869902e-04,4.851159902456632931e-04,5.739449725022512062e-04,5.167474910565963097e-05,-1.440533656832579509e-04,-1.241858998735573879e-05,8.081446558996354464e-05,1.196436561762073567e-04,1.024263080268721955e-04,-7.536596253105706323e-05,3.229656340501565169e-05,3.093188794442973427e-05,1.444268597773603190e-05,1.491003196222872439e-05,7.912097416226287359e-07,-1.263110826764761227e-05,3.187346539444159670e-05,1.207264147386305566e-05
5.518199243054705478e-06,6.536703680652851739e-06,-1.673583065122406571e-04,4.567908364926233193e-04,5.126960231112738390e-04,7.848912437313105693e-05,-1.847777204019277700e-03,2.646509253450080382e-03,-8.561124512958682292e-03,-2.875110230857525536e-03,2.947029374069976698e-02,4.997425080127906177e-02,5.337317254387281482e-03,-2.653429711070682401e-02,-8.436473629725682599e-02,-2.264357936407868643e-01,9.583860486796046130e-02,-2.968437253986968005e-01,-2.393500838798440500e-01,9.938501713695979678e-03,1.624358461231465156e-01,-1.286152323869897522e-02,1.711298455514533301e-01,6.639395355813100252e-01,2.093172349270145394e-01,4.781359431710637820e-01,1.360461667412500575e-02,8.962185990859332374e-02,1.774452070942060186e-02,7.154241717693808622e-02
3.815669901210133342e-05,-5.477463103963187249e-05,-3.935282559187291106e-04,3.222971916240458760e-03,2.151488677151457314e-03,-1.061235702450366157e-04,-2.356540546824729444e-03,1.433931237937872451e-02,-6.327673208839725005e-02,-1.593387182145444142e-02,1.147943726763926559e-01,1.018051742383751374e-01,7.769418982106338079e-02,3.902180048796250605e-02,-9.708657033721920793e-02,-1.775048187260673815e-01,-1.865964561585082560e-01,-2.360495186247084931e-01,-1.488633211663803468e-01,5.045529713710026481e-02,7.809635632271108019e-01,-1.349403521802723938e-01,1.563014032022000122e-01,-3.421247790759989749e-01,-1.155694992610508121e-01,-1.164258683672932948e-01,9.007497996983374056e-03,-8.410475955521039618e-03,-2.296153271767633133e-02,1.051399369344155343e-01
7.822572318534662644e-05,-1.319817446463587168e-04,-6.832788246021484447e-04,3.434947699242818855e-03,1.847990476048488265e-03,-2.641863365169704742e-03,-2.819439895237741550e-03,1.429960369536208489e-02,-8.275421677393367259e-02,-1.354918651143239769e-02,1.888378149821157703e-01,-3.602032194885108896e-02,-2.433194931164338048e-01,-1.321316873248884471e-01,-9.877331563794590485e-02,-1.784673851363439978e-01,-3.947890904737476614e-01,-1.110636443710138893e-01,6.689294066713107056e-02,-7.068539241885342106e-01,-1.617018682011936714e-01,3.892635420910007388e-02,1.256102059708904747e-02,-2.306916397379075723e-01,1.345043867817638794e-01,2.556034900252939224e-01,-9.615498498596648661e-04,-1.458880299973711915e-02,2.001411383710874001e-02,1.082455675433230749e-02
4.758685150703874286e-05,-7.702543823486797912e-05,-2.522907512441830303e-04,1.309898293913863828e-03,8.772785510833102773e-04,-1.479766013971855988e-04,-1.764619320136007153e-03,6.999813156544128917e-03,-2.152178029686916197e-02,-6.157635153853938115e-03,5.678216976300371616e-02,5.101691405856329659e-02,-5.071965934388945191e-02,-3.163706288084731227e-02,-8.125221567521290211e-02,-3.118185466126845995e-01,1.726703279941967832e-03,1.634222820506267548e-02,9.121186297088333672e-02,-3.272017326886865751e-01,8.458521638439116253e-02,5.191070672685181749e-03,-2.500237054872998521e-01,4.946769596859571516e-01,-3.198186258757695355e-01,-5.946792214952497657e-01,-1.150218729258729172e-02,-1.544503039535276550e-03,-9.105699544536157569e-03,-4.103476868245665467e-03
7.111741559065333886e-06,7.161635093142317098e-06,-3.985347655072856831e-04,1.126647508810536390e-03,8.538709037670465067e-04,-1.260588384012861643e-03,-1.195302724906310843e-03,5.944834422896795242e-03,-1.657957779379716501e-02,-1.072982796954203254e-02,5.607382020679519546e-02,7.700309828624371522e-02,1.060112588593057209e-01,-3.178798034892586499e-01,-7.604112637274307307e-02,-1.120561375548285998e-01,-7.931604327715600922e-02,-5.466617390113633901e-01,6.588367548381728334e-01,3.017117321638561611e-01,-1.161924109369009972e-01,-2.356713018503624885e-02,-8.306232377786373910e-02,-1.999662690046194805e-02,8.270277595714113639e-02,-3.308804529815400491e-02,-1.393599723999439967e-03,-1.382354673743046818e-02,-1.121622046825563115e-02,-6.024874442835727664e-03
-2.980869929412831355e-06,1.124798565979103591e-05,-9.618436136404136423e-05,2.488953813013197909e-04,1.704978699045790660e-04,-5.140698507393854332e-04,-4.005863488348396792e-04,3.172074358405927753e-03,-8.965142412046616174e-03,-2.282722223120339528e-03,1.925088036065009459e-02,1.693830965854035628e-02,5.697495217801821187e-03,1.918576325802196273e-04,-1.204316394027897877e-02,-2.869719747043092753e-02,-4.896962702904876508e-02,-5.497481612624600250e-02,-5.168211874373842413e-02,2.007610270770317229e-02,1.209499696762709187e-01,2.451637940492124579e-01,1.033723534580383366e-02,1.535663859141791826e-03,3.397635074262034954e-02,3.487845108031274732e-03,1.956449473385094007e-02,7.647899283761680489e-02,-1.570858179504863034e-02,-9.525032249846482335e-01
2.818987771150848376e-04,1.307667988074387758e-04,-8.746812878212514505e-03,3.358656132211114680e-03,1.905969612677480126e-03,-5.958760741646385375e-03,6.480922965638275142e-03,4.751471390187360366e-02,9.421643496020436215e-02,-2.887952755311895200e-02,1.402047906025657986e-01,2.573970342551697849e-02,-1.152996896881419153e-01,-7.023537416299069358e-02,-9.285959886820178699e-01,2.274616306560447443e-01,1.174408953834685521e-01,1.261181186870097282e-01,-1.166425111637747064e-02,6.869342327112669400e-02,-6.345015374966445770e-03,8.605299450844757642e-03,-1.548887124508714283e-02,-7.740809985769557533e-03,-1.062060223577245693e-02,3.734036573120279139e-03,-1.210972344657045181e-02,-3.242657112276190867e-03,-4.401386390331437498e-03,-3.990453428261579553e-03
-7.922979825980275140e-05,-3.099471218078809261e-04,-1.626337898283420139e-02,1.871712372647822351e-02,-4.613020560263385306e-02,-1.199186009738813577e-03,-1.122470722876855731e-01,5.498779977767662697e-01,4.370159464925391091e-02,8.194237372801740360e-01,8.967207629237093636e-02,-5.865120502231883177e-04,1.898099783897349777e-02,-4.286067831371734652e-03,1.842366846158980873e-02,-4.802466123037384127e-03,8.934746364800232044e-03,1.687456389961665545e-03,-7.314310971074361846e-04,3.370277408948406037e-03,-3.235898119106528532e-03,1.758012855768994499e-03,3.164863959412881136e-03,-2.015577520896506651e-03,-4.295916667292926962e-03,7.991439725499415022e-04,-4.228050515780123163e-04,-4.859618208376400238e-04,6.942027168174774374e-04,7.457860594451730862e-04
1.948357234910112800e-03,-1.671360236615170752e-04,-5.880388606234917409e-02,4.811970350220743514e-02,3.019037456481193579e-02,-1.283845249094365537e-01,9.424194307614147670e-02,8.004038663493120431e-01,1.838027152142498455e-01,-5.334096013499327604e-01,-3.049952632976668868e-02,-5.403571742949643542e-02,2.558086148096841428e-02,1.081180805285551771e-02,6.170097227124812789e-02,-1.644605132720199092e-02,-2.187255552685246456e-03,-1.152887411778232181e-02,-2.365102076424499978e-03,-1.101724087072413621e-02,-3.180947618821480544e-03,-1.259291556992024174e-03,1.576387508344867126e-03,-1.275075183628586158e-03,-2.518201603809329855e-05,1.318593168775292418e-03,1.489593399432221884e-03,6.061084369797383690e-04,-2.742339069458600651e-03,6.500756118004512958e-04
4.894834408151559069e-02,2.363895958974292916e-02,-9.917190040514374250e-01,9.057667790451372214e-02,1.703719867218136952e-02,7.357529712745336514e-03,-2.833917388770717388e-02,-6.170744124124723229e-02,-7.746200829793846443e-03,1.720840581024943999e-02,-1.379280337926616466e-03,3.921889865237911175e-04,6.139572806987693941e-04,1.500568633937239755e-04,4.407642592240221951e-03,-9.988891663326952136e-04,-2.548717830819269324e-04,-1.312422887610599866e-04,1.411773060221862229e-04,-4.327631409773149762e-05,1.861952989693783358e-04,5.298653589673638732e-05,1.801035653407345467e-04,7.138729902777132092e-05,4.601902702712109530e-05,-1.079965444900052215e-04,4.148140808575856312e-05,-2.364473447981612492e-05,1.242290085951194140e-04,-3.212338716009943468e-05
-8.010934457362490697e-07,-1.182371553145795269e-06,-7.804849797141465509e-05,-1.730956414162671003e-05,-6.661970022918914673e-05,-1.927569992684565099e-04,-8.871222337615877046e-05,3.972905785613990519e-04,-1.089920523433944273e-03,3.823565384984562582e-04,3.367909928766474412e-03,4.566790853658828780e-03,-3.123914631093857065e-03,1.306233172387440003e-03,-1.127505253347512761e-02,-2.539678276910368321e-02,2.230557769355448906e-03,-3.054516334896598823e-02,-5.396565405070519184e-02,1.521934807346570807e-02,-5.727267223130032281e-02,-4.731524526904149625e-02,-1.147977277158187814e-01,-1.015481194442754281e-01,5.215125690127402069e-02,-8.155716888189414038e-02,9.903465943168895946e-02,9.601274240678268068e-01,1.450876396907652133e-01,6.338019782887936715e-02
3.492757829347293311e-06,-3.043073145949793992e-05,-3.165689869703444638e-04,9.065048809458269539e-04,4.324444616494835421e-04,-7.155901830767433484e-06,-2.382645204371102311e-04,5.927100059317872913e-03,-2.463857943392948682e-02,-2.760548553904298551e-03,4.480176808247818276e-02,-3.029790384906013920e-02,3.679705668991983120e-02,5.019648270936533790e-02,4.533370498657418417e-03,3.775070775495961706e-02,-3.300412107793770922e-01,7.879092578692113713e-02,-8.239574407294246450e-02,1.824130397409808868e-01,1.133566313876972348e-01,-8.969816419442097621e-02,-8.081866927481426988e-01,5.113813489194474204e-02,-1.534254613937963696e-01,3.477754883757257498e-01,-1.027878296226920202e-01,-3.508318253818123317e-02,-5.402571758640010990e-02,-5.221395078608403843e-03
5.746176506063927527e-06,-3.585408326757561382e-05,-5.330489165975836911e-04,8.867714844236810300e-04,5.764573289027850531e-04,-1.015495685484165463e-03,-1.419813270966674412e-04,8.905583492471103729e-03,-3.677153702632578181e-02,-6.308699520801553003e-03,9.873917786549037123e-02,-1.425448726638605113e-01,-1.820724901424898845e-01,-9.589474262163392992e-02,-7.265066700787822448e-03,5.286448788109698871e-02,-7.048772862183857457e-01,4.737404413457876190e-02,-2.156860264289265916e-01,3.702779812458484865e-01,-2.087656026623377348e-01,-2.551246791316913801e-02,3.090119895382264503e-01,1.967767618440700861e-01,-4.559941853633182191e-02,-2.147265642734985935e-01,-2.148729244346636591e-02,3.182859252205671313e-02,-1.092563411278791308e-01,2.235349526057292882e-02
2.857531021931293181e-06,-1.251889387211443533e-05,-1.338190107082770934e-04,2.294084779242525920e-04,2.319608038618850923e-04,1.420617424319370759e-04,2.396831223277051779e-04,3.841794443033777571e-03,-3.776997316994251848e-03,-3.375349763951579658e-03,1.137707306136241485e-02,-1.451137302186019176e-02,-1.904467328953132060e-02,-4.828861450982234460e-03,-1.288629658146157875e-02,-6.827276260189435453e-02,-8.785523047476165304e-02,5.555119050641154493e-02,-1.034221602113216676e-02,8.974746970734212570e-02,1.118007318137062903e-02,-9.245838298001744088e-03,-3.835957608693825894e-03,1.312530201577731537e-02,4.715609571357722019e-02,-3.351740169116698004e-02,-1.192443222614301551e-01,-1.387928415608662980e-01,9.683386734734924506e-01,-2.308771749392980396e-02
-1.641753931878387314e-06,-1.221179716895085421e-05,-2.138536404313935051e-04,1.304073056954736548e-04,2.499351870859575233e-05,5.223864500893120484e-05,2.108193236078666341e-04,4.875064078829133458e-03,-3.325381705296093747e-03,1.282409310083108041e-03,1.239291076507921183e-02,1.686335275122409841e-02,2.959540237627315135e-02,-8.473784939271120087e-02,1.420916777773343145e-02,4.813459426706964694e-02,-3.336177481628399555e-02,8.183495916021588101e-02,-1.080866820470987866e-01,-2.171072508156667025e-02,1.149264080085881795e-01,-1.697686957750972336e-01,-2.374426646689133946e-01,3.538220057649738709e-02,8.594763642019286332e-01,-3.415325837835419542e-01,-1.291882527860185089e-03,-9.153522429255789294e-02,-7.452858539794923742e-02,-6.838619913412050631e-03
-3.154601029957095103e-07,-1.494515745635324780e-06,-6.096301359216145288e-05,7.471448132047799778e-05,3.860777388552539668e-05,-1.875801716322253283e-05,1.365745936915367760e-05,1.217995635390375659e-03,-2.994764266337674157e-03,-8.862018777415194221e-05,7.049141557891751980e-03,-2.482734579647557279e-03,-3.334120385311525620e-03,5.595384403609143624e-03,-1.201804947282573283e-02,4.314740042788857595e-03,-6.429458115816544250e-02,1.103240619692329519e-02,-1.718869016964289995e-02,4.049198613581751066e-02,9.597892143324796704e-03,1.133344709073436235e-01,-9.029174739481800327e-02,1.419310741160731588e-02,-7.097097886922867742e-03,1.084470233041316678e-02,9.730738542803989422e-01,-1.204288720069582042e-01,9.429054921159896185e-02,4.257054226444023648e-02
7.261162219139083440e-03,-5.305845403648956930e-04,1.202751680434724531e-02,6.165757517513167224e-02,5.317124345855556156e-02,7.374409096611390935e-02,-3.931075037012958517e-02,-1.572768479746480264e-01,8.307420020275697592e-01,5.959705222136795974e-03,4.608947912735066876e-01,1.648168606608081121e-01,-5.212210020356825013e-02,7.577785564123312723e-02,1.499223559977213571e-01,1.126505050222416024e-02,-1.354347394156757423e-02,-1.116921374368028477e-02,1.495065463490300589e-02,4.485603324976883410e-03,1.458836689515896775e-04,-6.841632994312422597e-03,1.469458006700872805e-03,4.304508397021563487e-03,2.604562003898051956e-03,1.443366575004468915e-03,1.046887401895704034e-03,6.628705044444982994e-04,2.248187085467431758e-03,3.990373282969338358e-04
3.454569866372823959e-03,1.361280386603656335e-02,5.233453797292221543e-02,5.210295814196921338e-01,-6.252513627729576751e-01,-6.822024668315543328e-02,-5.632434522445768366e-01,-1.938277716828444575e-02,-4.219026013303412911e-03,-1.064370205834492267e-01,-3.092590619407787136e-02,-4.562245025079105822e-03,-3.957558323833709757e-03,4.571716448340068604e-04,-5.607513744182278034e-03,1.863361550925309289e-03,-1.695105696073999357e-03,1.166000712420261690e-04,8.002988021894792995e-04,-1.423964106816310194e-04,9.342346670829776564e-04,-3.165955857182905738e-04,-3.342514670452245251e-04,1.353793083980777789e-04,7.362912475604553456e-04,-1.385634982382085247e-04,3.984834415152651980e-05,7.494352752049800441e-05,-3.410621425133682075e-05,-9.107422492797925297e-05
4.969703519624320970e-02,-9.016344630317616599e-03,7.577954806089158557e-02,6.906956535300234901e-01,5.533905532242130443e-01,-4.333269790666893218e-01,7.386581503214739719e-02,-7.339098394417740978e-02,-3.500579434560922854e-02,8.216887872112581259e-02,-4.073232503669792226e-02,-4.699233754792755784e-03,-7.949914858452236362e-04,-5.267481686868105001e-03,-9.813660765330486577e-03,-6.847908720369196792e-04,-1.895725673827431583e-03,-2.876353496179972791e-05,-1.144793492882228156e-03,-9.681660649086802780e-05,1.037120607861413647e-03,5.555424682464894489e-04,-4.184296689514630722e-04,-1.272553429746892990e-05,-1.951836467511311368e-05,-2.922821498691554340e-04,-1.735084675418750949e-04,-8.149470914684672968e-05,1.639742306511639660e-04,9.416783440215649776e-06
8.590001654261402164e-01,5.074911373842991846e-01,5.064068381712117511e-02,-3.621414181687529488e-02,-1.332908924959167428e-02,2.112061688928944594e-02,1.346456715809082145e-03,6.741059859060463157e-03,-3.868116549975499606e-03,-2.600004848432042014e-03,-1.293193726927526844e-03,-7.614666376234125421e-04,2.798815403096458192e-04,-2.746059112532737165e-04,-6.054529726372471403e-04,-1.340630056648779909e-06,1.178535029227559017e-04,5.145807828507848039e-05,-4.699984575064654059e-05,-3.293865809300738418e-05,-4.851506092182022003e-05,1.594914375836651118e-05,-7.738006533624454023e-06,-2.126660606144762609e-05,-1.501575483671993856e-05,4.340305674916970568e-06,-2.121744513547838416e-06,2.725487320588230237e-06,-1.949809587518867331e-05,-2.680777733587927510e-07
8.794831961839058403e-06,6.565042643262731104e-05,1.050711341429040981e-04,8.609235885116253749e-04,5.344288730853178964e-04,-1.751113323910250940e-03,-3.909110378852030838e-03,-3.308513739110572564e-03,-1.210512152219299191e-02,-7.991208365946026598e-03,5.127389715973180995e-02,7.082550974687980283e-02,4.941474481741964415e-03,-1.056215079321592282e-02,-8.519923046089369900e-02,-3.773439426563645060e-01,2.041962069648705080e-01,-3.860460908452343354e-01,-5.575354407664865342e-01,1.338593897616329464e-01,-4.224271775731033296e-01,-6.092201587281140251e-02,-1.591742657332718691e-01,-2.719735926574417539e-01,-6.099535873947515424e-02,-1.341799746927433423e-01,-9.310090558999537663e-03,-1.360468636774564422e-01,-2.055347559213949876e-02,-2.517981245247678801e-02
9.058029794495068361e-05,9.939574972281408336e-05,1.566090397604950283e-03,1.150704905700789676e-02,5.818947410077501999e-03,-1.007388305854769149e-02,-9.294595489768591248e-03,-7.169601605071919490e-04,-1.873578290473320029e-01,-4.549260216588320999e-02,3.985035649974987826e-01,-6.206191392336678214e-02,7.313953197918416915e-01,4.201270979575037479e-01,-1.008545444688285081e-01,1.964631667171197124e-02,-1.222038515919943447e-01,8.820293171481013300e-03,5.383353281077697672e-02,-9.568021242726332254e-02,-1.790634775386794053e-01,-7.827725852869951706e-02,8.542177021926973535e-02,5.442414129610366469e-02,3.462138872762635100e-02,-1.600523396319077779e-02,1.102581863248969229e-02,2.534886886936219431e-03,7.665429621861739699e-03,-2.557809812704690822e-02
1.600990863363835716e-04,3.033148157901963447e-05,1.463609871953617646e-03,1.248198551909613166e-02,6.526411632227986301e-03,-1.691592205133851667e-02,-9.379315473317816412e-03,3.121423949502815254e-03,-2.492125088338864591e-01,-5.574927182098923795e-02,5.971310273441263750e-01,-5.824546835513028098e-01,-2.762025341510057630e-01,-9.923346292660237267e-02,1.554367452625246282e-01,1.072445636391481799e-01,3.031280297651198774e-01,-5.868124397358500527e-02,4.920871714389298858e-03,8.490576783215809942e-02,1.000128417095905720e-01,-1.069104431338545151e-02,-5.086091993224308577e-02,1.067022997527309301e-02,-2.455540041154498712e-02,-2.120857586515007692e-02,6.365486662965573125e-03,-1.032938015920139728e-03,9.208146311056042421e-03,-4.969994551869064484e-03
7.237325870809489749e-05,-1.786176070428151182e-05,3.925372407618558587e-04,3.188796219340122706e-03,2.484030749300351719e-03,-2.388710275323069083e-03,-3.687639991012168095e-03,3.431074809099494537e-03,-3.999673305709273985e-02,-1.852453852471488971e-02,1.172112528335782083e-01,1.349076022505607889e-03,-2.966393113749776766e-02,-3.180419255785121857e-02,-5.844708783367213306e-02,-7.190257770749637345e-01,5.645720967436572424e-02,5.505146956945926595e-01,1.975750875276831575e-01,2.472589466865655061e-01,-1.156482879275602151e-02,3.662570334776015478e-03,7.511723635391946707e-02,-1.032300764840142770e-01,9.607251406389855086e-02,1.422661620948913186e-01,1.178688515023603584e-02,2.232784750591225442e-02,-9.448694329425648408e-02,-7.473491260761950736e-03
2.041998204171265765e-05,1.155750823576655588e-04,6.603481356598085283e-04,3.201432588408743320e-03,2.148096321432671658e-03,-4.944148878392397653e-03,-6.993009288165043594e-03,-4.221854516191586582e-03,-2.610934247924636548e-02,-3.005259436820445842e-02,1.533033766967683842e-01,1.473869729495625724e-01,4.120607727658887609e-01,-8.032055355142958541e-01,9.301007388394449960e-02,1.090621315687111820e-01,3.857567386495706907e-02,2.111194065923988894e-01,-2.135927169034337880e-01,-8.014370189743244555e-02,1.812033617555549453e-02,3.245259758544410955e-02,2.545423645586837591e-02,2.346114100365444093e-03,-1.224171738565495715e-01,4.298050423475763271e-02,2.057576255843884469e-03,1.364607988641549328e-02,1.977837738982142837e-02,7.139306157905551259e-03
4.018025680565388762e-07,4.224880686543693779e-05,9.641034583644970827e-05,1.076213658881117544e-03,5.005102576903334988e-04,-1.778438071206947697e-03,-1.471178493182824509e-03,1.334532461830349173e-03,-2.313882800479784979e-02,-8.093701025878070540e-03,5.666229915701243708e-02,4.654114645673639548e-03,7.048179735181087091e-02,5.300512274710704463e-02,-1.047111986254538156e-02,-2.739078327516919140e-02,-4.454937753295906688e-02,-4.751080595510200760e-02,-5.742072822767987916e-02,6.560569518497424979e-02,6.706301449955652527e-02,9.249559842960097811e-01,-9.193636270192376281e-02,-3.707144102407879116e-02,1.235762056224197214e-01,-7.272355803083954684e-02,-1.293846470366968315e-01,1.389884759381243909e-02,-1.721137806741446577e-02,2.608079491744393352e-01
