4.965676090653351610e-03,1.072344669091688033e-02,-1.239892461243859677e-02,-2.008537323860344614e-02,-4.099185882920356599e-02,-1.318412547920243261e-01,2.091040230648667092e-02,-3.635170933933103143e-02,3.713739765604947562e-01,1.311302896672360274e-01,-3.977638247400598348e-01,7.576014550193989061e-01,1.839552232808348564e-01,-1.512517425111739111e-03,1.441677093214681626e-01,1.262401150894098267e-01,6.357017348570835613e-02,6.490750954283568130e-02,-8.661285863009117458e-02,3.589823750818935816e-02,-4.755026437856860189e-02,1.727611265059817575e-02,2.438464976788818142e-02,-1.987124746320569416e-02,1.004551912821116232e-03,4.037957788377183853e-03,1.173816800675283505e-03,-5.452819282406317107e-04,3.680633636811529719e-03,-1.846633909397940934e-03
2.017259923051396148e-03,-5.599294205045977912e-03,-2.908319001279581939e-04,-4.759788412055776519e-01,3.323609656247489830e-01,-2.041457855244542818e-01,-7.820908072283763168e-01,-1.991036516466477505e-03,-1.075122784310020979e-02,8.614969520796118829e-02,4.404447397410349990e-02,3.818511207063494516e-03,6.052207506899508899e-03,1.674289771107595991e-03,-5.707969118027832536e-03,5.267480344245951789e-03,1.220709847090029495e-07,-2.471609899538807203e-03,2.206475764379585945e-04,7.710197396783601866e-04,1.491305933002179862e-04,1.112429739754119219e-04,3.453235409793695100e-04,2.355137024171253255e-04,6.729048898835396798e-04,-4.133701430846712082e-04,-6.384411698618234544e-05,2.803215997351440219e-04,1.526061010159084834e-04,-1.490869660558152745e-04
3.421413786818972708e-02,7.319892300310472388e-02,-6.588186413199802194e-02,-2.074323351708528274e-01,-3.739248371574912522e-01,-8.549238591418311106e-01,1.842734651863508211e-01,6.338880064288203442e-02,-1.599032944601039563e-01,-6.093730327430928184e-02,-1.069919648390851678e-02,-8.095864586272501218e-02,-2.003873014643239164e-02,4.689837840415479048e-03,-1.243270646173302678e-02,-1.906295117922974722e-02,-8.432116443967498098e-03,-1.374504374463709003e-02,1.325284549122068140e-02,-2.787970705482195957e-03,6.732621516891725867e-03,-4.213548714852100377e-03,-2.637065567835980128e-03,2.326423614476733591e-03,7.953294288013412240e-04,-9.320907003664432276e-04,-2.138295751732532252e-04,-4.600272725464120394e-05,-3.150464560979572321e-04,-1.903248482075953771e-04
5.054574962560489659e-01,8.578688738204494069e-01,3.339112447674651846e-02,2.102592917538688086e-02,6.062518993573734472e-02,5.688430653548721266e-02,-6.583863262665566943e-03,-3.270043224587401449e-03,5.678326091000887414e-03,2.128416199884957476e-05,3.983399048389990246e-03,-1.685695010030191596e-03,-2.874065840901807146e-04,-3.690645726844543856e-04,-3.779174686059160273e-04,-3.556182310316947204e-05,-3.052829204707287539e-05,1.057877993951109063e-04,6.030172656076477635e-05,-1.824452264546717656e-04,9.939683071206079722e-06,8.250155889000727373e-05,-4.402987915644531087e-05,4.572047733619407934e-05,-5.283453444585019482e-05,4.039266409825078523e-07,6.811402409467674706e-07,8.240489753797557452e-06,-1.605948622075109347e-05,2.496064981670949662e-05
4.294206957399296456e-06,-1.226302131740763152e-05,9.322525519291045295e-05,-1.616061474279949261e-04,-8.007324970520203825e-04,-5.698655442593707730e-04,2.393566329321740634e-03,4.508026670051844785e-03,-1.040378538368764115e-02,-4.115286959544590603e-03,2.845742273044946438e-02,-3.763891311844762971e-02,7.102759181942639929e-03,1.126679387282678545e-02,6.630372494333891531e-02,2.307417183881709521e-01,3.940415587976910383e-01,-1.387150220142017720e-01,-7.367201395443793988e-02,-3.061990077592550985e-02,-1.358449183169844754e-01,9.770984232977143746e-02,-4.834220384317069463e-01,6.234213481744713681e-01,-2.032379673378261475e-01,-2.202953703923449524e-01,2.476739071340681997e-02,-1.147079511882233976e-01,2.448231139620090507e-02,6.611847123360539702e-02
3.885165689066727256e-05,3.642923528238858991e-05,1.670123936421565698e-04,-2.150379458914808504e-03,-3.098413049297174364e-03,-1.323486208294179451e-03,3.403681166242538379e-03,1.031312249559529319e-02,-6.135124926185359095e-02,-3.314717769288751115e-02,1.213736452544806471e-01,-7.709611973927522899e-02,7.025868954477068606e-02,-8.256838000219400564e-02,1.182537002874299997e-01,1.754898692921452452e-01,2.323510250795346177e-01,2.721419677228952283e-01,-1.984191087902274775e-01,-3.380588695865382465e-01,-5.370932641355268267e-01,4.787564954328238365e-01,2.104267334913599852e-01,-2.462212549729541067e-01,2.379155087794510015e-02,3.240163166843760493e-03,-2.912685549429825348e-03,-1.436532299642631801e-03,8.495121059942353781e-02,7.553975149636044106e-02
8.179167304815882162e-05,1.001759430479396475e-04,4.370862681477258077e-04,-2.559878163138533304e-03,-2.972585005735516473e-03,4.107627765160736183e-04,4.826985132399263211e-03,1.424300971212007737e-02,-6.234200832822162780e-02,-3.694143148814729716e-02,1.705858129406727097e-01,-3.903942509947313632e-03,-1.455867541201232018e-01,2.013458607599657169e-01,1.554255906768932660e-01,1.275799059085509779e-01,6.386493854817448801e-02,3.882336854829141481e-01,-5.250774518903226218e-01,4.924398127324288166e-01,1.534816188378281543e-01,-9.062414569377585938e-02,3.286491112849593277e-01,1.610187498671397377e-01,-1.081714657102151450e-01,-1.038907183330285977e-01,1.911178534027129297e-03,3.787496500756740766e-03,-2.346624609633519293e-02,3.802179099850502841e-02
4.736230975346073999e-05,7.703263464911408161e-05,1.020929346519196051e-04,-8.895859435691781149e-04,-1.478532974380880084e-03,-2.411445016179362012e-04,1.928039380468173558e-03,1.032519253303785904e-02,-1.887623706212197133e-02,-1.474324920887755928e-02,5.413839239523805108e-02,-4.763930385261412603e-02,-4.745153550588782077e-02,4.921597873651452348e-02,1.007400955588172303e-01,2.878056745208635303e-01,-5.445159624647907121e-02,1.153994115288267536e-01,-1.541813383424147366e-01,3.015606715042155606e-01,-9.054304759212644660e-02,-4.814368431122813263e-02,-6.568501094165727361e-01,-3.760859890857720655e-01,3.034241384079313097e-01,2.954849105179682134e-01,2.565850200678461424e-03,2.528299991250503378e-02,9.445919459238567850e-03,-4.409129007867303163e-02
7.518177991596285537e-06,-5.988577950480647776e-07,2.164228460048437037e-04,-6.666356039246028754e-04,-1.183078106766014383e-03,2.641589082312577937e-04,2.131730489907899487e-03,8.564390657618294739e-03,-1.736405317990199690e-02,-1.008426254173955434e-02,5.214906697278541559e-02,-6.468255318545053367e-02,2.739667544364397522e-01,1.781744633451013693e-01,1.369914325323883242e-01,1.184143388889480619e-01,3.082634782440136778e-01,5.724093299575221394e-01,6.050643988078138191e-01,-8.756866745200632407e-03,1.928258014231329365e-01,-1.232034432059858631e-01,-7.588634437100591316e-03,-6.116507768730033816e-03,-7.447085974227991845e-02,7.591824446608040622e-02,2.706151092471967973e-03,1.549334216335140728e-02,4.802652750525245387e-03,-1.126208964612603579e-02
-2.309081944546772670e-06,-1.362360952580050207e-05,4.968543241695598447e-05,-1.443255965751625322e-04,-2.809773227410270629e-04,1.620206450143712301e-04,4.296967075535124982e-04,2.233421308974700183e-03,-8.493253928243770998e-03,-4.661318919684014940e-03,1.844480625935080928e-02,-1.402165341020135923e-02,8.222608631517504263e-03,-1.421518821926784880e-02,1.565420011732033753e-02,3.301320956115587346e-02,7.282993401685262935e-02,1.623615252050737007e-02,-3.872067849045095905e-02,-6.078207150202012687e-02,-2.112101071299584965e-01,-1.441340908622554540e-01,5.210560674540062887e-02,4.096692843828229902e-02,-1.660863405792587302e-02,3.110008753389383734e-02,2.542141287190310961e-03,-7.962916100569901456e-02,-6.629488379993723202e-01,-6.856593373824632076e-01
3.320252535579810418e-04,-3.751788759397547491e-04,5.755341959464895310e-03,-3.737309491493320725e-03,-5.047267126118382477e-03,-5.967626334503296553e-04,-8.729892799498388881e-03,1.103351123411474843e-01,8.573319584329261445e-02,-4.908438500528399667e-02,1.065183169767387472e-01,-7.058728458339880163e-02,7.327910117947740313e-04,-2.286844205711763278e-02,9.111366860113668809e-01,-2.694725633378551310e-01,-8.786389140242142903e-02,-1.989586928742158034e-01,8.800798206708551619e-02,3.222494166683852190e-02,-3.733877377100594530e-02,1.197427025840317252e-02,-8.292129493191481007e-04,4.519765025890557300e-03,1.214778575539664750e-02,-1.992565513583347686e-02,-8.493667649545198761e-03,-3.808878362609241161e-04,1.899565615072462558e-03,-3.452912672692809697e-03
-2.099115424107817458e-05,2.906237634172994275e-04,7.671364747375586726e-03,-3.459035105614995803e-02,2.857460533094696026e-02,8.185225118907046502e-03,1.311096952493491230e-01,5.327263213324417990e-01,-3.201190416534231004e-02,8.074278847428822958e-01,2.037457170765529790e-01,1.184144970723603404e-02,1.226115466206948064e-02,-6.478042568372861625e-03,-4.047470250672527414e-02,1.152946943599177619e-02,-7.531895386803670080e-03,-1.079710796490361904e-02,7.354304724373070951e-03,1.438206898576373282e-03,-1.551363597256280938e-03,2.181442905888913378e-03,4.761290855744388165e-03,-1.458760162544142072e-04,5.387941274161914783e-03,-1.267502682132982906e-03,-4.190418260136533524e-04,1.621668832134036311e-03,7.209888994327168796e-04,-4.270327590721547284e-04
2.304843462412399600e-03,-1.949366500025701086e-03,3.997410253326440926e-02,-3.917268588035921484e-02,-4.816773240120805766e-02,1.016629006113893424e-01,-8.755020194684121071e-02,8.281741885921740653e-01,-6.886962035628396012e-03,-5.029105540577109013e-01,-1.470027186722878965e-01,7.807167518541624496e-02,1.478940224132486297e-02,-4.975897235266436500e-03,-9.396658010078459689e-02,2.338903275004284785e-02,1.412091481925937218e-02,9.664475377029782890e-03,-5.750512189755411195e-03,1.368823644350324260e-04,4.766281250380468779e-03,-2.775975244171730982e-03,2.591407071558129646e-03,-7.803563895207709517e-04,1.057507663925574956e-03,-1.993355170615052942e-03,1.016965962412290586e-03,-1.364663569329474903e-04,1.873630610957031104e-03,-6.887481284248564558e-04
5.928657011269364285e-02,-6.357117999993999735e-02,9.869773182835439584e-01,-8.365232101242489615e-02,-9.151188564335394071e-02,-2.032275347765279822e-02,1.942563660517269628e-02,-4.295833629001186843e-02,8.135078513433873990e-03,1.510237235809219411e-02,3.365981219237959045e-03,-1.271056981513850456e-03,-2.550218947128067419e-04,2.947726193641473678e-05,-1.813240141331340328e-03,7.623470662119917517e-04,-1.931661878761479549e-05,6.188747527609277533e-04,-2.257523544738767544e-04,-1.215219230939439929e-04,-6.254450488188131407e-05,7.436402610272919869e-05,-7.078736310168840396e-05,-7.562068571749579020e-05,-8.264543445201444946e-05,1.836849156601601198e-04,1.041629804733314814e-05,3.725259360313626338e-06,-7.069449311414654591e-05,8.026831054896925891e-06
-3.903322798277166095e-07,2.614183500548472009e-07,4.683448628850752146e-05,-3.085864838744674881e-05,3.652272138918635628e-05,4.248525974344526893e-05,-6.506195779589448217e-05,1.588502086331428217e-03,-9.431949831511017178e-04,8.526382260280249278e-04,4.255397566394440202e-03,-3.108138259513239330e-03,-2.194895046148037741e-03,-4.331488091574923734e-04,1.605584334779511582e-02,1.949322030942704162e-02,2.322321162416751683e-02,-2.528203771454524962e-02,-2.669892324950479123e-02,-4.169826738912261327e-02,9.798395848119090257e-02,-3.928696027015779468e-02,6.049493123802676675e-02,-1.065028600296016453e-01,5.768463332413927046e-04,1.343239926294034492e-01,2.374160659871899504e-01,-9.391682004760653069e-01,-1.324502674090418872e-02,1.136943699473116631e-01
6.555918505270173746e-06,2.168165023250656569e-05,1.789306513328317409e-04,-8.250309479859847762e-04,-6.357096377142750854e-04,-4.747019891509751113e-04,4.380331989470734951e-04,5.197685749984512493e-03,-2.094707243921243786e-02,-3.432589333737275442e-03,4.298629344941686664e-02,3.402598060167220939e-02,2.618541937053923616e-02,-7.244955203878745975e-02,4.971068192849673051e-02,-9.688562293774501122e-02,-1.069192633585160090e-01,2.265640178458230569e-01,-2.487666586800209023e-01,-3.710396013674345239e-01,1.920934190387399987e-01,-2.503802760733655486e-01,-3.048300972716914137e-01,-3.493911597300799476e-01,-3.613803101845574073e-01,-5.029607801451594362e-01,-1.239989799108735385e-01,-4.308349866492940106e-02,1.045054534473545405e-02,-3.020481090500616236e-02
1.116888355000757222e-05,3.030068718846456704e-05,2.500053418869912407e-04,-9.238088534103040426e-04,-6.896976602440408298e-04,-4.509462756426719111e-04,5.694370829477995652e-04,6.055132110351352584e-03,-2.142008282828979093e-02,-9.609781876516449231e-03,5.880344014735264246e-02,6.943364781483639392e-02,-5.276477540059298921e-02,5.740741398344774427e-02,6.909978188268774135e-02,-1.190329342371933413e-01,-1.043340378303998783e-01,2.621968247332338575e-01,-2.754207271003811242e-01,-5.439634045117015537e-01,2.389211452212479936e-01,-9.586232458187619876e-02,-6.257761109103476826e-02,3.817992447595968120e-01,4.015247665196950977e-01,3.320595473328502578e-01,1.450988697666627351e-02,4.028255018873157234e-02,1.236389154194550005e-01,-1.007843625732354614e-01
3.674443270108620934e-06,8.246662029868153261e-06,6.576995559185384226e-05,-1.430093316976564419e-04,-2.655194383383213457e-04,-3.639357055470997661e-04,-1.420975366091602556e-04,3.461779480105246255e-03,-2.836456778332934782e-03,-2.483133853075692767e-03,6.462460225498771298e-03,1.061269386750386678e-02,-8.951121681952537226e-03,-6.516501521603438240e-04,2.792582430560211493e-02,5.379615266081383407e-02,-8.360161536961795148e-02,4.243129345734639873e-02,-1.026343793572423099e-02,-1.247043627680732292e-01,3.610477010780248353e-02,-1.507493359139048215e-02,-3.379172314160796414e-02,2.935096127563178309e-02,5.650221610000089045e-02,5.494529696033099292e-02,-3.936299443925793395e-02,9.240742628365021527e-02,-7.071420920060531579e-01,6.721119016693799519e-01
-1.234607236030004654e-06,1.585890474159814761e-05,1.254551141707622650e-04,-1.642567303846052481e-04,-7.422117777847288473e-05,-2.713232651525356877e-04,2.275502295442653855e-05,6.502371624440429765e-03,-3.557320272938438444e-03,-2.550287153776948789e-04,7.555464414100982254e-03,-8.308702525304944783e-03,8.157818281148825068e-02,5.336866401025808226e-02,5.201895271661643484e-03,-4.999083516604942157e-02,-7.553817284347455474e-02,-4.867440607448775269e-02,-1.315367470676331862e-01,-5.592259795320310423e-02,3.672220496010045188e-02,7.567773011928678739e-02,-6.279227998352378270e-02,-8.027690185031135031e-03,-7.214290486798679014e-01,6.474602511847604713e-01,-3.311203991345994246e-02,8.473704921719459049e-02,1.405096280877628917e-02,-7.945245017190318698e-03
1.561586381390221141e-07,1.310570589859431956e-06,2.577578218012721665e-05,-6.980022482836645726e-05,-7.251808370923198239e-05,-1.644395212645866457e-04,1.083535076225753905e-05,8.988361106996989444e-04,-2.001404225123276388e-03,-2.413531943267429073e-04,5.700857855884226486e-03,7.339769039177065349e-04,-3.882619697800281339e-04,-1.085280409172198479e-02,1.149541555381986685e-02,-1.133243936890619002e-02,-8.380230716352216058e-03,1.552189984119022037e-02,-2.860198754599389132e-02,-5.061742174482203316e-02,-4.480642640892375933e-02,-1.084551710259726298e-01,-2.407839236274542105e-02,-4.453141621279707585e-02,-7.040881906600293672e-02,-5.858175615559185756e-02,9.553730461328109325e-01,2.410514843285817277e-01,-5.110971265948352493e-03,1.733253727491848237e-02
7.122635078263366698e-03,9.330163762810568225e-04,-1.934199732073354008e-02,-4.393001988913850658e-02,-7.225262210986718725e-02,-9.038705234774528641e-02,1.962791393597191486e-02,3.106193276180116078e-02,8.696224088358628368e-01,-9.183665822468838058e-02,3.983998210885403291e-01,-1.855218930392281418e-01,-3.901155363354222305e-02,-3.756439375579623263e-02,-1.449953027702475805e-01,3.636394484640221008e-03,-7.034229117034170682e-04,2.600232161066393100e-02,3.795179391423566064e-04,-1.282226653958134718e-02,1.450736585143092700e-02,3.355244892402822060e-03,-3.544608807547075090e-03,4.142974353834745146e-03,-3.994984507098353795e-03,1.741623249251851449e-03,6.694627048293449621e-04,2.043528282465167109e-04,-2.041413793512651155e-03,2.572881896865414244e-04
3.008758859376908443e-03,-1.642496207021042556e-02,-2.928841554847839632e-02,-6.938892073942904970e-01,4.226334924318481678e-01,1.094035632241082828e-01,5.592634472632863618e-01,-3.070419749816878305e-02,9.658643323064340647e-03,-1.032392890244982209e-01,-4.690646166948642809e-02,-4.817167465286830569e-03,-5.416319932276321414e-03,-2.086313815381882794e-04,7.000290079443400801e-03,-3.647956848412643466e-03,4.917007791478045144e-04,2.350603842590364822e-03,-3.116458365578234362e-04,-6.991143986550428166e-04,-4.202423497338731882e-04,-2.034418376179255737e-04,-5.706641326268414990e-04,-4.448614447812066386e-05,-8.248786643800344121e-04,3.025483257687754308e-04,5.769402323328792016e-05,-2.922915231887218083e-04,-1.780987044951966509e-04,1.435525116136965275e-04
4.880205432901413287e-02,1.078747121702585028e-02,-1.053940736745500317e-01,-4.849016535401421968e-01,-7.403401600928486426e-01,4.186780292010581772e-01,-1.205800696552224299e-01,-7.970985971089727951e-02,-2.122679426061435670e-02,7.814969100228218168e-02,-1.609107119943820746e-02,3.572978008687332195e-03,-5.930571504666398231e-04,3.035358686200508894e-03,1.154689010070058912e-02,-8.287888655129898446e-04,3.385763402503376624e-04,-1.759971809720909395e-04,-7.671660761518707319e-04,9.804155250071827719e-06,-1.495695397552637739e-03,7.799527805975858266e-05,-3.728501066274443647e-05,-1.675227995924554521e-04,-2.024496266757151719e-04,3.235767612394810171e-04,-7.109962017353705494e-05,1.374186108202362486e-07,-7.762982377258268439e-05,1.406667657482391619e-04
8.586917862280125657e-01,-5.041072289283025087e-01,-7.895773825758219122e-02,3.336157544612500941e-02,2.631689238984158061e-02,-2.047843582972877149e-02,1.873065782262886558e-03,4.715005982741009641e-03,-5.643690541674755215e-03,-1.465845282689197913e-03,-2.024381418580324925e-03,9.576974174633588873e-04,2.562188890476618298e-04,1.656508573198532262e-04,4.241385029164597355e-04,-1.855128243185089209e-05,-9.738177444589565549e-06,-1.208773696504733455e-04,1.625282211530407246e-06,8.240758307071020241e-05,-2.081892486361787320e-05,-3.099622071419356415e-05,2.154690139321052049e-05,-1.437282660664656736e-05,3.516298047196949640e-05,-1.881621097661062642e-05,-1.283847683135425703e-06,-1.858974219482275236e-06,1.662130538293684622e-05,-5.601948523279899961e-06
7.578255167970419850e-06,-8.039393317376162607e-05,-7.061879460934473388e-05,-5.886368033437311843e-04,-8.866763607732873085e-04,1.160233351586342169e-03,4.211635131369958346e-03,-1.767799177611172751e-03,-1.281624732651451097e-02,-1.274049979352504317e-02,5.197228471174044490e-02,-4.174455819270408291e-02,-1.178292139367598419e-02,3.818675293346645259e-03,1.021547003707106854e-01,3.851136241067448229e-01,5.167071210078112431e-01,-4.283133727189877837e-01,-1.309448965310450741e-01,-1.936972296749165656e-01,4.166182633628411902e-01,-1.379215999615886201e-01,1.946599311651730502e-01,-2.620157116095782057e-01,6.985194004683561997e-02,7.959667645324927654e-02,-2.799629654204611323e-02,1.401038213121470477e-01,-1.435000737517245920e-03,-2.081674578685058577e-02
9.737473636016020465e-05,-2.321642823929195767e-04,-9.691916381381303347e-04,-8.367633277889158921e-03,-8.276567346008994325e-03,7.527346160444933244e-03,1.660528143344051910e-02,-3.181625225218982778e-02,-1.746405339946338064e-01,-1.121129239737508054e-01,4.231382774279008330e-01,2.342264232160154724e-01,3.906764343424513619e-01,-7.142819555359101180e-01,-2.909676525186979945e-02,5.186329236487105011e-03,-2.274419579295700392e-02,2.040411170000732896e-02,-2.392947381956460687e-02,1.582984207002544608e-01,1.416199525791898006e-01,3.106170146337292048e-02,-3.786567691462585337e-03,7.832838901528364761e-02,3.636336038538163368e-02,4.501839268689868806e-02,1.441692155490462320e-02,5.701867361013649750e-03,-1.761007631688961406e-02,-1.428575949341700548e-02
1.721838498585124633e-04,-1.945641493119691363e-04,-9.242828455147583709e-04,-8.911249609752900508e-03,-8.844780714067248042e-03,7.976126129357812705e-03,2.044948691716506547e-02,-3.058364008741075793e-02,-1.706572789199586326e-01,-1.415182354564328004e-01,5.808171158973558512e-01,5.373098232330799640e-01,-2.763979204043645610e-01,3.906801994704844350e-01,-8.073569778509293027e-02,-1.322347567572243476e-01,6.767209618490345469e-02,-1.214180549209559479e-01,1.669384816158927809e-01,-5.392610694303344443e-02,-7.649581777905349600e-02,5.271630021025590362e-02,-6.007959403176613838e-02,-8.268629759982458471e-02,-2.491351417658656947e-02,-1.478048178451664765e-02,3.814504559932151400e-05,-6.586719438988545595e-03,-1.132018861665831481e-02,2.294120429418283237e-03
7.481377767873990351e-05,-2.202014503527735975e-07,-3.545548393287694983e-04,-1.936073661589944898e-03,-3.212123358531398902e-03,1.161028621010147532e-03,5.349920618178259646e-03,-1.452112890518259588e-03,-3.094525390037346918e-02,-3.826063219643931895e-02,1.035767585594023488e-01,2.828112495652087416e-02,-6.234655947427177741e-02,2.943610157218907314e-02,1.231913649851009984e-01,7.176104302115282607e-01,-5.783468254104480177e-01,-5.200992829084088304e-02,1.830079516709075815e-01,-1.460420944217363237e-01,-4.752211066406508873e-03,-1.829785462581591179e-02,1.280626844146069143e-01,1.255489555658769185e-01,-1.003853809257140156e-01,-8.305490460202417935e-02,1.134173821253375890e-03,-2.039337332766983507e-02,7.008907920154770765e-02,-6.538029527262602392e-02
1.720809187185885699e-05,-1.018868610448663410e-04,-4.122639786600395704e-04,-2.238029603108718235e-03,-2.483520713815887387e-03,4.452931851962329060e-03,9.508504392170822814e-03,-8.714975399357133973e-03,-2.385450313989421686e-02,-3.974858849458231397e-02,1.198395258890709164e-01,-8.571319561366194661e-02,7.851317895698807225e-01,4.830471550350842747e-01,-6.355072207934706063e-02,-3.475726983051956320e-02,-1.416979666775627922e-01,-2.048826476432110688e-01,-1.915708967318325850e-01,3.613298108165839597e-03,-5.043686213189930295e-02,-6.497582559785195638e-03,5.221085158211457265e-03,5.044009850487832410e-03,1.046624189792322024e-01,-9.125108031831688504e-02,4.195294900259186228e-03,-1.184226677504185074e-02,-3.879211232813665512e-03,8.462421593631650266e-03
1.825450337687088440e-06,-5.277848472653662109e-05,-8.343149436666190031e-05,-7.221807689331952206e-04,-8.774382565462599546e-04,7.458817373806284502e-04,2.025127703739232950e-03,-2.934083431833463609e-03,-1.819480239858968507e-02,-1.538074253992843983e-02,6.145243375829466392e-02,1.200300295849182457e-02,2.345171855724738352e-02,-8.689736830411537438e-02,-5.040225778979027724e-03,2.519203488432886218e-02,9.493220660481657691e-02,-3.785064677196953165e-02,-1.234473233446379756e-02,-4.119218951006876211e-02,-5.150761738044186133e-01,-7.745927111697180623e-01,1.226335297497817695e-01,4.110548444358333442e-02,-7.814499540629843768e-03,1.243526716677864907e-01,-1.045567960133453184e-01,-3.113576403815027159e-04,1.754471659830128538e-01,1.875569776309293224e-01
