5.083164257385151645e-03,1.087667634505573230e-02,-9.005838128251446306e-03,-4.186814498847183513e-02,2.802555163373583388e-02,-1.412376218600411848e-01,-1.808436236345365225e-02,-3.627944056572492831e-02,3.912922758948743085e-01,1.035092180454256494e-01,-4.190161915334207898e-01,7.553235968818928781e-01,1.106120570326444563e-01,-9.080613027919788582e-02,9.675469712804353473e-02,-1.191990005807543329e-01,5.796709998404466629e-02,7.995733880038241592e-02,-2.338252944136571046e-02,-8.045771804229323587e-02,5.677204469012933630e-02,9.314943785680736624e-03,-3.281228200970049812e-03,-3.648148980788735313e-02,9.334195448932072064e-03,-1.186253167204898325e-02,-6.143408935510800278e-04,-3.167532008513171751e-03,-3.089976033190373981e-03,-3.075626262542431946e-03
2.372746648145099887e-03,-2.252326555832781952e-03,-9.393056461782832781e-04,-2.890456992468515285e-01,-5.053036499896071954e-01,-1.711581795157087194e-01,7.864576971362524649e-01,-5.319331884649357994e-02,-7.703366748700594263e-03,9.510647680308566276e-02,3.471505452211363224e-02,-4.124378071515087847e-03,7.639797017473035426e-03,-2.696120739044639922e-03,-6.473098622872919088e-03,-5.386309427644996387e-03,-1.376805046198225626e-03,5.880516230877459206e-04,8.929555329385982726e-04,6.778390343755810623e-05,-7.960648796596673463e-04,3.541483689665998790e-05,7.474667696838810989e-04,-2.806652990021661631e-04,8.478487102733675779e-04,4.744855198876778515e-04,-9.282030057598271888e-05,9.131275515051436779e-05,-5.176392348578339950e-04,-1.897109054259057438e-04
3.516577166920089453e-02,7.290060342376761260e-02,-4.689824316032074197e-02,-3.825161162319813402e-01,2.476227609952629805e-01,-8.440435691122485373e-01,-1.541601750233897727e-01,8.843949197392463046e-02,-1.689984445694933946e-01,-5.913802293840322855e-02,5.508041262994017168e-03,-8.039210647711897417e-02,-1.232048021918087828e-02,4.527916223425828939e-03,-6.927962913956182620e-03,1.543881177468586947e-02,-1.206076417686936103e-02,-1.307405521331467431e-02,5.680424103305267008e-03,1.133848413462837899e-02,-9.684312436525092591e-03,-3.115300493539949027e-03,4.490840551790594944e-04,4.807099362708189445e-03,-9.804569812205275649e-04,1.515564613025534475e-03,9.840779457984555898e-05,2.250145077902404361e-04,1.457029284107717317e-04,5.859095811449712473e-04
5.227305172048620774e-01,8.432654982448012371e-01,9.405624613802007761e-02,4.651060131367436984e-02,-4.007523538988699147e-02,5.435970812916853662e-02,3.692586724245803826e-03,-4.792198813240353648e-03,5.922716810641700212e-03,1.434250389157722464e-04,3.246986641444298601e-03,-1.625139194242879431e-03,-3.593536359750628415e-05,5.295181791154841442e-04,-2.216569593525355431e-04,1.701326913449572242e-04,1.073145257851027353e-04,6.132159650839082317e-05,-8.365148864098847364e-05,1.024793768444474989e-04,7.935411890537630796e-05,7.029334337891293596e-05,2.828523301898482569e-05,2.575152934883246907e-05,-2.467040618352421961e-05,1.567935120629694476e-05,-1.149067295058920234e-06,1.294180745240837221e-05,1.505030417101982790e-05,-4.976155206315917275e-06
4.488755541240706110e-06,-2.013283411616397653e-05,2.329381961202043304e-05,-4.076048251260381834e-04,5.160183952237676992e-04,1.650778119668957567e-04,-2.284443819510866870e-03,3.125347950001740142e-03,-9.149924459501572460e-03,-4.666400133125495238e-03,2.562606175414789550e-02,-3.532269306156630984e-02,2.471591516329733548e-02,-2.479009338660799477e-02,6.239267141319413540e-02,-2.762736745940186367e-01,-3.946928741217570202e-02,3.813810603436520452e-01,1.462077298662274594e-01,4.936267254416241979e-02,1.168188456751290405e-01,1.183897097081694841e-02,7.475860499696360129e-02,5.585445786060718731e-01,-3.517223258138618691e-01,5.255413852094630300e-01,-7.694217676756002523e-03,-8.910287139381724286e-02,7.214551883203611238e-02,-3.539778914742282984e-02
4.144672440923008705e-05,6.805668638649563167e-06,9.382457739766460788e-05,-3.153992814195002211e-03,2.123737784818839798e-03,6.655617523876586382e-04,-2.563887047139760782e-03,1.160607839667758545e-02,-5.999022460321528499e-02,-2.341746025574125561e-02,1.183949950041517235e-01,-6.685585094294037301e-02,9.656705635365876728e-02,3.164780031060179799e-02,7.936362660515323963e-02,-1.211514334582410868e-01,1.804704275570733485e-01,2.970252727915184687e-01,-5.987788410492844021e-02,-3.190676152000820887e-02,7.765755657311668170e-01,2.950839466371952824e-01,1.545896828087937602e-01,-2.382018690039729436e-01,1.475641524408324856e-01,-1.344695948474553815e-01,1.342707242541176654e-02,-2.033820874609780158e-02,4.366583462160661400e-02,-8.584506017869686367e-02
8.336854327714318072e-05,8.717091695367053922e-05,3.197699366725332312e-04,-3.351608560954656268e-03,1.662811289377484365e-03,2.673623765966867596e-03,-3.239812460259446775e-03,1.485915169695013055e-02,-7.335371088659405070e-02,-1.183142100864242180e-02,1.897101714217096780e-01,2.914225359681750505e-02,-2.505197136483980347e-01,-1.386753249252612175e-01,9.562213919025923381e-02,-4.614370982395366722e-02,3.903247804629698670e-01,2.016514814157383539e-01,-1.170678134974255796e-01,-6.689129126375762402e-01,-2.311095306631157920e-01,-5.989449395843936957e-02,4.469085504464126446e-02,-2.939967080876806915e-01,-1.746059918637969943e-01,1.815346317121268871e-01,-1.525563461747082503e-02,1.587835936405415649e-02,3.588558835284889805e-03,-2.423725732551897799e-02
4.805803184665292536e-05,5.610480692123636905e-05,4.900222978937147331e-05,-1.244154840157920367e-03,8.375491866999378856e-04,7.501968032670545006e-04,-1.694459006385898043e-03,8.568378092785537692e-03,-2.009254426284808742e-02,-8.664519883532142280e-03,5.647596362428553007e-02,-4.382375550887140231e-02,-3.268950845086701640e-02,-3.699329202218738094e-02,6.324988919661365949e-02,-3.019241263822816657e-01,1.072247316199315126e-01,-1.176034794638999674e-02,-8.159229544387920641e-02,-3.410721107117997697e-01,1.091341468449876125e-02,-1.766738303837256385e-02,-3.827831192181513353e-01,5.594432755122323853e-01,3.987195451675217828e-01,-3.770918928679297122e-01,1.780457044787692525e-02,5.201576614808622705e-03,1.988241494048816407e-02,1.635255667056778606e-02
7.209940352243175582e-06,-2.977054562708269440e-05,1.451853567812782543e-04,-1.120985924958828621e-03,4.643544817116243041e-04,1.495653718328897449e-03,-2.853831970062947320e-03,7.354587111745583376e-03,-1.487987775435128078e-02,-4.565798215827259962e-03,4.865856610083299505e-02,-5.271921446612581885e-02,1.403201216186089062e-01,-3.319627613616560335e-01,1.063443874968167807e-01,-1.011681133920752790e-01,5.660539102442528614e-02,1.797689144639567638e-01,-8.028982508318830424e-01,3.386805167341300216e-01,-1.854463071014324504e-01,6.766497552912624502e-02,-1.537662755642679215e-02,1.105059206126803896e-02,-7.773521633896435246e-02,-4.838510306349138451e-02,-1.360608436668260925e-03,-3.799088424279906291e-03,-2.263905200792680136e-02,6.485520308780267458e-04
-2.470932277852420513e-06,-1.935341957092529425e-05,3.790250637293946699e-05,-1.793417664722849088e-04,2.322515596055623247e-04,3.713554911560376865e-04,-2.735773528039375400e-04,2.604923670139771674e-03,-8.079506380740248545e-03,-3.647817260016122595e-03,1.955539936407629797e-02,-1.140064046538753241e-02,7.556096429584105260e-03,2.276232642479454182e-03,1.574382143947343146e-02,-3.336754745704267888e-02,4.810447603255399440e-02,1.001239180033366150e-01,3.383537060103336200e-03,1.646407708192619210e-02,1.554521835340880176e-01,-2.475845735499367373e-01,1.363230303070756683e-02,-4.587672051111497083e-03,-5.104580650012553733e-02,-2.070620542798504854e-02,-9.574364541606805723e-02,1.058638160978162684e-01,-4.399831833881318599e-01,8.262524098336203604e-01
2.987747097235475872e-04,-8.290824804617951066e-04,6.270159348067295448e-03,-4.800961914148815964e-03,3.395122338874164390e-03,2.647176846956867703e-03,1.700902056963098791e-02,1.096157076362418020e-01,7.797282169878520797e-02,-4.208593671920137641e-02,1.286178326877640832e-01,-2.543370783988342654e-02,-9.162009618698320479e-02,-1.319755805135168214e-01,9.220288486985209753e-01,1.148923808021330983e-01,-1.754881545996849757e-01,-1.594048556925959093e-01,1.133967420564190587e-01,3.788107868214893315e-02,4.253847964617914201e-02,-7.279909815681684729e-03,-2.774578366068831611e-02,-9.455521815073635039e-03,-5.742274118041634963e-03,1.037685591965574992e-02,-5.402643169702892739e-03,-4.662693946411036408e-05,-5.687605696946181413e-03,-9.797757187597990781e-05
-2.987337558724928327e-05,1.942926523683028133e-04,7.511927856808662055e-03,-1.697430444911145198e-02,-3.911368359309394527e-02,9.848657072304449131e-03,-1.058533814227703707e-01,4.887667245886612721e-01,-2.413121703496596757e-03,8.530858701363146501e-01,1.285501466418795813e-01,-2.027276806525018724e-02,3.769748335282541163e-02,9.297659983073846071e-03,-3.422688163717549359e-02,-9.083419784990429124e-03,-1.799133125250476292e-02,-6.048565174163671003e-03,5.150848788361685367e-03,-2.566892956925951328e-04,-1.277948779701205181e-03,-1.891174220182919013e-03,5.536645086065718549e-03,-2.306336419439391616e-03,5.867180414993303228e-03,2.330041052224146158e-03,-5.037031234806844298e-04,4.482971959950200801e-04,-1.747344801345096033e-03,-5.293366887387350320e-04
2.156050882617833488e-03,-4.695936941712378597e-03,4.621282351830476726e-02,-5.539564160415035021e-02,3.446625535773805565e-02,1.183914881893523563e-01,1.441291794615842392e-01,8.497159712990676184e-01,3.584224305781658244e-03,-4.588642696508309360e-01,-9.396565718930456612e-02,7.931791687921872780e-02,1.442893069692933843e-02,1.069355632988203651e-02,-1.001305376352951970e-01,-1.194036206651291968e-02,5.433820017536588297e-03,1.750402780622411017e-02,-1.036625365751697551e-02,-4.300313251823501340e-03,-8.971923584415857425e-03,-1.715459287045768572e-03,6.252328161532554399e-03,1.839938935178925131e-04,2.429674768175393677e-03,1.283177751310900358e-04,7.744100064843875784e-04,-9.511955066838176810e-04,1.695458234185346410e-04,-8.987121031170923089e-04
5.478861208137768973e-02,-1.359263797488894365e-01,9.815256143945896294e-01,-1.046898071915360329e-01,2.654374137662853309e-02,-1.071946954209543508e-02,-2.816389985451815334e-02,-4.794937314677013424e-02,6.554752006228417582e-03,1.415610451473739949e-02,2.579156534496113585e-03,-2.335309993388958155e-03,1.392510560256333095e-04,4.216107687602448583e-04,-1.245150118945820197e-03,-1.906224467271428998e-04,7.132101025601216742e-04,2.340907277802595904e-04,-1.766801221693029087e-04,-1.474391597289461298e-04,1.499478995454453674e-04,3.607140999910581335e-05,-9.339659114420032035e-05,3.791919167588406165e-05,-3.816316437523891157e-05,-1.090361384830663136e-04,6.957480440136496894e-06,1.523641714944743222e-05,1.229504637455309123e-05,3.378482185519953031e-05
-7.395154614705718468e-07,-5.086780903524016316e-07,4.432718025270410427e-05,1.362737467654361071e-05,-3.991018947060101524e-05,4.805468161633222183e-05,2.020700473080769115e-04,1.657241942032237425e-03,-1.340098462446856487e-03,1.298514161784951066e-03,4.203054905841251306e-03,-3.076160343066889659e-03,-2.524591274712302026e-03,2.256022050101666194e-03,7.662865346936447927e-03,-1.858714060759895925e-02,1.908646377761749266e-02,4.337347341078503365e-02,4.253848590121456219e-02,4.414187811712999565e-02,-6.470495143917473491e-02,3.892321051741021859e-02,-1.314226277851668345e-01,-1.306023802789398891e-01,6.867988498776290453e-03,-4.986040477063830023e-02,1.366630762761013654e-02,-7.289800574982590042e-01,5.189866815849291104e-01,3.873468978510979932e-01
5.823780332107400662e-06,1.194981344196718825e-05,1.861641519219597418e-04,-8.574233136941426629e-04,4.326090776421755981e-04,3.150729158624513706e-04,4.082583050871678703e-04,7.536733209937873830e-03,-2.030770051145114677e-02,-8.024328881895688263e-04,4.509943358673321190e-02,4.686324458025978301e-02,4.037664854502660827e-02,5.445471836784537140e-02,-1.866029650725616789e-03,1.434753992900967834e-01,3.195024870053163046e-01,-8.337338380605331667e-03,6.010520921186822407e-02,2.205717850967297833e-01,9.704539071510438764e-02,7.393715215393543982e-02,-7.962600009232796427e-01,-1.478160651083541832e-01,3.921266338191631458e-03,3.354021024614374236e-01,-9.339143125632130837e-02,2.828593564496037147e-02,-1.304933821853385967e-01,-7.664223677637593823e-02
8.893098123293362767e-06,3.092798042215932826e-05,3.319632694039388338e-04,-9.848905488383055164e-04,5.840511448895272786e-04,4.283709212300160652e-04,1.532718488316789265e-04,1.127377496867358435e-02,-2.578501605498104143e-02,7.044846415868045303e-03,9.083936205595834201e-02,1.142975092722911257e-01,-1.700495264511582560e-01,-8.794632593019076350e-02,5.007671367459031603e-02,2.284116696403865332e-01,6.846401507062862546e-01,4.944327608344493280e-02,2.286182219148048533e-01,3.638184446147547102e-01,-1.406405604041318369e-01,1.438343003239990307e-02,3.090630252702727399e-01,2.486930078897137963e-01,1.107618960428630867e-01,-1.738227432621399782e-01,-2.957528622975473184e-02,-7.836234835847268043e-02,-5.076705123696752253e-02,-3.568144696479298023e-02
3.417820399331680003e-06,1.077362781078485855e-05,1.050947522754437955e-04,-2.236147955632342317e-04,2.080169424280166974e-04,-1.162103222376418708e-04,2.994827641845903936e-04,3.855481885168726957e-03,-3.316404815250530505e-03,8.769770211353509863e-04,1.193017611438921925e-02,1.419354944499761836e-02,-1.524885433596763658e-02,-3.480857943091736177e-03,1.388674071979557889e-02,-4.514324331923921796e-02,1.174369783477444279e-01,-3.949857908797531347e-02,3.233912881735465095e-02,9.068747995739549761e-02,-1.226402159479067673e-02,6.593279018851475048e-02,-3.327763430468733130e-02,-8.799256296040823891e-03,-3.204976184107903581e-02,2.815667161618873315e-02,3.222731698767678649e-02,6.536924262611907288e-01,6.715236850080711362e-01,2.928029307989411523e-01
-1.249702296760480941e-06,5.905853840362246260e-06,1.123406320748420904e-04,-1.166357815935790938e-04,5.905955254780304931e-06,4.609568685785828059e-04,5.797371296404544953e-04,5.631765338953739590e-03,-2.975091495598109880e-03,2.414515958777357744e-03,5.671334761908090535e-03,-4.776501606953842058e-03,4.386882651275680195e-02,-7.623144989457822374e-02,-3.032713142035214915e-02,4.811002699349840178e-02,3.012611473824365615e-02,-1.338688120310272192e-02,1.214908706908515712e-01,-3.558021558201426848e-02,7.040124205422323977e-02,1.214851681942074740e-01,-2.025336375976051206e-01,5.553518094226993218e-02,-7.707830520186117473e-01,-5.571134368442589579e-01,8.972202736369982654e-03,1.423710248169392928e-02,-2.905500795872404882e-02,-4.885653058858376724e-02
-1.113289485443808759e-07,-9.792526449401949707e-07,2.948187111293685484e-05,-5.269118376885947164e-05,4.863766844177881162e-05,1.956163150071835039e-05,1.354733740526286288e-04,1.474190725940761719e-03,-2.466926168462669957e-03,6.865157940101366749e-04,8.231804242738192945e-03,4.613863002527298848e-03,-3.868141940048993796e-03,2.906595430579386481e-03,1.026773213492369885e-02,1.340710175059536824e-02,6.099855695673436773e-02,1.724290877344562822e-02,6.005532130655121328e-03,3.867352587038197509e-02,3.020460030256413853e-02,-1.171690195419998193e-01,-5.774790089313450864e-02,-2.124324660829967140e-02,-1.436343115447360694e-02,3.504542292322396224e-02,9.842159042702137706e-01,-3.390275629886840489e-03,-6.635875907047453226e-02,3.295982009367753179e-02
7.040429497686659203e-03,1.514281973223290285e-03,-1.619684601188130582e-02,-7.027543233120538135e-02,4.640546162330167618e-02,-9.228778724607525352e-02,-1.742287373087839097e-02,1.323764181091468053e-02,8.613007925866467129e-01,-7.771806021459556901e-02,4.166539672482300061e-01,-1.998500042345060790e-01,-4.866183756726387769e-03,6.464974649251002681e-02,-1.281203356496321832e-01,2.533253118919314914e-02,1.693596533043051702e-02,1.078783526270995531e-02,-1.664158443856152830e-02,3.194381518448632159e-03,-1.087479725097746999e-02,5.138155262653164995e-03,3.709493219234675024e-03,6.942830053764078788e-03,-3.644977607604851181e-03,1.831821862350032715e-03,4.555896491238098844e-04,9.022688841489325765e-04,1.777187784029398646e-03,7.360424107908094746e-04
3.328513074963709677e-03,-1.036787682791897973e-02,-4.164008006924631300e-02,-4.331790370698662129e-01,-6.860523096208600569e-01,1.068011650131326928e-01,-5.601089123438068862e-01,1.713258758113211933e-02,7.751700787397861579e-03,-1.144167342897488004e-01,-3.339731270548331604e-02,2.522637527351190810e-03,-8.101542366600269010e-03,1.923874620679274366e-03,6.829146010607246332e-03,3.905839000466581126e-03,2.358639765227226685e-03,-1.225056118661479922e-04,-8.418609104412523841e-04,1.453095649178697945e-04,1.027805180932015155e-03,4.819162565104228592e-05,-7.204476366381605199e-04,4.270837873841604529e-04,-9.684801771563784044e-04,-4.004323652156754551e-04,8.579196845961590688e-05,-6.928318276698266717e-05,4.488502981621354305e-04,2.066942290361211472e-04
4.915231607800413932e-02,1.268724282025224769e-02,-9.100903673216162448e-02,-7.465578132181236448e-01,4.522657835910337543e-01,4.475671269759168847e-01,9.845961065780968469e-02,-1.013822299963301615e-01,-1.355639783839205671e-02,7.658775414396137848e-02,-2.717303888009959742e-02,1.201599439781119100e-03,-3.948164415875307816e-03,-3.188320320435965652e-03,1.168741400515684210e-02,-9.877142028224307219e-04,7.003712528273680704e-04,2.130481147427388806e-04,9.511022202080463527e-04,6.766320322858143037e-05,1.826844425780962998e-03,-9.542760851006291489e-05,-8.859460897673540093e-04,-5.585919755057944074e-04,6.858153585228228282e-06,-1.804665968449779302e-04,-9.785441642002545772e-05,5.723254953353806970e-05,-1.016675787111171006e-04,4.559319703899236138e-06
8.485290338243118846e-01,-5.144860124739846219e-01,-1.138680283308328295e-01,4.069316504191422545e-02,-1.002729478665603628e-02,-2.237686683121984169e-02,1.102815969721517622e-04,6.269743539260437884e-03,-5.747603949214146954e-03,-1.542861388309504965e-03,-1.747871839428081749e-03,1.217959931361015666e-03,1.416475912437402808e-04,-3.160157267972028275e-04,2.369531667692775930e-04,-1.098201803911346357e-04,-1.231239062957918250e-04,-7.125350450890133411e-05,5.672287848067612560e-05,-1.855082583366269520e-05,-1.883147098851863598e-05,-1.937700599569657870e-05,1.020735007182060608e-05,-1.787739821444749239e-05,2.198474612596288853e-05,4.071341740219206507e-07,5.808795967528076401e-07,-6.097134943656004837e-06,-5.676011179044653410e-06,-3.924058607909492869e-06
6.963681191073807046e-06,-6.772963065609967771e-05,-1.879304962999107801e-04,-7.546234732198434667e-04,3.810617273059268856e-04,1.618373094049505804e-03,-5.100873632538295739e-03,-2.475639006809424950e-03,-1.198424099647523930e-02,-1.367014027553464274e-02,5.353294227112201376e-02,-4.425983735628365862e-02,1.990052699996803370e-02,-2.218552613780105237e-02,6.583624295080293953e-02,-4.171332840801627584e-01,-1.431411602447255904e-01,5.235692947511751960e-01,3.716486850805861830e-01,2.221191741358984340e-01,-3.760641646324733300e-01,6.304992234389714123e-02,-9.302507233815320020e-02,-3.061472387314076449e-01,1.445527012284056334e-01,-2.055229941442572317e-01,5.369589710287081021e-03,9.844075896704619633e-02,-1.001425037926731154e-01,-5.338653494858150439e-02
1.051374226213383630e-04,-1.652847620088591951e-04,-1.209127198038089561e-03,-1.056775340047658336e-02,4.716531917530615223e-03,1.281019499242962677e-02,-1.278765199317111884e-02,-2.399273588198972892e-02,-1.562972452302737458e-01,-7.109143641623988374e-02,3.977470987694546878e-01,2.551692459149126901e-01,6.989371312478056542e-01,4.212994242917251775e-01,1.179676760420812071e-01,7.024083493018405677e-02,6.923798375826863138e-02,3.845470354734036771e-04,-2.659161035075384774e-02,-1.038778351035237191e-01,-1.855651654863980926e-01,2.656605847708850068e-02,7.808240330316690292e-02,5.112915955068456780e-02,-2.080011516066962440e-02,-1.024966489328282306e-02,8.103270209253726417e-03,-1.543623801789367636e-05,-2.122788476331466043e-03,2.360171791780057635e-02
1.720081382698026684e-04,2.210644653516013385e-05,-9.922742591290771574e-04,-1.162735290132992441e-02,4.847174383679327125e-03,1.317868359283440316e-02,-1.617720278418655067e-02,-2.410181518991784053e-02,-1.817873027458234980e-01,-5.940100438611623651e-02,5.907376119025139483e-01,5.270667889205711276e-01,-3.855332109639021398e-01,-1.498913461808773218e-01,-1.830601016265175351e-01,4.496391105546639760e-02,-3.156917806227658718e-01,5.036593683675997558e-03,-2.652398546403158044e-02,1.083969805966225608e-01,9.993739721451039282e-02,2.929461566913149281e-02,-5.363130184377042781e-02,4.358660662480980108e-02,2.406366976746739453e-02,-1.560235230359748558e-02,6.983020937143185475e-03,3.487360009634538939e-03,6.647503538559035828e-03,1.237310505811355273e-02
7.368033386368975891e-05,2.506722684347288533e-05,-3.506419234574874050e-04,-3.054534978961449907e-03,1.990691669294794228e-03,3.042184625563615092e-03,-5.957240827609379397e-03,-1.088354247787573156e-03,-2.963424675889772195e-02,-2.608024376671316813e-02,1.237032540028688843e-01,3.068745605313490457e-02,-1.981277368683256705e-03,-1.449273087829260759e-02,-3.968564392027747016e-03,-7.105313199770548760e-01,2.093654135739044797e-01,-5.903597392366609631e-01,4.106331586298246628e-02,1.413384510777942471e-01,3.098815750815608200e-02,6.374846960324394643e-03,9.436764493914005791e-02,-1.424259859814162588e-01,-1.178833351676771002e-01,9.093111798420674963e-02,-7.336001700539360876e-03,-6.625540097928489525e-02,-7.650542990483109873e-02,-1.947822343429292044e-02
1.735191733071070449e-05,-1.030714676501047060e-04,-5.960013029037869881e-04,-2.714554184021197684e-03,7.364659433775892121e-04,7.342838383195635782e-03,-8.659222066133067178e-03,-9.932459059772497101e-03,-1.760358503874012021e-02,-3.247192487048413539e-02,1.005212340501602103e-01,-5.295744830842619155e-02,4.596696026594750961e-01,-7.866028479433646581e-01,-1.469839078430451862e-01,9.623494451049149911e-02,-2.274229448726470398e-02,-9.564709631533198364e-02,2.832229119254810468e-01,-1.103833917603649212e-01,4.859776082810797482e-02,-5.262217835285142725e-02,6.286042235149921602e-03,-1.766152581943895156e-02,1.042829569779963189e-01,7.627564815617904337e-02,1.388425946593334305e-03,2.791611182627807674e-03,1.682514297672160070e-02,7.207229892205655603e-03
2.212976717514540709e-06,-4.821974767978679704e-05,-1.205068521284133510e-04,-8.393141173558785629e-04,4.796990242538626335e-04,1.269914726096239583e-03,-1.397788167882307950e-03,-9.874491448818201352e-04,-1.767044972318988771e-02,-8.834028500516361709e-03,5.676644728098042408e-02,1.312581292774371751e-02,4.841667530430179833e-02,3.937654792302210105e-02,2.349183308492022032e-02,-5.562196966552945127e-02,5.157275521708438309e-02,1.117674684509385175e-01,-3.467471059876736650e-02,1.083543766817295362e-01,1.931164245596239115e-01,-8.913219518516143358e-01,-4.299979317955902880e-02,-8.385359026305279351e-02,-4.333092887865306470e-02,-1.152184861354493134e-01,-1.011382332497677700e-01,-1.238079443449124038e-02,1.922905385421376234e-01,-2.396549557985502843e-01
