4.984466012010500130e-03,8.196335376400208650e-03,1.348686711586066442e-02,4.310081668695846246e-02,2.473676450996011023e-02,-1.347279509129844233e-01,-3.622818711312813383e-02,-7.486702074965190246e-02,3.141667231170470198e-01,-1.941464334208916620e-01,-3.389574253259881598e-01,7.397550144807703010e-01,-2.977961316790194712e-01,-7.211880022106940957e-02,-1.898243293900309381e-01,1.395559632241096804e-01,-4.383597787286416803e-02,7.954051650071045088e-02,1.024602591707657467e-01,3.340770912262661790e-02,5.728923680599879581e-02,-6.951893489432607078e-03,4.801612531426719711e-03,-2.894236874235639467e-02,1.326597645607085346e-02,-3.279986183454563532e-04,-4.436664232955377964e-03,-3.075158330072604593e-04,2.319667023756361111e-03,-4.063482542291625005e-03
2.145454691816351366e-03,-4.251542278327565504e-03,1.083180734551853278e-02,2.415982330262549660e-01,-5.265758286195086901e-01,-1.487473136886848513e-01,7.943689105267881523e-01,-4.550505968178118754e-02,4.444822211047502573e-03,-9.080498341442720667e-02,2.451843991494591368e-02,-5.165524802722486902e-03,-5.150919913045236102e-03,-2.484991590106119114e-03,6.546318947033327382e-03,3.389667640162089424e-03,-8.287977857927643940e-05,6.613141287976936249e-04,-1.331422161770972126e-03,2.399255290496020779e-03,-5.361708564274899995e-04,2.471671649823211671e-04,-4.448480589142669319e-04,-4.281854678291662831e-04,4.554174109995557393e-04,-7.485434038529783542e-04,-2.142103750941763923e-04,2.282951223120268283e-05,9.968909959057921919e-05,1.661063915786041350e-04
3.439820600100668146e-02,5.364118274672827202e-02,7.682723455249020061e-02,3.906261497085181666e-01,2.177742168285189406e-01,-8.546547193463561731e-01,-1.166664661480997789e-01,7.663144701750443377e-02,-1.324296928337041490e-01,1.183641413715876833e-01,-1.217398493263368263e-02,-7.541735484098453790e-02,3.433195921113137150e-02,3.050816804360470622e-03,2.242524490793677827e-02,-2.004840985453945623e-02,1.226673047459843346e-02,-1.153400372554043082e-02,-1.477377178767930004e-02,-2.662425625668450157e-03,-9.522617378581140976e-03,3.366245899809561411e-03,-1.383207266892884976e-03,3.541048161922353329e-03,-1.458370871038608928e-03,-7.292531119870769660e-05,8.855848765373405915e-05,-1.576168757654738492e-05,-5.933425265314514266e-04,3.450095961104063334e-04
5.172662475215189515e-01,8.472409027697708206e-01,9.445626167016922536e-02,-4.237533793552243633e-02,-3.108841348036476757e-02,5.360974657190344106e-02,3.544768573083278539e-03,-2.417979108282159503e-03,3.970967341949513570e-03,-2.986192588734330310e-03,3.602883252346917534e-03,-1.970059853453711481e-03,3.626220696703722803e-04,3.659208612411585693e-04,1.550474536967189553e-04,-5.991299629113548615e-05,-1.642468798654567240e-04,-3.699256836125251280e-05,-8.819032341661363404e-05,-1.591620112497271614e-04,5.633830915166995697e-05,-1.091027041220090168e-04,1.607565061247828147e-05,2.912362976723305457e-05,-3.241644343508924200e-05,-1.161177089814792545e-05,2.943666180576591090e-05,3.482842107438330965e-06,8.487386864746758686e-06,1.407732695946901988e-05
4.186521744892865645e-06,-1.747433533350409713e-05,-9.520413303424839050e-05,4.200217027452373504e-04,5.517466874513068031e-04,-6.316431461701456319e-04,-1.492146830706419201e-03,4.172025361955515252e-03,-6.053364168367498209e-03,6.815611194822082143e-03,2.244325737881567445e-02,-5.444292500762165643e-02,-3.932272632555309892e-03,-4.879419008803806412e-02,-5.424252032399122514e-02,2.749313834930278144e-01,5.814459892631950594e-02,3.448232647644562943e-01,-1.117392996290825780e-01,1.877741029865006572e-01,2.424663037214954547e-02,-1.580577916175764930e-01,-2.825936121826659320e-01,5.904673503795119238e-01,-4.844814480847961513e-01,-2.092720161130820766e-01,5.084095498599599389e-03,-9.473826992530286553e-03,5.526078941863799693e-02,-9.852270141351646138e-02
3.936574319361285223e-05,-5.411497547342206013e-05,-1.595839433611631185e-04,3.320387685577333350e-03,1.705873435473233106e-03,-1.171467957202067429e-03,2.258670628987470130e-03,1.835063177142354229e-02,-5.063927976571911543e-02,4.371860899068996664e-02,1.067726549887090814e-01,-1.240092990957571834e-01,-7.209017509071716234e-02,1.272081363891201626e-02,-1.070790533427041918e-01,1.466979616552454846e-01,-1.895719468054899437e-01,2.924083204590519069e-01,3.651054410656929400e-02,-9.375757292736621373e-04,8.111449545247785275e-01,-2.623151493570673454e-01,5.984177618902890294e-02,-2.200878782619773155e-01,1.192064795323554138e-01,2.845695349146939654e-02,1.216857329046925652e-02,9.042601973459360801e-03,1.131753686214818921e-01,-2.063499611333194719e-02
7.908559462884130287e-05,2.613615617117980740e-05,-4.124637873407413350e-04,3.522042710199134279e-03,1.318136467461688633e-03,7.413719004358699908e-05,2.767332028456389540e-03,3.136775843580598411e-02,-6.118417190507146469e-02,4.587759660256697514e-02,2.032560260182843526e-01,3.552210787889172050e-02,2.188988684328475876e-01,-1.608769393617998089e-01,-1.417503224749012136e-01,6.419408933012357710e-02,-4.491819691396860548e-01,8.480246042103420367e-02,6.139808425751728249e-01,2.819468691284701123e-01,-1.934774377640891274e-01,1.092297216870399407e-01,-3.306455276893105477e-02,-2.546562593210899283e-01,-2.467572945327081435e-01,-9.677745116156546978e-02,3.071691052686780984e-02,-1.436791642518234040e-02,1.626630945616787741e-02,1.261426824916925087e-02
4.696832465127630924e-05,2.077335270547806358e-05,-6.886849643312344213e-05,1.431617710242092398e-03,9.212311342227203978e-04,-8.130842569282664732e-04,5.917239728628841643e-04,1.237025394426181750e-02,-1.524420216300467409e-02,1.544929847502154834e-02,4.965768450045290883e-02,-6.215759668869980797e-02,3.777607793788741869e-02,-7.447619897898651031e-02,-7.583052159728263797e-02,2.702793130689515877e-01,-8.068418526080163578e-02,-4.950135768003330328e-02,3.195726712635201805e-01,1.100172241825038560e-01,-7.483624756088123886e-02,-9.714704346231296805e-02,1.874186624628843556e-01,5.617925782849956251e-01,6.107626557447877191e-01,2.092007209701043369e-01,-3.040063059717915822e-02,1.264713828350463171e-02,-1.551315849916360193e-02,1.346802674952275389e-02
8.214291779903677639e-06,-4.733234191025722756e-05,-1.659350259286451659e-04,1.106697734122545108e-03,9.372992296650965640e-04,-8.965212032919666523e-04,-2.499886320631155841e-04,1.131121693393381984e-02,-1.123235546536886960e-02,1.337745121493791323e-02,5.936735186244780638e-02,-7.425383964110346402e-02,-1.278038888255919048e-01,-3.135747566489123228e-01,2.007929886747179121e-02,1.040679911029831484e-01,-5.514949644764313014e-02,4.191289807658394873e-01,1.261663464572566618e-01,-7.798886064838159715e-01,-2.246819410141422391e-01,-8.422536889536296617e-03,-2.510538360236587441e-02,-3.081880185743962261e-02,-1.232797300505522609e-02,9.612768290631686086e-02,-1.381346695375386749e-02,-6.174531901584312012e-03,1.760901353600435220e-03,4.151793994415032066e-03
-2.710161766071101127e-06,-1.888712216604811837e-05,-5.602395246835187195e-05,1.759863922903725142e-04,1.496071907014649065e-04,2.633143357823231772e-04,3.412968917298762395e-04,3.279215830867754627e-03,-6.856745889861646202e-03,6.223647248880510505e-03,1.816004838092880394e-02,-1.640985243038127830e-02,-5.476911259313536028e-03,-3.875048113382282156e-03,-1.625182701240484792e-02,4.034374788834865777e-02,-4.478548858737497335e-02,8.653589115677162713e-02,-1.366315572020547833e-02,8.814802665545649896e-03,1.711745598611628949e-01,2.228282334691092936e-01,-3.259806287679811038e-02,5.185695651287339225e-02,-3.758394465267611562e-02,3.057154021472737251e-02,-3.920665402483223400e-02,1.740698989647060727e-02,-9.409317818474390860e-01,1.239514621295643299e-01
3.402431167196483253e-04,3.093866965412300036e-04,-5.532108479773141345e-03,4.984595452323802196e-03,2.491975684800401287e-03,-2.160741210156864010e-03,1.110892150893348466e-02,9.044571903598658258e-02,1.016581062359078469e-01,2.522119332307849390e-02,9.041496331073360648e-02,-1.286437848828514974e-01,8.474947491193830784e-02,-2.870182892598876490e-01,-8.383544841446929352e-01,-1.634101346171116798e-01,3.444523738336429108e-01,-1.209879937717736054e-01,-2.599393638870152456e-02,-2.737405388327352265e-02,3.138937315854413435e-02,1.217258340817822457e-02,4.371719490408210174e-03,-1.354733708155036846e-02,-1.375534552170000306e-02,-2.274422590201933755e-02,-2.490349554550607466e-03,-1.726821269424046569e-03,-8.157326960095148682e-03,-1.752718646315518146e-03
-7.943967392840900563e-05,5.512211434410257266e-04,-4.701260262482013196e-03,1.497672355753018603e-02,-3.897900944816703322e-02,-1.840008740781510013e-02,-8.437255793314529795e-02,6.499687068831340175e-01,-1.016737680201448280e-01,-7.342333093254579390e-01,1.233776449931163199e-01,-2.926635286289324886e-02,-1.859426361292138702e-02,2.017702533101321111e-02,4.256928146141248509e-02,9.434765425977199166e-03,-9.090599695572987434e-04,-5.594449804083364598e-03,-8.093769930618520403e-03,2.710308694995726582e-03,1.596081631635212295e-03,1.172263201812979083e-03,-2.521815158379964693e-03,-2.759450826352350793e-03,2.934526837100427839e-03,-4.081329507441435085e-03,-1.346575206486040047e-04,-7.808232839474003298e-05,6.499040110624290526e-04,1.811515901260973762e-04
2.412422638902093127e-03,2.962973995165323234e-03,-4.054692790236142513e-02,5.520065186509645616e-02,2.623911058837295404e-02,1.033289814798801914e-01,1.282094695814437468e-01,7.249734410554224961e-01,3.021149053343366031e-01,5.686701770183920646e-01,-1.079624787906297567e-01,6.970704724451189105e-02,-4.092585581149385532e-02,3.680352892752578736e-02,8.310779605589117824e-02,1.397512818120971549e-02,-1.628546456309934096e-02,1.267353930865321686e-02,3.634464600741208525e-03,7.666174481439245667e-03,-7.771753009796245580e-03,2.438743399322014418e-03,-4.055132796319455175e-03,-8.162440335629851142e-04,2.808557254352453750e-03,-1.481125258805930699e-03,-2.184150268263073368e-03,3.002583819711138343e-04,1.127290954668341318e-03,-1.196426329104620725e-03
6.193538740327713538e-02,8.021015681667487129e-02,-9.871798689705096885e-01,1.083026704436049759e-01,2.189397370144600258e-02,-2.902775346786187413e-02,-1.475984396077439920e-02,-3.727907799194804528e-02,-8.786199951002058098e-03,-2.147060947508182965e-02,2.288185183705845546e-03,-5.709964451230751647e-04,6.579208986894540066e-04,1.601020331450235296e-04,1.207284789921486169e-03,4.207688187291005414e-04,-1.125030321900020698e-03,1.366816705853602320e-04,3.520753081796036417e-05,-9.566145112269476016e-05,1.783918961862087597e-04,-1.004735097352981859e-04,1.289769980929471240e-04,8.669086441281018238e-05,4.124301082067592336e-05,1.645381230063552803e-04,7.876026350045594996e-05,6.490416618371829968e-07,-1.397656968654440807e-05,4.367035491654903815e-05
-6.536729193548557747e-07,4.558543130709062318e-06,-3.746667085967647545e-05,-1.007231814169408310e-05,-5.515440217236064106e-05,-4.551511604651361262e-05,2.498307110727808825e-04,1.943690017877951811e-03,-1.087079875812041940e-03,4.156265445480024421e-04,2.589451460778411946e-03,-5.203693928224140466e-03,2.827046179246232600e-03,-3.332861575454766634e-03,-1.638490731444086981e-02,2.520673875852959961e-02,-1.484810170324697004e-02,3.685733084908295737e-02,-5.944120908585063395e-02,4.370447641654163357e-02,-7.445547027973883902e-02,-3.099908875951050760e-02,1.658872614499730114e-01,-7.253661752015885811e-02,-8.763567200448440717e-03,1.588119978111018071e-01,3.595896716002945359e-01,-3.389943053996539307e-02,-1.497786673287083148e-01,-8.800826631909196562e-01
4.967270065685038750e-06,1.443091963602760253e-06,-1.166820085995633411e-04,9.099751960293082790e-04,9.822758637172167902e-05,-2.629106135284929179e-04,1.872660318389196901e-03,1.006577305451509564e-02,-1.978208896623469618e-02,1.211191556241636783e-02,4.634885517897692486e-02,3.642961764408170905e-02,-4.067172300240014943e-02,4.248253626167308034e-02,-9.878934673780455367e-02,-1.012476252547843542e-01,-2.733147345170597320e-01,1.254914657279143815e-02,-1.977306250991983649e-01,-6.105119766003236359e-02,-9.274438961160494377e-02,-1.852098409264482659e-01,8.010857504516918359e-01,1.319844588273109409e-01,-2.062340624640863207e-01,-2.736250055073134457e-01,-1.664682669735819132e-01,-2.776661054138455584e-02,-5.269863279065205297e-02,6.326937462776976995e-02
6.027270653614035397e-06,1.760402880245798691e-05,-2.394021310814471791e-04,8.572620491717722509e-04,6.154507065778351928e-05,-2.798203155858427376e-04,2.813414913571459126e-03,1.867433926800935243e-02,-2.344451874112191136e-02,1.969949581938264249e-02,1.128347622514204451e-01,1.544750117510525766e-01,1.549310428980688048e-01,-7.935564899081731793e-02,-1.862425276324497503e-01,-2.058119517182178393e-01,-6.327540288066381136e-01,6.729938621642391622e-03,-5.039020368705517949e-01,-1.940641282999434197e-02,-7.904213464843992676e-02,5.253049215307227862e-03,-3.375844169759235069e-01,9.429520771657512457e-02,1.990868196258249734e-01,1.301683274986933092e-01,-9.764305978931386854e-02,-4.446194097667569012e-02,2.894363053782381817e-02,-4.460652084737522227e-02
2.653441653223973812e-06,5.288364186908934485e-06,-4.186458404994283306e-05,2.408108513314236715e-04,1.466496380045230713e-04,-4.608650690240004093e-04,8.677420387363933389e-04,4.871752420708416915e-03,-2.130747882551771791e-03,4.670098255078215625e-03,1.021637207256243657e-02,1.747801853670614969e-02,1.281187633280773085e-02,-9.587643008815741399e-03,-4.067901190452723192e-02,5.525289914990775403e-02,-1.020584217349236045e-01,-5.043463056433562797e-02,-1.084853924203785236e-01,-4.972253307784455650e-02,-2.105347747088828769e-02,-4.702989860358034596e-02,5.030564512255011195e-02,5.180165725658248538e-02,5.105776306642590898e-03,-6.968482054707639262e-02,9.031109525170860630e-01,-1.465910374096878951e-02,-8.262073207027848844e-04,3.725562514504779377e-01
-1.441991547001642037e-06,1.361243971809609141e-05,-9.819538901979814999e-05,5.311436788524716117e-05,-1.903583668099120642e-05,1.703234995022086945e-04,4.140927102621774335e-04,5.823451850810280189e-03,6.456211719502546304e-06,1.794944995178736108e-04,9.536642609132299844e-03,-2.219360504077259617e-03,-5.772924267182226454e-02,-7.377420634923130549e-02,1.482173416417103054e-02,-5.680531042994785285e-02,-8.803881126518413314e-03,-4.643403561527864598e-02,-1.619442903972564962e-02,1.059338689862864002e-01,2.839757336338102553e-02,-8.143571353836140392e-02,1.477444870207270111e-01,5.933406441749118632e-02,-4.026694059587920260e-01,8.630840737201013191e-01,-1.423231248811187948e-02,-3.911027306163339379e-02,4.648684348990903686e-02,1.737617348176043186e-01
-1.408880060151221116e-07,-1.611909330579395938e-07,-2.043872709879776900e-05,6.017746042329321098e-05,1.444004701871923760e-05,-4.978596258076342749e-05,2.442612392577795072e-04,1.665789533451257111e-03,-1.991412049995737715e-03,1.293204524137870964e-03,7.227813605887042393e-03,4.028382690136631493e-03,1.731053515158046405e-03,7.964373990335097851e-04,-2.114909978800156090e-02,-7.422208508717713371e-03,-5.054668185572943478e-02,1.372285339073977747e-02,-3.358476091615118092e-02,-6.381355673372410796e-03,9.678394623674891131e-03,1.115408679597146846e-01,3.776447884460121945e-02,3.048249806760671560e-02,-3.603387057494573248e-02,3.318161332733467889e-02,2.232199471454698533e-02,9.871983784982567567e-01,4.900584600974528665e-02,-2.747340769192362780e-02
7.021981629300655912e-03,-1.884308415994147019e-03,1.582074855982566405e-02,7.549525254367032978e-02,3.508776201220870083e-02,-9.487295779955703945e-02,-6.261281441972091355e-02,-1.481033055933241860e-01,8.448199184050032562e-01,-1.573969001176832860e-01,3.908122523889902555e-01,-2.034485949298572849e-01,4.474671841936248007e-02,8.792961082227722380e-02,1.149909946772757763e-01,-1.726460049947849823e-02,-4.230981974682489904e-02,2.043649893820478815e-03,-8.300278080208983028e-03,-4.498553756521746910e-03,-8.293040117961090335e-03,-6.571500579314733421e-03,1.533708130390667394e-03,4.691836756198794998e-03,-2.378739360351575776e-03,1.460239911853916488e-03,2.411129745521624172e-03,2.984235380593542588e-04,-3.548298283530823896e-04,1.359981452062055882e-03
2.859930630196198288e-03,-1.464910684951388313e-02,2.875099841671284462e-02,3.842756333890086640e-01,-7.172149210709835021e-01,8.650055237912972206e-02,-5.635556440230999886e-01,1.354221659703103630e-03,-2.077631617498386114e-03,1.040378209251219821e-01,-2.943146904798663380e-02,4.629797785770157874e-03,5.009751676673920677e-03,-8.667315379374877738e-04,-7.229546773930812555e-03,-2.280068380732119555e-03,1.910701423401304849e-04,-9.051008397177441145e-05,1.318862085457146423e-03,-1.995059662177054490e-03,5.383835723987043069e-04,-1.211624772876087035e-04,3.035842782414827231e-04,6.125770934752617107e-04,-4.653093864696419466e-04,7.150942497991826354e-04,1.506285961914980342e-04,-1.623192718004893848e-05,-1.052981882067994634e-04,-1.117643259593043573e-04
4.860884946643263121e-02,-1.436171816882031264e-02,8.683476204790724351e-02,7.839991045688473603e-01,3.940172348945388814e-01,4.444353904646347608e-01,9.225685751110208888e-02,-6.570816121220685035e-02,-4.693692642135077753e-02,-8.305657430695956300e-02,-1.816576113713505927e-02,5.873424154726130698e-03,3.539600020352738543e-03,-7.382546139592533960e-03,-9.879891640786791704e-03,7.590684791847852799e-04,5.459857503873491794e-04,7.955205358479725203e-04,1.361286011244061201e-04,-3.717205982176890609e-04,1.444373252887989727e-03,-4.941225467931511996e-05,5.584858887133244522e-04,-7.956375827253503669e-05,-1.372369704387910649e-04,2.172541156745383113e-04,1.066548939580973661e-04,-4.395100504338450597e-05,-2.810894832669444049e-05,7.464382691413441241e-05
8.514462136228431177e-01,-5.218741056236744225e-01,6.147412776177784040e-03,-4.560935651548903708e-02,-1.077675541779508223e-02,-1.994261746509324099e-02,-1.389389116561923513e-03,4.568285616716291804e-03,-3.403408526377945265e-03,3.914424684785069476e-03,-1.949855197702811708e-03,1.056270019404188321e-03,-3.767966664474546655e-04,-2.181240794672711025e-04,-2.272403783387016757e-04,4.875627134643935540e-05,1.901593517665750360e-04,-1.861136124445762801e-05,4.771140580162606455e-05,5.631031110283116724e-05,-1.243595059464222732e-05,3.973776398176673399e-05,-2.935198501678966870e-05,-2.248419289468104294e-05,1.419911593402653809e-05,-1.260259842951609248e-05,-1.794574285359835540e-05,-7.603636981207346815e-07,5.246479571911449153e-06,-1.141322499762225432e-05
5.776495666292556536e-06,-8.449585705998679294e-05,-3.009702410588427411e-05,6.048040452046482031e-04,3.708605238918684008e-04,9.707238009024150762e-04,-4.036164048277497522e-03,-1.761407064584048819e-03,-8.910324158278387641e-03,1.364285389756008694e-02,4.361663652120546797e-02,-7.263026818064885481e-02,-2.995558904959181104e-03,-4.504514108294375985e-02,-6.495020133246100225e-02,4.385529154428564613e-01,1.527478422254028856e-01,4.211751983456266668e-01,-3.612123842660469042e-01,3.584068974443618272e-01,-3.336335542917605590e-01,2.738676967665465076e-02,1.185977967732050609e-01,-3.736758226755193535e-01,1.968420185110401066e-01,8.064794235418137891e-02,-5.674370187768271179e-02,1.077979173813949608e-02,-5.305412542402764432e-04,1.412545622319701100e-01
9.884917426755404299e-05,-4.197992648725611098e-04,3.482737767394967414e-04,1.021309751823118103e-02,2.942098517225916372e-03,7.381489423963351164e-03,-4.613338952019581038e-04,-1.048653590437297230e-03,-1.478085108445359452e-01,1.003533408805900445e-01,3.780087712283645707e-01,-2.423106896702139496e-02,-7.017292333193346776e-01,4.708186328837665191e-01,-2.258394589657823637e-01,-3.882192470097586140e-02,-5.589800706415219006e-02,-2.061188483640869970e-02,8.468555872713939836e-02,1.155734215983693532e-02,-1.687806377794385804e-01,-2.346211522902744498e-02,-1.302190082765979084e-01,-4.518698175337450100e-03,7.885498539745487354e-03,2.030776902909317561e-02,1.076380949508912513e-02,2.660926721816765737e-03,-1.889705113211318996e-02,-2.497841983375024850e-03
1.520653090283530121e-04,-3.679296444754403205e-04,1.393857552952109855e-04,1.052718750294279540e-02,2.492688735263548679e-03,8.292092723619351111e-03,-4.106180692954821716e-05,1.801449752088906883e-02,-1.586734438754680288e-01,1.272545998401918010e-01,6.662288403159675187e-01,5.602794364690715234e-01,2.396207940765578137e-01,-6.880361865225612106e-02,1.523441405117425540e-01,-3.721266122153741446e-02,3.079809858764454567e-01,4.015372520636024956e-02,-4.020590844555881754e-02,-4.320965104536050871e-02,7.938719490087975394e-02,-4.066496095156978130e-02,5.486187799992998937e-02,4.027654837380012509e-02,2.821056702295436300e-02,4.360857349185254597e-03,9.938653586043831936e-03,9.989531161266910694e-03,-7.024496285498298478e-03,2.411307509489065369e-04
6.999442280849221842e-05,-9.434502752361375124e-05,1.846414941448378780e-04,3.112200750883625973e-03,1.653789660383506036e-03,1.109616153710183534e-04,-7.023579570674728240e-04,4.003354092960464614e-03,-2.223562035704415921e-02,3.522168986982335964e-02,1.095452079373701315e-01,4.294116297189776318e-04,3.978926051547975341e-04,-6.224141358899729082e-02,-4.589011601682860958e-02,6.990895028519195087e-01,-1.138186869280941454e-01,-5.983457399502006835e-01,-1.374395870695258037e-01,-2.185644795581467847e-01,5.332806302077085225e-02,2.052337625924302231e-02,-4.007080015075835389e-02,-1.020149347140137802e-01,-1.648690041915652771e-01,-2.364224669191368478e-02,-9.273506109198247083e-02,-2.666856581178139469e-03,-2.436566456476004384e-03,-4.759939107377288842e-02
1.670753695406015175e-05,-2.131777202453874693e-04,1.770955223215492369e-04,2.454801888124654059e-03,1.342110063758596150e-03,4.285000851547535357e-03,-8.406189757095845760e-03,-8.131152768351690430e-03,-1.501399446634853370e-02,3.148124327580970744e-02,1.305961644644869080e-01,-9.287101068342105969e-02,-4.956317187589237006e-01,-7.231005296567399876e-01,2.617473541258105163e-01,-1.379815149252211770e-01,-2.503051116592082057e-02,-1.532746449506042219e-01,-8.074204066909485000e-02,2.542378694158402008e-01,5.157631835669408693e-02,2.263665147354818399e-02,1.159659250502486326e-03,2.673495890239639076e-03,4.650796923386643633e-02,-1.253812359816774136e-01,1.227573881698011508e-02,7.251897735438086502e-03,-3.274327570138991193e-03,-1.760791072956198119e-02
1.272603787509929689e-06,-6.345305466583803580e-05,-3.388136717320301597e-06,7.588877558545541581e-04,2.879098132153285567e-04,1.089676607871064825e-03,-1.785859048685666710e-04,4.960571735604358233e-04,-1.547079357137557711e-02,1.379139079887276194e-02,5.451972936379018142e-02,-1.166620703311576496e-02,-5.727895107158310906e-02,4.135623179237602615e-02,-3.855273497050498016e-02,5.930368769914059340e-02,-3.667823564376146428e-02,1.188027245501790258e-01,-7.110306116324276171e-02,-1.603189859141697371e-02,2.020052166597146315e-01,8.799966298017154465e-01,1.842099516108750556e-01,1.653746597543695462e-01,-2.305022650201308740e-02,2.069281377759187718e-02,3.388242814824777432e-02,-1.365018646759337817e-01,2.591665537719551327e-01,-3.610362655592186387e-02
