4.878869863149953509e-03,1.075926564208410513e-02,-1.349176352365696191e-02,9.659366376838965373e-03,4.327176759981004456e-02,-1.329577574947710117e-01,1.034221732162415169e-02,4.843580071869753312e-02,-3.559376417690211514e-01,-1.058588097706264219e-01,4.882000340771930347e-01,-6.981838697626089330e-01,2.056541934223924117e-01,7.731423747740166080e-04,1.799706274171413156e-01,1.216551082416668095e-01,-3.478048017007356885e-02,1.165764024120230224e-01,3.194958265916870987e-02,-6.421241255817698723e-02,5.770725033004855259e-02,1.994087579561222220e-02,1.748389455527971786e-02,5.449859167592399634e-03,-2.125295499048495806e-03,1.931057676980919846e-02,1.486433111746035931e-03,-3.291811761673163732e-03,-1.606035842281630524e-03,-8.021810769493302722e-04
2.060191505619973253e-03,-1.721309012916793580e-03,-5.116890063738097939e-03,5.405170978890062594e-01,-2.115900220303667534e-01,-1.357268813019688047e-01,-7.961662935001041497e-01,5.777800555086774759e-02,2.573595246950209636e-02,-7.838858323465670852e-02,-2.119328505010837152e-02,-3.492824042433510974e-03,3.596138533284194607e-03,4.942162860264141984e-03,-7.412000091697413737e-03,5.538405634226894678e-03,1.518006922801330705e-03,-5.123903610258126982e-04,-4.797592387575033094e-04,-1.131492970014734119e-03,-3.454148786520870118e-05,-3.868311517366651808e-05,-7.221972762925302745e-05,-9.194047637867478934e-06,8.337200763203331168e-04,5.557956853599520458e-04,6.106806686709304997e-06,-3.358701551401013351e-04,4.813077044852975090e-05,-2.252449756682452654e-04
3.369448910917186013e-02,7.305144247893349818e-02,-7.575548492650011068e-02,1.221783823238499073e-01,4.147088649375023084e-01,-8.650810508669817267e-01,1.111698679298588344e-01,-8.041436308957507217e-02,1.352904486683142726e-01,7.861795999348433761e-02,-7.036844766420762357e-03,8.671291743256610840e-02,-1.985616669317833219e-02,1.485999997782406394e-03,-1.456922060178247359e-02,-1.955903877268045515e-02,9.134168622809222399e-03,-1.966115853209197267e-02,-2.321358684073603681e-03,6.378584214730499517e-03,-9.437801905576036904e-03,-4.930625219913007187e-03,-1.877608067291212761e-03,-1.218562064922523594e-03,9.780172749132823220e-04,-2.729631370590252654e-03,-1.631548426914121918e-04,6.909145854991627627e-04,4.240855557862733302e-04,-2.386328022040789501e-04
4.985904787564179319e-01,8.611641965671873455e-01,5.143816627498402211e-02,-1.048223381699971146e-02,-6.314319158348825900e-02,5.492032921705677223e-02,-2.784560211319176727e-04,3.112007714816429540e-03,-4.175879690714106099e-03,-1.356335377250302574e-03,-3.777573530174443625e-03,9.055462428999377054e-04,-3.929494986150338862e-04,-2.693934422621483316e-04,-5.028040000703428531e-04,-4.074528790523312574e-07,-1.312657241136950149e-04,5.432745017744399808e-05,-1.463073540548752145e-04,1.573650916397273500e-04,7.490779117361724107e-05,9.915135033213752654e-05,-3.062250105823974560e-05,-1.566631749973838688e-06,-2.733972414550956822e-05,-7.858167897036295689e-06,-1.510245203637710278e-06,-1.200808480604059194e-05,-6.592017170901764803e-06,1.772616065401466426e-05
5.042719440917274233e-06,-1.242467129481502196e-05,4.871659770556764933e-05,1.461214095316266883e-04,7.494767535940396064e-04,-4.088471132271608802e-04,2.425029003894039591e-03,-2.230227816139382629e-03,7.649340842877966340e-03,1.434290221145035401e-03,-3.380430971704750237e-02,4.882292548559526851e-02,2.291694412562482117e-02,2.877154881126711347e-02,8.488703106333572723e-02,2.434322701527014132e-01,2.774132050232119284e-01,1.361766596561980180e-01,-8.754324998635662491e-02,-1.404086690672501914e-01,-2.792810410847811758e-02,2.314332741326228793e-01,-6.683750999982308594e-01,-4.995366326144984881e-01,-1.627086704220564450e-01,1.432248929190400866e-01,-5.675110962795664078e-03,8.942387089180602044e-02,6.823952060994445921e-03,6.034803522809065179e-03
3.998763345990162776e-05,3.269255015098859924e-05,8.597806127521016200e-05,1.546282814335650513e-03,4.005059907800704450e-03,-1.467995514481560586e-03,2.351141999493207985e-03,-1.069024794522795661e-02,5.643586022038674099e-02,1.779117540044763968e-02,-1.172366654087869803e-01,9.029100066982688466e-02,6.170352297142758097e-02,-9.099011253020330980e-02,7.993261183975304551e-02,1.597755902819558704e-01,-4.520955087049512849e-02,2.766984875387826226e-01,-1.247771669873400102e-01,-1.520973512516613779e-01,6.941392919541714557e-01,4.856448754900861697e-01,2.674259262627843303e-01,6.742463261702924537e-02,3.637736089655204536e-02,8.238234090034013413e-02,1.815770976565914911e-03,3.604001984793913510e-02,-9.392870672862280168e-02,3.420992407410650138e-02
8.271222031983305981e-05,1.316622903250135425e-04,1.994092451959587258e-04,2.240179904427589373e-03,3.884659841099907113e-03,-1.424824411048557704e-03,4.129431551009856913e-03,-9.243226364297056283e-03,7.304413545704779853e-02,2.097536005445894275e-02,-1.754729258117322666e-01,-8.515412092136884908e-03,-1.481574942266956907e-01,1.850281238061511624e-01,1.502059832791771410e-01,1.604618020490489738e-01,-3.967820110908028552e-01,5.468968805381440035e-01,4.343706358223641262e-01,-1.676900475438596050e-01,-2.081469455558816184e-01,-1.551972274372410698e-01,1.915569671587208367e-01,-2.382747536521409026e-01,-7.837051016363698330e-02,1.246222393691906877e-01,6.798738347182559094e-03,-1.774267895103483206e-02,4.920056343606597077e-03,4.972588251787894709e-02
4.555356215352099450e-05,6.663326719865821589e-05,2.742391386564606160e-05,7.697181760837685160e-04,1.721966010412786857e-03,-8.561223281632322248e-04,1.998931467711572828e-03,-5.976169047140264708e-03,1.988767959733977325e-02,9.729082813073759370e-03,-6.475377252651638715e-02,4.935947151069115801e-02,-1.989417073549308232e-02,8.422328651111907205e-02,1.347184421342403349e-01,3.130497688049759808e-01,-1.068590172387826887e-01,7.569150020062306861e-02,2.713818052429008976e-01,-2.759082193200504060e-02,2.768580636494145930e-02,3.439290406237525966e-02,-4.957731158056278842e-01,6.757965076492200573e-01,1.413485480336823252e-01,-2.168212018327010382e-01,-1.566496114851837276e-02,-1.665669577413871408e-02,-5.202970079599263803e-02,-5.457482828545745512e-02
5.935954041775102955e-06,-1.202638710744418968e-05,1.842753965261242932e-04,5.684363818039377125e-04,1.193155669408676274e-03,4.804686927411648415e-04,1.091281349226928994e-03,-7.972882184828831639e-03,1.441899192001244549e-02,1.283199325330357764e-02,-4.756980889438584825e-02,5.316379945346001723e-02,2.651259634565527046e-01,2.199840034672641276e-01,8.978565689041966003e-02,9.593727418477766833e-02,1.965365990292876341e-01,4.326064181143957077e-01,-1.983456721923735899e-01,7.591962879488979299e-01,-3.883457268008001784e-02,-6.803779678135032927e-02,5.505838495136523153e-02,2.898486429858852104e-02,-3.379551162318291530e-02,-7.488129360430441361e-02,-8.150812083151017656e-03,-7.893070140034293483e-03,-8.854211098301523891e-03,-7.808629825013289547e-03
-2.131843551638681239e-06,-1.611596098845596704e-05,4.712978474395983913e-05,1.183646467029880701e-04,3.877237071268398042e-04,5.419706624017442718e-05,3.952322973355310064e-04,-2.393757316202177118e-03,7.087616220198027922e-03,3.473341981051348681e-03,-1.801180170835704059e-02,1.640943803539564316e-02,6.882066321136923528e-03,-1.484395827383210541e-02,6.863834207121725234e-03,3.437207726823349185e-02,1.665820828861068470e-02,6.887432751921931939e-02,-3.375578515949941710e-02,-6.370013052159374800e-02,2.179929090322064167e-01,-1.503230122433581173e-01,-4.048956089518863932e-02,-2.652709676980899087e-02,-2.506965488692948843e-02,-1.301969310659733814e-01,5.086156719284395944e-02,-2.912044390258711202e-01,8.928863448286972204e-01,-1.137966569264657196e-01
3.224975897550306581e-04,-4.916808197830293105e-04,5.576041919629294054e-03,2.452476885429545096e-03,4.883381435606149248e-03,2.974283130253001402e-03,-1.739065283403076756e-02,-8.496084370075063230e-02,-8.039566694446792505e-02,1.172602141882384159e-02,-1.260348500516883241e-01,1.025360545921220057e-01,2.062302614995348282e-03,-4.082649835765469679e-03,9.197667314070387956e-01,-2.700462699884597084e-01,5.700907575098285857e-02,-1.820799505343576874e-01,1.524716498392363799e-03,-1.086018868344115155e-03,1.309556127091187835e-02,-2.431823164950527166e-02,2.595599876860403207e-02,-3.752019292323723748e-02,3.172010171740276968e-02,-1.125395748422507516e-02,6.528716893300946615e-03,-8.066614291429062902e-03,1.105597113298150639e-03,-4.543803262143773932e-04
-9.173472529361391804e-05,-1.788230865738792423e-04,8.670657877068634750e-03,3.711176372921359823e-02,-1.855931800156836523e-02,-1.238907295186016458e-02,7.985655037263175715e-02,-5.389369242839412433e-01,5.008580159350696503e-02,-8.254371431325651098e-01,-1.185026806774083924e-01,-2.518600559040226269e-02,1.372962088430769792e-02,4.213865290943998726e-03,-4.490165920272761596e-02,1.578329563007104669e-02,1.967311332993069550e-03,-1.139229965732143496e-02,-1.204410563056906543e-04,4.918209172089901132e-03,-4.528806203820123777e-04,-2.989988191710790319e-03,1.213620559011110078e-03,-4.869474723461440758e-04,6.416888491780781828e-03,1.909596943615151894e-03,2.641414919216010596e-06,-1.448931108287006189e-03,-8.655488137596678328e-05,-1.522838279023715419e-04
2.283931916975313284e-03,-2.537113935918654771e-03,4.082256292953678756e-02,2.620412258167924974e-02,6.221025760965823159e-02,1.149518069629965056e-01,-1.326179277342961205e-01,-8.228077093201514591e-01,-8.924469149623673325e-02,5.123309715565876887e-01,7.679055778754660666e-02,-6.314363540543245501e-02,1.182359015284072286e-02,-8.821074283716066194e-03,-6.750779635551669433e-02,2.074819111112842160e-02,4.178631084442988551e-03,1.398610952297688233e-02,8.860868232298700284e-03,-9.065294998726327116e-03,-3.850293738995616295e-03,2.250514503810832363e-03,-7.114152756457400298e-04,1.370897132741733231e-03,-9.991248811814135329e-04,3.152618255342518223e-03,-6.574729767326532902e-04,2.065725656034377890e-03,-4.705314630532199524e-04,-1.512359597121435860e-03
5.967446526338807122e-02,-8.199457163929510517e-02,9.826934544157243101e-01,7.574665542107267280e-02,1.221245787373870378e-01,-2.490713380644906869e-02,2.190472293698405085e-02,4.466051478994768897e-02,-5.264312447793844697e-03,-1.568515187675821598e-02,-1.301010509197498850e-03,6.103743205671909641e-04,-9.514200034168744441e-05,2.270434171686261827e-04,-2.463063233748248766e-03,6.287275816804831175e-04,-3.075796353584501412e-04,3.984703809711530060e-04,-1.684257982735717170e-04,1.884159803423979089e-04,1.024886767340802850e-04,3.735495474671734264e-05,-6.627280529564100783e-05,1.796523122783145966e-04,-1.127988390547933500e-04,-6.532486442570740581e-05,-1.263216936118691145e-05,-2.062043949864840445e-05,1.311736647312079601e-05,4.937851256524109915e-05
-7.976528504933840534e-07,1.364894322794965405e-06,5.408125092855599575e-05,1.710318441648964286e-05,-6.898006820627600199e-05,8.199756218775650977e-06,-2.170152762984981680e-04,-1.585230281783270734e-03,1.275270325293227473e-03,-2.305546346059981350e-03,-5.625054196862275604e-03,2.096471049710268379e-03,-1.612311994814410055e-03,-1.306279385202267036e-03,2.549820508520025605e-02,2.683540113517478287e-02,7.189145390670340779e-03,3.703891850259666968e-02,-8.062109378207304999e-02,-6.685830084385109562e-02,-7.311381497998697965e-02,-2.570773445171497043e-02,7.497679273951535217e-02,1.102775426569800599e-01,-7.975459588926253618e-02,-1.285107444948372091e-01,-4.976550307065045337e-02,8.725760240457295369e-01,3.103320844659517297e-01,2.816912954124995982e-01
6.755093410382530609e-06,3.357946073179309481e-05,1.959282329067570029e-04,4.874720559325923497e-04,1.056554840502582811e-03,-1.184650041705313231e-03,-8.470940654607663151e-04,-6.977267498325597471e-03,1.831578164590472874e-02,3.475302938131821784e-03,-3.180211178421677581e-02,-1.927074895329909318e-02,7.928338729510753941e-03,-7.639501476938405367e-02,4.039235785633264048e-02,-9.396684942914376726e-02,-3.190956770578114443e-01,6.327975523304167627e-02,-3.962238152558675286e-01,3.805492071932135324e-03,-9.221387365894169463e-02,-6.336078723055908746e-02,-1.408861091750331640e-01,3.324612342617781491e-01,-3.671236028694105369e-01,6.433206349174446226e-01,1.233688003075452677e-01,-2.108182360001891256e-03,6.784016895968128513e-02,-8.750915653722556031e-02
1.209087150228810883e-05,6.617736068339191279e-05,2.174561803924236411e-04,6.429821240069718506e-04,1.263555114233983791e-03,-1.801053748485673123e-03,-1.605788328450423138e-04,-7.609699737745250457e-03,2.500375829164961858e-02,8.287058546146870708e-03,-4.475995302435140794e-02,-7.384360951311798316e-02,-8.919084297096911695e-02,1.869366424114829797e-02,2.428736546945607991e-02,-8.982629504091407813e-02,-4.697985127431347219e-01,1.637502891261584381e-01,-5.814980712290097609e-01,-1.028300706425745864e-01,-1.360140421899365126e-01,5.407625648625336706e-02,-1.345792476164956453e-01,-1.489264689413536680e-01,3.349445605782145341e-01,-4.142456686409338729e-01,-2.011910418837271723e-03,5.655442667386317325e-03,-6.748334218594671807e-02,-1.687973418184292862e-01
3.771115948823688747e-06,1.590413653657427848e-05,6.024437943716518098e-05,1.119976694210910340e-04,3.409152433290948947e-04,-5.755293458523487926e-04,-3.095626743639202710e-04,-3.064616280348636708e-03,3.323071010683343457e-03,3.932135121938058406e-03,-5.051436053362736399e-03,-1.021023825391302250e-02,-9.458397014071818695e-03,-7.328053376009833033e-04,1.605742906577587586e-02,5.594952602734907382e-02,-1.136379570077966777e-01,-4.558914508690833228e-02,-1.454149734950895834e-01,1.996393806697758372e-02,-4.343441566829801814e-02,2.964047608623695401e-02,-6.852870490762043298e-02,2.097854231712290712e-02,1.016862916641272235e-02,-3.824828572613358374e-02,1.010864330419291961e-02,-3.192436613273663126e-01,1.986661071033507184e-02,9.208357382963877624e-01
-1.766208966670769671e-06,4.767523726975079316e-06,1.151771255723274778e-04,7.738337522147990507e-05,5.358691181844441666e-05,2.887854124592595032e-05,-6.555581213497905547e-04,-5.671995364796798660e-03,2.079988369150142808e-03,-3.304465148503262124e-03,-6.291528564741524603e-03,1.055765612536074122e-02,6.987035152845687269e-02,5.741809947183451612e-02,7.529064311571064330e-03,-3.948283588655419896e-02,-6.535663926213072794e-02,-2.616809932785368192e-02,-3.074283256213506191e-02,-1.030533851551263536e-01,5.560715530766010932e-03,6.984615074400822576e-02,5.484294939362251847e-02,3.714279323454416915e-02,-8.169326854690638351e-01,-5.155064029151935623e-01,3.880216859623054210e-02,-1.002684707220923288e-01,-1.294443164958646864e-01,-5.241758625240065111e-02
1.148982563749862005e-07,1.620357492072504267e-06,3.128170995630932539e-05,4.772395955030941857e-05,1.047767137999356367e-04,-1.895392133959395526e-04,-1.512050922622739518e-04,-1.223388990685210682e-03,2.051586887857478718e-03,3.203584829832486895e-04,-5.031938837873619133e-03,-9.405310392939160869e-04,-2.510185849543673537e-03,-9.259722092505306978e-03,8.319197556161003065e-03,-1.493566567047028941e-02,-3.727834286214912196e-02,1.387226775486204156e-02,-6.225011305280173102e-02,-2.400705793705383562e-02,5.232512832792612922e-02,-9.363622868556292778e-02,-2.141540144367140575e-02,2.058807853858912393e-02,-7.872767600938872234e-02,6.126019174778674775e-02,-9.835682845824821330e-01,-5.908245481492234441e-02,8.426848867979725224e-03,-1.557977594505300170e-02
7.066246972970579091e-03,1.588442983498293245e-03,-2.137775855946073486e-02,2.602912204935996579e-02,7.434899947330082803e-02,-8.140844958667839415e-02,4.142996593379342650e-04,4.185727574613964941e-02,-8.670806310435020814e-01,-1.216887899535621861e-02,-4.450403249126129168e-01,1.080121069736405259e-01,-4.198432848011245805e-02,-2.705817804103870933e-02,-1.413330483531815562e-01,-1.450200241596736120e-03,-1.190602512282972099e-02,1.307894064954407028e-02,-4.605297863285089631e-03,1.540838133746185064e-02,-8.016922679062208484e-03,6.757783548994109567e-03,-4.135638676289877906e-03,2.411889815480447452e-03,-3.898324315410808469e-03,-2.526804404936581344e-03,-7.719263017334880572e-04,8.029066267161744401e-04,1.994538367163421159e-04,1.475571932165511187e-03
2.659947465241194707e-03,-1.279815209877775868e-02,-3.723745519744972587e-02,7.701572598952831639e-01,-2.586784372371211393e-01,6.734410846731635203e-02,5.681932288476333470e-01,-1.455158772022122939e-02,-2.028736297102246358e-02,9.774353120068440814e-02,2.649693082932933971e-02,4.288403420694291562e-03,-3.196268692675893579e-03,-3.840923202923574205e-03,7.832100574923207825e-03,-4.385302075004706215e-03,-1.122318868384730196e-03,8.795029709186638232e-04,1.821777532672723160e-04,5.901197099445335600e-04,3.880424393602627535e-04,2.952623143027184745e-04,-1.236927737412536657e-04,-4.724803540534006953e-05,-9.230731341655104647e-04,-4.513694629092762536e-04,1.153215116622784803e-06,3.138350374177543804e-04,3.488890702120582453e-06,1.539846879893913903e-04
4.906621550776661678e-02,1.532690211013895167e-02,-1.200772749843127263e-01,3.005896907953499175e-01,8.271751687691002441e-01,4.322824645865577797e-01,-7.420826224135088078e-02,8.741191393127997755e-02,3.142393556219992556e-02,-7.989960222824533942e-02,2.941191355263368321e-02,-7.152808440368958178e-04,-2.963434383723904681e-03,4.494096466231604046e-03,8.947845437903384838e-03,4.664345668236900356e-04,-3.901280078968154198e-04,5.488093342437659486e-04,-1.428121417922394686e-03,-6.248120436923713700e-05,1.106984907708033396e-03,-4.369905964661632467e-04,9.997634653142803006e-05,7.931359745156209111e-05,-1.177939199532181114e-04,3.936178847062360143e-05,8.309187506160223432e-05,-2.731843358434566608e-04,1.875275545902476698e-05,1.043818963751578854e-04
8.626779467396787915e-01,-4.957921698367003804e-01,-8.764732301332110731e-02,-2.505230833703684171e-02,-3.492268414953576122e-02,-1.958988923759878015e-02,-1.028034286699178006e-03,-5.281768647629204658e-03,5.017525688734534792e-03,2.444658165564973350e-03,1.753773202290100390e-03,-5.777647755521143165e-04,3.188236953256397646e-04,5.126618265070653736e-05,4.601302572593175279e-04,-4.780818087053132788e-06,6.567388909967609089e-05,-7.894566318870959365e-05,6.669695788810841848e-05,-8.265572319330892243e-05,-1.036760514575775905e-05,-2.416425162890460695e-05,1.382801710639994906e-05,-1.691787280375550931e-05,2.687692546709245477e-05,1.436683161855920560e-05,1.458301759570920327e-06,5.565317418889767637e-06,-1.554243576695969255e-06,-1.270550760412929005e-05
7.083613547491207478e-06,-5.983063040690241513e-05,-1.196124506614717694e-04,5.174022639725668182e-04,7.862835992683825641e-04,1.056579045593087881e-03,4.958658926796486247e-03,2.655389758259750748e-03,1.203861192018498838e-02,8.536847616717843645e-03,-6.499557053757361313e-02,4.998017261603804329e-02,3.250545405425207118e-02,6.982058834598674213e-03,9.654001113132053280e-02,3.911134896298714136e-01,4.698729534459328283e-01,1.325392333673830469e-01,-3.330979843176804511e-01,-4.251902789159885954e-01,-3.508929879550988784e-01,-1.219189395711655494e-01,3.132470696182018122e-01,1.942101709429724932e-01,5.417953533328841165e-02,8.150783357173772966e-04,5.022560652431249349e-03,-1.371048175820768766e-01,-4.415098814129444355e-02,-4.475416175550390313e-02
1.026633357386126411e-04,-7.890682634989251818e-05,-1.095032973753854583e-03,5.980769058414664094e-03,1.160432022882482671e-02,7.070719569705845482e-03,9.172535067389818442e-03,1.987362106878813942e-02,1.689039549787050010e-01,6.328404244803738365e-02,-3.785223585013794967e-01,-2.184437189047315486e-01,4.894760355346308711e-01,-6.953780267509394042e-01,-2.920017056217886695e-03,1.158240492450323626e-03,-4.696616068476579947e-02,4.878480719254850440e-02,1.262748470356664099e-01,2.530635833562089321e-02,-1.554839380235200907e-01,-1.133879803771185857e-03,-3.143365931640473843e-02,-3.057553866106107326e-02,2.411084096974827271e-02,-6.710014215603901655e-02,-1.209168633431787973e-02,-7.848938200427339404e-03,7.681532023615557890e-03,4.090336632454225573e-04
1.740260814289756267e-04,1.071156909708091004e-04,-1.325078357905724955e-03,7.158431336597463265e-03,1.250729990259766278e-02,3.074631258303038225e-03,1.822245011643809295e-02,2.446086399606946585e-02,2.082839816573260894e-01,9.431557204239406078e-02,-5.431295798419633059e-01,-6.291497839253079594e-01,-2.583820986625504079e-01,3.239313300502434378e-01,-4.717603719257212891e-02,-1.343949659768958749e-01,1.971072342361824825e-01,-8.825871259607954988e-02,-4.219386046492986514e-02,2.180808441292226424e-02,7.507323980775103267e-02,6.252049624244113146e-02,-1.884798483034383354e-02,6.205942138828947352e-02,-2.051515350984497651e-02,2.247375760050533341e-02,-7.473987889618954102e-04,7.678457493921848946e-06,1.159542866369933471e-02,8.018298209653058894e-03
7.186012928326117289e-05,4.728846758533998643e-05,-4.227420207552584457e-04,1.587856391636103225e-03,3.813503989304673110e-03,-2.051904161822860949e-05,5.252837172584342434e-03,4.401719485158192384e-03,3.293387695196414028e-02,3.416523317779286695e-02,-1.166974938886719410e-01,-4.057861671832962286e-02,2.167346657784454192e-02,6.763608519051753087e-02,9.881775522684262125e-02,6.911962509819149503e-01,-2.992846291648187385e-01,-5.219192027219774488e-01,-6.826890499536350521e-02,2.210704812737341318e-01,4.863962826287653030e-02,-5.925058756219005185e-02,1.441442996804479515e-01,-1.841886186757623889e-01,-4.427669083782988929e-02,4.316718977861278700e-02,-5.659098287944546888e-04,4.698996986499703182e-02,1.931049363970046423e-02,-8.584313166896874459e-02
1.647249883843452246e-05,-9.062114173100567374e-05,-4.932952008722087719e-04,1.541564862144394329e-03,2.583532987730046988e-03,6.046025198261315362e-03,7.054811939178804413e-03,6.824682578998807550e-03,2.067624520373040342e-02,2.760436663268216878e-02,-1.048350000089412759e-01,9.043389531097401068e-02,7.324636901801575561e-01,5.418914736768914997e-01,-8.682759462173049447e-02,-1.422697478059115617e-01,-1.126491402167525691e-01,-1.399114039168878609e-01,2.688498369932403737e-02,-2.675138264242443720e-01,5.716402387444685478e-03,2.814558625433219094e-03,-2.027108492181736374e-02,-1.410180140520354841e-02,1.010375408094852379e-01,7.475283260911344541e-02,-1.903247339373891458e-03,1.130733854004848694e-02,1.711915112562915897e-02,1.214544674443140265e-02
2.181518254973311301e-06,-4.221078119198367717e-05,-7.555314179984287714e-05,5.554426873144755828e-04,1.103351912078610582e-03,6.716315720756923808e-04,1.301099221760231711e-03,6.287774043431478997e-04,1.803806764065784066e-02,1.080610849336171089e-02,-5.471131847322244224e-02,-1.139601728567172026e-02,2.812453427076320664e-02,-6.100569816959226094e-02,-1.217490850320607741e-02,2.611848624707735142e-02,5.719334488851335330e-02,7.544391085649820861e-02,-1.056773255925832211e-01,-1.197133316865929137e-01,4.777643007175808587e-01,-7.826888394091383594e-01,-1.456024925927463243e-01,-7.555241717578170535e-02,-1.115917364924674977e-02,-4.091003405507382534e-02,1.004133378483237082e-01,8.417017598055327732e-02,-2.560826276480051011e-01,6.567289411834317803e-02
