5.010784956664856606e-03,1.087166467613794735e-02,-1.090904952882777550e-02,4.323407299800639814e-02,3.403529129988348140e-02,-1.325971301697175531e-01,3.713801068944537487e-02,-5.402173788248245540e-02,3.849642935507213704e-01,1.532158541560627585e-01,-3.900443987828459136e-01,7.443686925505715868e-01,-1.947956445723356134e-01,-6.047433919018292692e-02,1.394013638087764351e-01,1.191104857126820682e-01,3.440193278961182349e-02,3.379140681290140197e-02,-1.163756964792573984e-01,-4.247698551031328651e-02,5.375796685488989923e-02,-1.087165041334034465e-02,3.091156086772956640e-02,-4.672164573911893187e-03,-5.969133170276414227e-03,-2.867180102294235138e-03,-2.346295613728213193e-03,1.807194904762056973e-03,2.226357181389575658e-03,-8.497013694891388717e-05
1.970971125344359639e-03,1.240139744683712393e-03,-9.238832091427912757e-03,3.597742113447398582e-01,-4.568744470547015379e-01,-2.755728572595601555e-01,-7.600460272705483744e-01,-3.572607252830453661e-02,-2.865903718032206463e-02,7.193085491913775442e-02,2.813096529598535164e-02,3.824103928695908291e-04,-3.748645440925246503e-03,-7.357842595277111312e-04,-4.820882349123400620e-03,3.548067097046293979e-03,-2.948960750466701839e-03,1.355270946077949921e-03,5.767218151211590295e-04,1.203544607766522841e-03,-3.788645960421915923e-04,1.752892051926723915e-04,9.767594971830644165e-05,-3.029249488573011026e-05,7.874577733072227062e-04,4.926654547319802473e-04,-1.307652486298297226e-04,2.667613770446627063e-04,5.132877567384729034e-05,-2.150198355492456736e-05
3.450270734014659196e-02,7.060422572637019278e-02,-6.379134382336941467e-02,3.736336301933638748e-01,3.052261294645942091e-01,-7.980869330834891029e-01,2.770742374192563529e-01,7.075894866400572747e-02,-1.476748414944896448e-01,-9.010445659034525823e-02,-7.845377591994965802e-03,-8.207471369378716020e-02,2.238388071248590197e-02,1.176272680418444802e-03,-1.375402278578104556e-02,-1.630187520763505885e-02,-8.884367354718737675e-03,-2.363204012935502321e-03,1.907118376546910674e-02,5.427092571660686350e-03,-8.597446437503939234e-03,3.664731199129747478e-03,-4.706751313452106622e-03,2.935583527606555767e-05,1.006422740093886438e-03,2.799814597381812282e-04,-2.762934054025629658e-04,-2.701882531509227866e-04,-4.663564221659968951e-04,1.058365439785082695e-04
5.130660237790765077e-01,8.510053449752671417e-01,8.106840512768703766e-02,-3.749861631049723754e-02,-3.964070963471408998e-02,5.307399708374654218e-02,-1.107963387688545506e-02,-4.038190242252063557e-03,4.848969503258596103e-03,2.054150925779693170e-03,4.099495490205116825e-03,-1.639761736744422627e-03,1.002153581110808302e-04,4.676287517339565393e-04,-2.800613743437715443e-04,-1.502161321318808216e-04,1.287545916053321813e-04,-1.582819745499834891e-04,-6.166176165174101710e-05,9.781609353176372779e-05,4.066377902143739195e-05,-1.029770042684465990e-04,1.471564943857265797e-05,1.434724925949061303e-05,-9.294644447987930841e-06,1.375847275171640142e-05,2.747077722887881747e-05,-3.825935779230432303e-06,6.814825769668426888e-06,-4.797208818693382872e-06
2.972765451072978532e-06,-3.688853066094995926e-05,2.924147863967472571e-05,3.743333126213777549e-04,4.818053624118143977e-04,2.591312486153694579e-04,1.536105917151601909e-03,4.560780158893800416e-03,-8.262831050345557579e-03,-5.102200418152911914e-03,2.760874480936236289e-02,-4.313311072378954447e-02,-1.788336294629791490e-02,-2.533450648299716626e-02,9.776449576216357518e-02,2.029054544914639935e-01,-2.208948615797519111e-01,8.145016951813027761e-02,-2.547069599956534591e-01,1.729781955684216721e-01,3.299678377605450019e-02,-3.174002331227540608e-01,-6.633430563714234340e-01,-2.116646636765077416e-01,-3.613679974384275129e-01,2.518171313535004230e-01,6.662801539868337675e-02,4.732574753618004615e-03,-1.010704891645874265e-01,3.191065857754293248e-03
3.783884477844279553e-05,-5.656503654427111333e-05,-3.069349649469557532e-05,2.893971526901822477e-03,2.502959318369233233e-03,3.599918845171727112e-04,2.436348872737573688e-03,1.391871398170164281e-02,-6.335472304610063887e-02,-2.916705109366842658e-02,1.065193560756631797e-01,-9.235328951419950749e-02,-1.064062369491955706e-01,3.727317948638689954e-02,1.021811337045682305e-01,1.497806104340594913e-01,1.843287602631731303e-01,6.785236119137422195e-02,-3.547566679020042746e-01,2.531158017179785391e-01,6.654600868257048996e-01,-3.154609979968517885e-01,3.706530994443195115e-01,1.729386419322720761e-02,8.717736523598770826e-02,1.687127778392467914e-02,8.813455811490446268e-02,7.240097499275073567e-02,-5.182198940428009611e-03,1.109803951463930998e-03
7.988354344605204209e-05,4.239262730591884939e-06,1.014419118874619233e-04,3.013391046987804085e-03,2.002084018360546051e-03,2.139426426126304643e-03,2.033641239407613186e-03,1.684903218098989658e-02,-7.835373241149960755e-02,-3.335495051277489326e-02,1.739830489741765740e-01,7.877389030149950511e-03,1.986951491948693305e-01,-1.067850794450144469e-01,1.227371871930843378e-01,2.099399237823860176e-01,2.999584694607790314e-01,1.620518567675057753e-01,-4.160826464404120961e-01,-6.283384402062605067e-01,-1.460709814419557107e-01,1.208917969931113390e-01,1.500212019517603579e-01,-2.690595651034368707e-01,-1.684664784326897757e-01,8.526275883600634153e-02,2.199562095792754329e-02,-2.700146875145109648e-02,1.280499498674962482e-02,6.317059497517995420e-03
4.573345526709840465e-05,2.409345840443362168e-05,-1.155862965484890909e-05,1.140124759638169380e-03,1.102161218779709132e-03,5.418592637159261620e-04,9.075996545482476700e-04,8.854286425733801785e-03,-2.070596532517162899e-02,-1.096813865854370101e-02,5.455576829057281335e-02,-4.848371931284902597e-02,1.707259258417051159e-02,-3.239541204115643780e-02,1.537841628515490833e-01,3.091039580869178738e-01,3.951768708692039028e-02,2.027972563541364723e-02,-5.321880448476825481e-02,-3.161912332794613589e-01,8.329073021047621317e-02,-1.078963480915003242e-01,-4.048751374396012959e-01,5.973022027836515369e-01,4.048154057366193381e-01,-2.439089127518920264e-01,-3.970804394857224001e-02,5.829107409993766059e-02,2.896773446304963182e-02,-1.644897583126034984e-02
5.959091260175320889e-06,-4.665374987715809849e-05,1.587450192406279835e-04,1.096082796712581067e-03,9.184960879544160853e-04,9.150663197688519920e-05,8.390705135725204768e-04,9.830610756862671537e-03,-1.574649829128216272e-02,-2.813862010287879797e-03,5.081308167409037679e-02,-5.288530174057037847e-02,-1.394979731776186394e-01,-3.422645487938484887e-01,1.053174846890014976e-01,1.057174751349508335e-01,2.367308848739773861e-02,-8.547136732964210060e-01,-2.518484079149082566e-01,9.535117007227975061e-02,-1.389819905860607552e-01,5.158156744454410469e-02,4.008661035245651011e-02,5.097688115321277226e-03,-4.742706637566395517e-02,-7.117257581491910623e-02,-1.826858248535419976e-02,1.116973106462258031e-02,1.987031249537666439e-02,3.195209515082775005e-04
-2.961699653835448782e-06,-2.971199885655834841e-05,2.610294995367049332e-05,1.944378436746962621e-04,2.216795276037548371e-04,4.526509162302262625e-04,1.582854416986910571e-04,2.592283287280745981e-03,-8.471253744589821860e-03,-3.961740663457454827e-03,1.878029257172984107e-02,-1.714683348279167144e-02,-1.363631679067234780e-02,3.397178517195557045e-03,1.741296088276650736e-02,2.776675363659931658e-02,2.900214246381033548e-03,3.037591267556503591e-02,-8.592049174819302304e-02,6.776070005830404919e-02,2.063037886945348898e-01,1.831836216905711467e-01,-7.505870492807928396e-02,6.404824702638436083e-03,-7.067626604415198910e-02,-5.613525946827403051e-02,-6.284541468494749816e-01,-7.031116284345472200e-01,7.466847941211854356e-02,-1.573411535038829467e-02
3.155979058033592743e-04,-6.616020630371831791e-04,5.772369921392234496e-03,4.432541440209488565e-03,2.984043231434789761e-03,-1.958099906758694209e-03,-1.548009159598832084e-02,1.040676995072509908e-01,8.489231162338971293e-02,-5.014639382317580968e-02,9.563570854770056529e-02,-6.377430465812508609e-02,1.881404455617593369e-02,-3.905799939852640235e-02,9.009373695500033641e-01,-3.517776662190599257e-01,-3.053792414554613519e-02,4.554371600461407099e-02,1.513018786095872981e-01,7.671211445220691739e-03,-3.342309787082332374e-03,-1.405292771003443554e-02,1.148829254567437612e-02,-4.528826287124598782e-02,1.662541280657437847e-04,-1.003251215276907034e-02,-1.585835712775658223e-03,-8.965992939933314226e-03,-3.902408300649933773e-03,8.110434799301038250e-03
-7.493930170155776126e-05,1.662510540619956210e-04,6.390848544567274275e-03,1.494756885740257391e-02,-3.654502090969243694e-02,4.196529391141597468e-03,8.112508630451353842e-02,6.009394398481378019e-01,-9.935034091425089253e-02,7.791192154228948619e-01,1.125549086161586748e-01,-3.722188034630007167e-03,-6.136397435633693213e-03,7.093840390261297799e-03,-2.733795618369798397e-02,4.579675506330952058e-03,-7.929988050932826327e-03,6.140600752179370403e-03,8.240812860018788960e-03,4.292030405551155656e-03,-1.050951444703540757e-03,1.487354047331623189e-03,7.732859892360892775e-04,-2.334283623732992703e-03,5.792132042088758009e-03,2.355044596577409149e-03,-5.799179822549938110e-04,1.143332437400614802e-03,-8.461967947923632852e-05,4.068999333826970824e-05
2.203048118206034356e-03,-3.936806563078320241e-03,4.128443161787000854e-02,4.397850059408835860e-02,3.384892284841636151e-02,8.970614818392151635e-02,-1.301240927954919191e-01,7.814719599688320084e-01,1.150032176434129111e-01,-5.609434393402965568e-01,-1.182726369208425693e-01,7.445601186604861033e-02,-2.134837407970432629e-02,-1.341513649588397953e-03,-9.878270182998384608e-02,4.032058454527649022e-02,-7.049427162150206927e-03,-3.412716588599975284e-03,-1.190100233087046551e-02,-4.356261139509389445e-03,9.397120131657611154e-04,3.534805576702123361e-03,4.052676679756044703e-04,2.747828095857871890e-03,3.757691700273084489e-04,3.201778840654323673e-03,-1.254238473026437215e-03,2.180304750008218388e-03,5.647101773108804344e-05,-1.000357582262104096e-03
5.776813893326076393e-02,-1.198355554760920927e-01,9.791439632101059942e-01,1.358761963141745521e-01,4.465777426571698044e-02,-1.629644047377331630e-03,3.008826381973901329e-02,-4.196626715339132202e-02,2.980711653253388053e-03,2.035947201187799163e-02,4.852337170806524276e-03,-1.934739201355073013e-03,5.927428339711163924e-04,4.476067935034103553e-04,-1.388536250284086969e-03,4.156303438661151104e-04,2.885309341914809580e-04,-4.480997199992239449e-05,-3.621480991964642644e-04,1.845710236619746813e-05,6.362210583004349474e-05,-8.373450213844647286e-05,-3.630130175013568519e-05,1.576904408216272375e-04,5.133783717492353988e-06,-8.770972595778029593e-05,2.433847670872498799e-05,-2.439727710701167067e-05,5.160974435896068450e-06,-8.554004428947524236e-06
-8.626466646455917643e-07,-2.721591952157457437e-06,4.086726089474692790e-05,-1.466878368714670936e-05,-3.596188157530791525e-05,7.353747640638871484e-05,-1.084776142871592781e-04,1.836401287182051669e-03,-1.391727603971253807e-03,-5.211837961314633129e-04,3.197596351222111756e-03,-3.661933343836930310e-03,1.054808047460421404e-03,9.715037086309827763e-05,1.446013454924692000e-02,2.588499645273573818e-02,-5.529520396523693662e-03,2.884250926100294377e-02,-5.364685803042997664e-02,4.044360265913141128e-02,-8.205025876088045678e-02,5.808737815730203452e-02,9.096330531875423953e-02,1.291136919607099864e-01,-1.491687970060264455e-02,-1.284976441242235423e-01,2.500880997485519508e-01,-3.099142030996776542e-01,-8.850551725030132433e-01,-3.953920404649305040e-03
4.588505143116887908e-06,-8.494954903945907502e-06,1.311299938673118112e-04,8.434591665255278129e-04,4.006316197692173721e-04,-3.530627617923821210e-04,2.571089325926001284e-04,6.095542130679697766e-03,-2.178101293280787845e-02,-8.402466741703442515e-03,4.064756160099528698e-02,3.080496464185509750e-02,-4.552930276231529488e-02,6.358815613195789584e-02,3.022614535122009408e-02,-7.198610338106872786e-02,4.038714413252235680e-01,4.668099305825595957e-02,-7.919954441056015204e-02,2.002407119442743411e-01,-2.227035132690438346e-01,7.041173921072581277e-02,4.344560949766021474e-02,5.479218510783163687e-01,-2.118890618393154957e-01,5.818515462381905756e-01,-1.142070317743938274e-01,5.845107523966702745e-02,-1.318715559003496088e-02,1.272831807346676558e-01
8.725527027755626693e-06,1.306561909385514796e-05,2.028189276021898383e-04,9.181885530918261484e-04,3.803341988276393243e-04,-6.676118615563697328e-05,-5.979693973833846925e-06,7.668790764323124738e-03,-2.967576023019625336e-02,-1.676279784123937619e-02,7.472443925025730460e-02,1.027787017324709035e-01,1.298051036348980281e-01,-2.375729151261933569e-02,-1.254981777839184708e-02,-7.039397750948851729e-02,6.020395141371100989e-01,1.108400931148835894e-01,-1.181678882961389870e-01,4.251542457447413104e-01,-1.955468802778021764e-01,6.844588558758883667e-02,-2.844965183541820486e-01,-2.738340244374823373e-01,2.672991528958358343e-01,-3.247640259520393480e-01,-6.409691344748569275e-02,9.836836941989610117e-02,-3.219610461237486926e-02,-7.696013292903583144e-03
3.258518970388548631e-06,1.005795234220354647e-05,7.970259544144775237e-05,2.437150714504317868e-04,1.598634983149823199e-04,-2.693966670039995930e-04,-1.466450636009207975e-04,3.156990884398673796e-03,-2.960579236949589799e-03,-2.290354075448160828e-03,7.646179384428243922e-03,9.538341115448141158e-03,7.184027054816460346e-03,5.705635949969632172e-03,2.343546658056168408e-02,6.512199809297172792e-02,1.094485989989361086e-01,3.148947899053255485e-03,3.237817533440720541e-02,9.660463702253843654e-02,-7.294065051896285456e-02,1.470806124708114171e-02,-3.971829682871532569e-02,5.430370904724451941e-02,5.779556926346696849e-02,4.624144846786810287e-02,6.793347870854747894e-01,-5.775896490843599462e-01,4.022991581508825187e-01,-9.515769823631397770e-03
-1.567188107193271486e-06,3.493039986232814469e-06,1.078962886796559431e-04,1.183031717907621666e-04,4.865365208157930178e-05,-1.083837015649105314e-04,-4.904503131461061816e-04,5.859830409190451388e-03,-4.627862939315760538e-03,4.300472247229752249e-04,1.198646333484661500e-02,-9.280864194380776880e-03,-3.611481383190674743e-02,-8.634656699836786020e-02,-2.477585439822077573e-02,-5.407974173907474646e-02,8.222447719728562254e-02,1.339209323812824426e-01,4.108832567027224415e-03,4.353164972173870911e-02,-2.661749651941269779e-02,-8.232188604856223446e-02,6.173627427301443121e-02,2.833541137871603000e-01,-6.899335511963359258e-01,-6.060318395499419974e-01,4.351051769032683592e-02,6.740401058281612900e-02,1.365764450638990990e-01,2.913999784051889141e-02
-1.193325086421387371e-07,-2.855491810655480003e-06,2.329707550473533828e-05,7.672440141654662869e-05,4.826381713983833295e-05,-1.163522800009045424e-04,1.128990988939909554e-05,9.966734703503879814e-04,-2.332886809799583887e-03,-6.829283001425471731e-04,5.703613810908948235e-03,5.113802717744077471e-04,-2.960455620205275015e-03,7.854741874299920809e-03,1.496902092940962173e-02,-9.646829719447420903e-03,4.372660243756413406e-02,8.506301314946368430e-03,-1.427849633733970468e-02,3.263528107006244405e-02,2.377091166795263291e-02,1.116204725625378341e-01,-1.111503199962175607e-02,7.018084311387490226e-02,-7.382147550370041222e-02,6.848015906241300410e-02,1.654671459484043788e-02,5.256965358015478623e-02,-1.478845626649105986e-03,-9.823785452352736813e-01
7.073535167925315732e-03,8.698423884057380302e-04,-2.034815008822055127e-02,7.194211559078332596e-02,4.939593123206157538e-02,-8.095406742478011841e-02,2.467286999459959371e-02,-1.237447298676781597e-02,8.412840604336896400e-01,4.277625417213554160e-02,4.680814261456850978e-01,-1.836388659460022332e-01,4.080339182001771481e-02,5.019417862925162205e-02,-1.322727875997281588e-01,5.792240350332274190e-03,9.357008822919858984e-03,-1.616909583491713334e-02,-6.529956298442625602e-03,2.804041350592785010e-03,-3.840475195922144706e-03,-5.078717187252018532e-03,-7.795306329795621695e-04,5.543691928392362883e-03,2.171940367259875206e-04,1.886686052491132149e-03,1.430263001738616173e-03,-3.803487074355668576e-04,7.926606625069141190e-05,-8.764195662932590565e-04
2.878123652149397211e-03,-8.294178520710623198e-03,-5.686330466460533251e-02,5.060376248893188045e-01,-6.336899076483875071e-01,1.933386785020161924e-01,5.406969790965582279e-01,-3.798652072972576567e-04,1.813702680973208053e-02,-8.871344642156249460e-02,-3.246413923369519811e-02,-1.866220137817086984e-03,3.596259012865341692e-03,-3.262159596175268593e-04,5.594555971605815088e-03,-2.596804050470920711e-03,2.602086711864969298e-03,-1.280579089662474499e-03,-8.748007012413316170e-04,-1.017815075590876913e-03,6.795074022782034628e-04,-2.452416074611900657e-04,-2.513529896503469575e-04,1.399704584938807502e-04,-8.142661558904726359e-04,-4.840171068369504169e-04,1.059847884868019534e-04,-2.434186945734457619e-04,-3.925372280128633774e-05,1.776346772056782130e-05
4.859858450132848590e-02,5.060779049212487009e-03,-1.179724180679721374e-01,6.661070060473712751e-01,5.351998616614619397e-01,4.622326214124406474e-01,-1.609821774535872829e-01,-7.235459852304473860e-02,-3.109039663844207976e-02,8.353350326039524210e-02,-2.505816289953903195e-02,4.002843587828412535e-03,2.264872749249828652e-03,-1.732621233071030952e-03,1.177308115783944412e-02,-2.870312834132354197e-03,1.278060789155976160e-03,8.989166659245235698e-04,-1.303013385029350418e-03,5.535670637506768643e-04,3.305467631364934810e-04,1.889700803202764122e-05,-2.548434789977917746e-04,-1.379742736163365284e-04,-2.025871805641538017e-04,-3.337613981979214322e-04,1.263710239099015789e-04,-7.417319768895824414e-05,3.619688995048641629e-05,9.998818670801446536e-05
8.542725082808660941e-01,-5.061750723000053576e-01,-1.052754629840613187e-01,-4.315334340521301271e-02,-1.949981220255692094e-02,-2.463042328273274545e-02,2.440082937524398060e-03,5.022599213430719266e-03,-4.862508684780054470e-03,-3.273328773026275632e-03,-2.501867260959729153e-03,1.071468255721883889e-03,-2.859837051038970524e-04,-2.981487788452218558e-04,3.114619211530384683e-04,8.424570101536426442e-05,-8.425694440944906901e-05,6.816358957726868361e-05,8.184157751581790086e-05,-2.970091402806957460e-05,-1.672532001997449920e-06,3.977685607162928180e-05,5.968962873707234653e-06,-2.692459281089594112e-05,5.856864886593825668e-06,3.187775424269771522e-06,-1.014358125317821598e-05,5.072360060680099150e-06,-6.043958097259305587e-07,1.870224339455376127e-06
4.799382768479578529e-06,-1.060271428668725001e-04,-1.834873106272911418e-04,7.162385238712753619e-04,3.384589869289436029e-04,2.846861061622872179e-03,3.903246609829262581e-03,-4.477270604968604283e-04,-1.143175481626106972e-02,-1.327751702862437280e-02,5.254933602136049181e-02,-5.217769885965879706e-02,-1.654979528131654207e-02,-2.881741400760362906e-02,1.406611865541311512e-01,3.167452498145659212e-01,-4.463549645771783814e-01,3.020512799053673425e-01,-3.477463695080977857e-01,3.500688545587762879e-01,-4.230998918637051687e-01,1.691073391027836659e-01,2.677850777400362370e-01,7.834467047419949037e-02,1.541924129230223817e-01,-8.490941919644817704e-02,-6.472786724734659602e-02,6.066802022144909129e-02,1.211697661981235574e-01,-5.390647724008738526e-03
9.295402998071030200e-05,-4.190743789673640200e-04,-1.432865211853658061e-03,9.586907865761168032e-03,5.015460445960929874e-03,1.185516132053129543e-02,1.340592934181091857e-02,-6.662265016905636293e-03,-1.705309448233952585e-01,-8.218851546022425125e-02,3.924266984703876360e-01,1.663665915128731965e-01,-7.204898770698917598e-01,4.480424086227912106e-01,6.830431727178755234e-04,-4.638315926078048768e-02,1.595168649064955188e-02,-3.045644048861398390e-02,-2.836222029980894899e-02,-1.247527429838345414e-01,-1.530599893524284549e-01,-4.440355909482467112e-02,-3.676655503367681072e-02,-8.723719479537053734e-02,1.980360890738141685e-02,-8.169496220478723869e-02,-1.248221183218245836e-02,-2.330905210481454271e-02,4.812815432816620886e-03,-1.745917406675129985e-02
1.612765441251030397e-04,-2.906229740362829285e-04,-1.431867811870030701e-03,1.019680091172335198e-02,4.687913787220525028e-03,1.507631274047113029e-02,1.572645399470648173e-02,-5.382570162003046110e-03,-2.143960277248949942e-01,-1.062800648831997569e-01,5.843468404753476841e-01,5.799137292997679216e-01,3.956194340753715899e-01,-1.213328103853712758e-01,-6.500670818436267429e-02,-8.868522099918489665e-02,-2.054571161157811854e-01,-6.777283849500215229e-02,6.744846686431529847e-02,7.998209634247113731e-02,9.068453571089678256e-02,-5.891772913022366026e-02,1.855135285903924958e-02,1.005882468244750638e-01,-6.109532217494257830e-03,3.099860493378946841e-02,5.031653700401342473e-03,-9.159426187760087018e-03,8.754000914557686589e-05,-1.375257828834357005e-03
7.025816742587460051e-05,-4.570906234054927987e-05,-4.725300658302995218e-04,2.878616555524356191e-03,1.947909616199211070e-03,3.784497472136162145e-03,4.161502161366406431e-03,-1.132310393930600900e-03,-3.020523074890808790e-02,-2.209172902544171910e-02,1.081361922007256365e-01,1.080638847426813529e-02,-2.300947084707737761e-02,-1.123574296527718626e-02,1.682298065795158892e-01,7.103787065543388790e-01,1.705607489458782766e-01,-2.475555146319516342e-02,5.923891814698267755e-01,1.110691107320391086e-01,1.161487412402744356e-02,5.161264018927530506e-02,1.023221715603125082e-01,-1.369933816720751429e-01,-1.357064205765008413e-01,4.670265521322525260e-02,-6.015930248217434689e-02,3.651373770067309343e-02,-5.027780775770547550e-02,8.414083192097273137e-03
1.508555949864215121e-05,-1.906096414105245510e-04,-5.943217573594560509e-04,2.800718681555514501e-03,1.494270579035551078e-03,6.982568798219487664e-03,6.243649601659757159e-03,-7.111870524067883011e-03,-3.042468080706987182e-02,-2.434369581413401915e-02,1.451177992368044289e-01,-3.706624691138583200e-02,-4.303903831792026957e-01,-7.932972499158140733e-01,-1.190031766718996770e-01,-1.078375329370026420e-01,1.899286124445543483e-02,3.102951892679470802e-01,1.281578426390199699e-01,-2.756124569588424764e-02,3.397063681071470220e-02,7.554504771734160164e-03,-2.964982248255394054e-02,-2.171647070467366131e-02,9.434941711310364243e-02,9.760054357099580413e-02,7.644605404313397495e-03,-1.366625357871527335e-02,-2.167117551297354297e-02,-4.533550101764060626e-03
3.493409268688316056e-07,-8.527032825107799991e-05,-1.387774424366237447e-04,8.793813466337768465e-04,4.887004291114540591e-04,1.763382945478137809e-03,1.824049438740212459e-03,-5.947760582837779628e-04,-1.955100642313443299e-02,-1.129516227862759070e-02,6.029943626625931113e-02,4.056700530608781628e-03,-7.747343678113341459e-02,5.197390722803010843e-02,3.525742893663814936e-02,1.557401401488108655e-02,-7.288879298213847557e-02,1.138514845958176445e-02,-8.623679658974335582e-02,5.670616965977409718e-02,3.870597580403391524e-01,8.171095632639957529e-01,-2.155083096816350352e-01,2.024316770530778034e-02,-9.670157116775483785e-02,2.839470503039114892e-03,1.975479351101304126e-01,2.003591605489709049e-01,-5.320972513602108961e-03,1.290448729501376957e-01
