-5.169960666298738759e-03,-8.601297660402136558e-03,1.273875006155728191e-02,-3.992238313823187612e-02,-3.502573171007140884e-02,-1.264329875644349399e-01,-3.181132527275633282e-02,9.819809184364948484e-02,3.569146464326085066e-01,1.704839528471445986e-01,-4.017281215087247226e-01,-7.454506357572794339e-01,1.855182476806111480e-01,5.016621404919173466e-02,-1.653241831395533545e-01,-1.147102230638857578e-01,-3.039010976888263313e-02,8.159721659728419452e-02,-8.191602136966705250e-02,-4.053207642463503048e-03,-6.777711486238240102e-02,5.352341101768016800e-03,-7.993702206624977644e-03,-1.663384067396336125e-02,2.219700108009109701e-03,1.151528392703231448e-04,-4.769626946214763560e-03,-1.066807326127489292e-03,-3.885620857671560728e-03,1.378286818215146729e-03
-2.060615095072025355e-03,3.187469975079063565e-03,5.827280927533813430e-03,-3.169554644568993718e-01,4.799648339687035969e-01,-2.234770475517644517e-01,7.797618882243981808e-01,8.199410886511347696e-02,-5.551282316318887147e-03,5.818439809438551158e-02,2.861715025054504744e-02,5.807737244521280276e-03,8.048388111795302252e-03,1.789400130735631540e-03,8.548489674555504597e-03,-3.660089612079554192e-03,-1.389651992326374494e-03,-1.533482199866310208e-03,-3.190864172301477843e-04,5.680196720076339037e-04,5.660718712917983892e-04,-5.943061831095650387e-05,1.386569032238013513e-03,-2.918043854958342559e-04,-3.830179188269121609e-04,-5.337471345022843077e-04,-3.855844247177242739e-04,-2.910299356716775565e-05,-3.263837223619654172e-06,-1.340639602254673022e-04
-3.566474389312369875e-02,-5.684755994634771437e-02,7.598939568025528390e-02,-3.770487434946632188e-01,-2.964969748979326969e-01,-8.265597556475168251e-01,-1.939864011115442211e-01,-8.307468053019878562e-02,-1.288444828904856398e-01,-9.111525415672232231e-02,2.654557602443059945e-03,7.434972698150491000e-02,-2.264824148928733585e-02,-6.181342142703406643e-03,1.516518473894889855e-02,1.735904420622048916e-02,-5.554001761931039996e-04,-1.273984091850902285e-02,8.885158388129421603e-03,3.793541846584488810e-03,1.089942834266089539e-02,-2.715706877726783205e-03,2.283926932020977248e-03,1.951714229491533642e-03,-7.652208478616854236e-04,-1.152872796721033158e-04,3.518044468310118559e-04,3.204423101565613557e-05,6.798514939700658942e-04,5.160592704164520888e-05
-5.377180346373613418e-01,-8.385847548571576660e-01,4.573174067793394498e-02,3.769149572439046969e-02,3.613288316700762753e-02,5.191735976529584379e-02,9.017516444213991705e-03,2.993822873713854887e-03,3.328960245641308241e-03,2.413625826045150222e-03,3.294244433574092419e-03,1.909157064224966359e-03,-1.343300452776503861e-04,-3.764882227277082429e-05,2.732047958295964860e-04,6.780201180135391977e-05,1.901831040618660494e-04,-1.894245187374321267e-05,2.130024815072436954e-04,-9.825895182671962155e-05,-3.618571957295755475e-05,8.762714522996731378e-05,-3.947258405024173391e-05,1.964077543082791804e-05,2.583947241661655231e-05,-1.351978271041756934e-05,1.796983783936249455e-05,4.242397737716544108e-06,1.393900907913431929e-07,-1.590187653806811370e-05
-3.017903465821943951e-06,1.721971853644658199e-05,-5.552751191786096474e-05,-2.503295521698714935e-04,-4.867346838556519621e-04,-1.360292744259471848e-04,-1.426642186589145928e-03,-5.329970500119323405e-03,-8.305735627017913139e-03,-4.773849819759409807e-03,2.979260419135831145e-02,4.573608129037325110e-02,3.219828655565648567e-02,2.048859943913285478e-02,-2.394859146887965556e-02,-2.303608997130721370e-01,-2.132695154472138699e-01,2.518017184074499148e-01,-6.148903566880744437e-03,2.105320719922459116e-01,1.441183524759360145e-02,5.722713774948461063e-02,7.961677540904242567e-02,7.956131009228161188e-01,3.187453235531039764e-01,-1.712606740294812246e-01,4.566631301206181687e-02,-2.020187941169124604e-02,-2.940993126615356473e-02,1.069736902894017488e-01
-3.866538324957496226e-05,3.930974749158094042e-05,-3.861253674124459200e-05,-3.062167742915268553e-03,-2.107765353385411804e-03,-3.395205957515806650e-04,-4.840010293482794115e-04,-2.146319300785381676e-02,-5.522301287109913914e-02,-3.085121335307819748e-02,1.187185277027082431e-01,8.388805281418955373e-02,9.919658904746547767e-02,-5.637227451268431860e-02,-1.088063195990304766e-01,-2.152096726244170366e-01,3.101914397863680256e-02,3.118192971828558924e-01,5.566269931003605537e-02,6.842254728465330116e-02,-8.087385144799645875e-01,3.038609771044884500e-01,3.346855718993644452e-02,-1.688843948125328953e-01,-9.045995436003109735e-02,-9.159732486819352482e-03,1.732319629689574314e-02,7.979623009524294472e-03,-1.117647113709442780e-01,9.676980015338740651e-03
-8.160158724011448001e-05,-2.479352653740631143e-05,-1.758934262991653657e-04,-3.659547854495185954e-03,-1.646757261636659165e-03,-1.076082641262980394e-04,-1.087207306290177223e-03,-2.488246441096976860e-02,-6.597782673022256628e-02,-2.123366199000121385e-02,1.995541398876503336e-01,-4.999551292589136942e-02,-2.124820522580964655e-01,1.634672754056704091e-01,-1.053344395161071173e-01,-2.659270849596858111e-01,3.174196108367748903e-01,3.000629048579543934e-01,-5.660545364591388351e-01,-3.343440322691256239e-01,1.416580886378360493e-01,-9.254098591891798259e-03,1.007086842059529280e-01,-1.716239348072452486e-01,3.203539009390660719e-01,-1.115672413071089608e-01,2.347347204888151212e-02,4.274930767459690986e-03,-7.759587636189915934e-03,-1.028559568107223661e-02
-4.800435446986423764e-05,-2.802233883842148004e-05,3.190046333738207545e-05,-1.232693496658277205e-03,-8.559520313973023944e-04,-6.575997568863209018e-04,-1.217699783314561690e-03,-1.187509535775782207e-02,-1.959396334877036572e-02,-8.454648304271158987e-03,6.083953424360976497e-02,3.741587875332537394e-02,-1.799964594694053108e-02,3.365446227015919667e-02,-5.118179853503781324e-02,-3.312570192538760172e-01,-3.588787236777577633e-02,-2.152844738501847460e-02,-2.637593612873833093e-01,-2.387495983396012988e-01,1.520260609320722364e-02,-8.150430002613029412e-02,-4.078806548710014468e-01,3.154593100917234549e-01,-6.597131970814639201e-01,2.068524030310396888e-01,9.646163325798796928e-03,-9.481612510567231445e-04,-8.765569757088041312e-04,-3.618584022413245949e-02
-5.885395472503108029e-06,5.224739451586514277e-05,-8.289376422660058908e-05,-8.738490381450484280e-04,-5.438174725269562986e-04,-1.532158581374761094e-03,-1.039932044826947198e-03,-1.255844997967180479e-02,-1.515019056410923590e-02,-1.564730968479947221e-02,5.372359550959285301e-02,4.346652518043201546e-02,1.953580543663417379e-01,2.853871516348399640e-01,-1.311385681398786196e-01,-1.283840828329609884e-01,-1.207319618155531932e-01,4.054904352348917551e-01,6.119940454644202665e-01,-4.667767840689546199e-01,2.104449671101396024e-01,-5.994919631212347610e-02,-6.285145610521469806e-02,-8.510437624133283807e-02,4.829212517745043454e-02,8.984141800072804884e-02,-1.889417613934452761e-02,5.314036080224033426e-03,-2.752066740707417229e-04,-4.303744215804561693e-03
2.775305081225594558e-06,1.853637006015371733e-05,-4.236250973850119711e-05,-1.637040236366620483e-04,-1.811258291955457475e-04,3.618732024282335412e-04,5.918689261081857097e-05,-4.123894460148762320e-03,-7.435720608331739846e-03,-4.690771099886659537e-03,1.974105272146146547e-02,1.429481218912301115e-02,7.548132415886403372e-03,-7.102857431493770149e-03,-2.075858596443514240e-02,-5.172502956325217283e-02,2.712339681178685055e-02,8.042167745382786115e-02,-1.717100074046500535e-03,5.470911204082904572e-02,-1.551741827501253723e-01,-2.073134504392220856e-01,5.816226649998783998e-02,2.029292254532042566e-02,1.946587447887268216e-02,6.824388972714706680e-02,-2.776897421757071327e-01,9.264422297959220686e-04,9.125230561724946288e-01,-1.409953269853251451e-02
-3.317240131389771404e-04,5.745387840817621440e-05,-5.472311206024908607e-03,-3.740939978513834613e-03,-2.508418725107605576e-03,-1.104830524025586166e-03,1.819269856977312125e-02,-9.285839682553434504e-02,8.557597917386457198e-02,-2.839588024921545564e-02,1.220669188035679448e-01,9.232862034717878585e-02,-1.496803479132478576e-01,1.176577302246785417e-01,-8.980016819237833792e-01,1.779093073169018824e-01,-2.118656570286378271e-01,-1.810594160540981712e-01,-4.537476693109041004e-02,6.979669801808845164e-02,-4.172453254504886362e-03,-5.261012254927747989e-03,1.206982219476222806e-02,-5.407483374076013476e-03,2.895997339783848608e-03,-1.358410142597213377e-02,-2.839922981523818751e-03,-1.006735262222559386e-02,3.389559795731388221e-03,3.982117527896455469e-04
6.690899137366365288e-05,-4.610175695163704047e-04,-3.924127257651874139e-03,-1.731789099273532695e-02,3.733380149933700903e-02,-2.666050384742502458e-02,-4.653741485745482853e-02,-5.559860925921442654e-01,1.548853120167317451e-02,8.089113223070142356e-01,1.591322769330758002e-01,3.329648775319734438e-02,3.999951302095668820e-02,-7.610055856226527297e-03,5.650687416626591630e-02,8.836397817938211260e-03,-1.125819395195227189e-02,-1.094098965785783237e-02,3.431094748323547643e-03,4.578079350428944740e-04,1.902359305166281302e-03,-5.918643882097319358e-04,7.704857617054671967e-03,-3.735462244473373994e-03,-2.400766323320896890e-03,-3.006427871428405448e-03,-2.075296008298235708e-03,-5.516575359070667638e-04,-8.337116438826199384e-05,-5.733925857786740903e-04
-2.436928754058467674e-03,-9.378297046866848142e-04,-4.016209539889867980e-02,-4.999802959110844630e-02,-2.828275421395520448e-02,9.439767547999569630e-02,1.519099706965634788e-01,-7.958248673125766226e-01,1.718062892662390317e-01,-5.176729161781644661e-01,-1.138600975232062773e-01,-1.092868724643955014e-01,1.905375615071250653e-02,-1.553727265548923188e-02,7.913627771881920347e-02,-1.342430638185171214e-02,7.797364584816970229e-03,1.438046069447326304e-02,-2.395585386293064365e-03,-2.548489113807529075e-03,2.703689769281122316e-03,-1.603182500511291571e-03,1.210969317311286946e-03,6.441922345277412230e-04,-1.402944623144678805e-03,-1.193336664359278881e-03,-3.491710989728647970e-04,9.689321269274119800e-04,-1.311526911442487597e-03,5.654599927470032369e-04
-6.100393224127572539e-02,-2.303435861890503270e-02,-9.893291857728605532e-01,-1.104726506780501771e-01,-4.482189351397591892e-02,-2.050905022288269930e-02,-2.150104270857174441e-02,3.869097883666879761e-02,-2.736768679908347171e-03,1.890283528605962368e-02,2.591011923306597679e-03,2.727703498551616382e-03,3.303738993257378655e-04,-4.225221009338486994e-05,1.557347296150071638e-03,-5.246095057419975340e-04,7.139351906901680433e-04,3.685088939188022376e-04,2.538921197803511933e-04,-2.328928313098885543e-04,-1.423871851339529582e-04,3.670744904093718464e-05,-1.138443412153426591e-04,-1.342515224698341839e-05,-2.941004249501391775e-05,1.003817715075018053e-04,1.090980935850450086e-05,1.343998390770139435e-05,3.766841610705544099e-05,-1.864348989343827599e-05
9.185355439122918035e-07,-2.375723241308339791e-06,-3.587669826629227398e-05,1.280750575832570504e-05,4.716591659019584630e-05,-5.503021272370827718e-05,4.404123139726645966e-04,-2.007874616940949052e-03,-6.596117546406595833e-04,1.430856704017541194e-03,3.584157119213210625e-03,3.468516583544925536e-03,-3.372688491039596532e-05,-2.216206098697248803e-03,-6.584453225109549585e-03,-2.241346472450615052e-02,-1.444938363627719510e-03,2.862461990257236452e-02,-6.206286868130459974e-03,7.380941593058672201e-02,5.009256357157031159e-02,1.077619819662521509e-02,-1.289584038805385302e-01,-1.352702976343097552e-01,-1.408817683481916432e-02,7.293956501301279705e-02,4.769301754971516094e-01,4.969690747933774161e-02,1.664879879352077208e-01,8.320980568296797442e-01
-4.894327344908591880e-06,-1.869027491333684718e-06,-8.518861351050784330e-05,-8.826053675481003100e-04,-3.427375081617702805e-04,-8.699170128845839156e-04,1.961869813704629484e-03,-9.926467055403032438e-03,-1.631910353262846364e-02,7.671913386488349610e-04,4.065186029007241547e-02,-3.555431820559183664e-02,9.442790960424147714e-03,-6.388532747013830893e-02,-7.117612419715008132e-02,3.102113327349493091e-02,3.014226661825110121e-01,-7.878654401581565653e-04,1.328088598817719068e-01,1.503965135773562556e-01,-3.417998009418218852e-02,-6.257130469361116276e-02,-8.029250928752330596e-01,-2.763264533664480313e-02,2.536270578988810698e-01,-3.167139660581123617e-01,-1.639644695113620654e-01,-1.140483965791027343e-01,-1.835079925481138477e-02,-1.305900208947697065e-03
-8.312202580295936636e-06,-1.634383071444371518e-05,-1.621894556758301598e-04,-1.115893011588634529e-03,-4.614432543174841386e-04,-9.455363395353632260e-04,2.037323993223848391e-03,-1.427544410053602393e-02,-2.025366126614267306e-02,5.546071031067929119e-03,9.227908457359251804e-02,-1.310966529292914018e-01,-1.787380997380910164e-01,7.805076314665350401e-02,-1.464377581377596937e-01,-2.788999437196338152e-02,6.941612776290029263e-01,1.250246268801583904e-01,2.868128808164585042e-01,3.260909744531026999e-01,1.675824255800905105e-01,8.606345115192101658e-02,2.435005564030706671e-01,1.600954078980713347e-01,-2.816434154345565100e-01,1.309659960301894355e-01,-5.887090989848908773e-02,-4.812288347507237551e-02,-4.553438096577590993e-02,5.053646244166697804e-02
-3.352724955195194609e-06,-4.751796356744344486e-06,-3.155480006304869906e-05,-2.453084177629491426e-04,-1.739815926792029701e-04,-5.768538739262682674e-04,5.087983363548066133e-04,-4.490928262777061329e-03,-2.889167465532313430e-03,2.027775379415011018e-03,1.093299840508817240e-02,-1.931392476369954425e-02,-1.142216423815424139e-02,1.710530876125201070e-03,-3.001782316309017234e-02,-7.508349991666027345e-02,9.730969375610055982e-02,-5.003157388825146129e-02,1.002370963744432103e-01,6.443264192771232246e-02,4.605996362115792435e-03,5.221126525012279029e-02,-8.720343217965029203e-02,1.505006598403007753e-02,5.480381643688411741e-02,-4.034309330608436273e-02,7.812568252878518971e-01,1.242686780985013950e-01,2.423968733014763843e-01,-5.165853157425577269e-01
7.336370290166608397e-07,-1.602477061133655720e-05,-8.746389163110789445e-05,-1.128197104349601876e-04,-4.140623208830126464e-05,-6.503333439438137601e-04,7.268604771265294376e-04,-5.612977930576370199e-03,-1.632646609533369708e-03,-1.438925597796328251e-03,9.500598126760684270e-03,1.061232305433317501e-02,4.628878211315017727e-02,7.996029307178209589e-02,5.943352964217668219e-03,5.783551075147849024e-02,6.093993143560327841e-02,-3.729055771722997875e-02,-7.815915077437622649e-02,8.567004308679816715e-02,-7.357976742558405836e-02,4.638057140220144814e-02,-1.912544585451479706e-01,7.003260778865851022e-02,3.931058929012850589e-01,8.694782475116670240e-01,-2.360857427471284992e-02,-1.264031729330678672e-02,-7.342549421328030401e-02,-6.008142182204798121e-02
8.595068538575153152e-08,-2.368157283318595550e-07,-1.912709453098300849e-05,-6.876104392691818857e-05,-4.141872812775825079e-05,-1.379358724833830397e-04,3.100652166339355016e-04,-1.827046672000817327e-03,-1.723660733990154586e-03,1.068259157036665144e-03,7.724810918656633760e-03,-4.228651364821375304e-03,-6.675607974734178857e-03,-4.334276628498920196e-03,-2.259795646402166028e-02,-1.013721588949782586e-03,5.695413088485740821e-02,1.009829098609102416e-02,1.956796228421647799e-02,4.346373024434764532e-02,-2.320473733705434236e-02,-1.201927052150243563e-01,-5.083923648703321529e-02,2.650938130747393026e-02,2.375608093989360972e-02,-1.837371026287361667e-02,-1.287775660004535361e-01,9.756223658049592018e-01,-7.330886229887259575e-02,2.740732618646490176e-02
-6.998998119185050916e-03,1.789432697405638753e-03,1.570873783876790969e-02,-6.445888571987114235e-02,-4.648517422893176654e-02,-6.645685977647253218e-02,-3.866993898434569615e-02,1.259443035638283248e-01,8.693861267308476970e-01,-2.732459982421870173e-02,3.949942932098827186e-01,1.926443560090762286e-01,-1.597294077604613852e-02,-5.610310575748870404e-02,1.268215950467262154e-01,7.943518401619621347e-03,3.802023475739916419e-02,1.211764289235183270e-02,1.911919954113002612e-02,-1.752812824989734633e-02,6.550012142302593342e-03,4.998953843699053753e-03,-1.358350070104784313e-03,2.292767162499387886e-03,1.691227026282803849e-03,7.406936255096014223e-04,2.162794735120043832e-03,1.119087763614377406e-03,7.164387988826777980e-04,-8.129064250289717202e-04
-2.570520156215496017e-03,1.201463627245430085e-02,2.737081622461535677e-02,-4.579778347755826262e-01,6.748114916323224577e-01,1.109365619469571129e-01,-5.590597068226144106e-01,-3.101334131424954635e-02,4.248300509510018370e-03,-8.293350956817086006e-02,-3.294392515007277950e-02,-4.907089500902649115e-03,-7.715775326072656960e-03,-7.241532630284923822e-04,-9.635284424102576878e-03,1.463373261851236675e-03,1.529075842302696090e-03,1.802400793290697897e-03,4.170194780423984991e-05,-1.553914933991020961e-04,-8.197563278716982595e-04,5.410282917519820004e-05,-1.246061496417779193e-03,5.645547118499718610e-04,3.430765438530613198e-04,5.256604277700393938e-04,3.529878731362732168e-04,4.471440369896303801e-05,3.216193701110993050e-05,1.180438433322877732e-04
-4.879046068076439008e-02,1.455161547753211319e-02,9.686143868361282716e-02,-7.232590021956136761e-01,-4.659415086063894984e-01,4.696196232771902013e-01,1.131133840255222206e-01,7.316385715348204533e-02,-3.667200023516858226e-02,8.449045913490271786e-02,-2.189269125067251978e-02,3.576870953949532004e-03,-2.213083988473586207e-03,7.470912537210257741e-03,-9.496581752596404066e-03,-1.033462913969219934e-03,-9.273481023620941009e-04,1.513479933560472391e-04,-2.702843670700794403e-04,5.792088177975669716e-04,-1.027721073468536046e-03,5.585103250390820661e-05,-6.251317572834113418e-04,-7.838173178027879585e-05,1.668637336043138299e-04,1.463759049203683686e-04,-1.110475876234678791e-04,-9.680993196184183361e-05,8.356967449800700677e-05,-5.457878455921976731e-05
-8.386850908312890596e-01,5.408960349357169184e-01,3.358493830363733224e-02,4.509543453835906934e-02,1.725266180555589182e-02,-2.270255194482610067e-02,-2.680568028188334406e-03,-4.913268054428036880e-03,-4.247292834381322449e-03,-3.061137316296877377e-03,-1.833730089918290040e-03,-1.394767092995254825e-03,1.450764500720059277e-04,9.167526972937453618e-06,-2.757832638499811825e-04,7.451978113468864592e-06,-1.679861918157885274e-04,-4.611897380308690900e-05,-1.089132820537763231e-04,7.584596361002760327e-05,4.451160524444860219e-06,-2.954306214144796427e-05,3.390496100682254015e-05,-4.342586421797112548e-06,-1.308355226520692034e-05,-1.133641626812674804e-06,-7.290204874753837926e-06,-1.996099256100867742e-06,-9.631195952416695248e-06,8.486457248472374930e-06
-2.936695280563940146e-06,8.619173723920654751e-05,2.175013749512490823e-05,-4.659828449689761205e-04,-3.161110408626006799e-04,2.150848431152637373e-03,-3.591551569731806122e-03,-5.380270259458931701e-04,-1.107779162924382027e-02,-1.404749899745182454e-02,5.376935013941936542e-02,5.530906840911840872e-02,4.078045470027107794e-02,3.181912770837632288e-03,2.072782096927432670e-03,-3.456575526592797765e-01,-3.231250077405154464e-01,3.021628146576087470e-01,-8.830771696144736060e-02,5.983957732169815635e-01,3.555153700801091943e-01,2.589288100627170491e-02,-7.788832058627326305e-02,-3.772364335467711660e-01,-9.518179064993925742e-02,6.002210846628071306e-02,-8.135576515464157388e-02,2.853125007763938556e-03,-2.458111708000357623e-02,-1.250526963959543436e-01
-9.237838719970826562e-05,3.790909446538227260e-04,6.619676594617402744e-04,-1.031228305608104454e-02,-4.332939326746268992e-03,1.353991405739865886e-02,-8.490742704495221616e-03,4.086421138627615267e-03,-1.468560935537958079e-01,-8.803235657483213239e-02,3.809798020549328146e-01,-1.582133523117194296e-01,6.424744408953518837e-01,-5.339286225571198141e-01,-1.623824773426878199e-01,1.017916783623962484e-01,9.123751813579707159e-02,3.300040312629037853e-02,-1.016092401649843630e-01,-6.813043787978438626e-02,1.773501388143438051e-01,4.296715405739497812e-02,7.063016822845955001e-02,3.486304730983243172e-02,-1.056361229339577469e-02,3.116938557412068586e-02,9.604317659465266485e-03,9.805519669028796292e-03,1.886580825671510184e-02,-3.956778729553665948e-03
-1.581105698483720645e-04,3.208101357966468086e-04,7.978818336708737215e-04,-1.254001522005256108e-02,-4.415528771940958365e-03,1.194364125673416828e-02,-1.184814323862274851e-02,1.059064233739279159e-02,-1.717791991917826666e-01,-8.872374744518987666e-02,6.129326444653787620e-01,-5.584624564477689290e-01,-3.117058650789800156e-01,1.581509795984840649e-01,1.814166393829540480e-01,1.459538543058605253e-01,-2.708690789586226666e-01,-4.040288518594317008e-02,1.001429842159061306e-01,3.248651436248840146e-02,-8.484968852295864117e-02,2.353447095899838248e-03,-5.782382739437511715e-02,1.735321935467098314e-02,-3.139900224504611759e-02,7.514806727845166692e-03,9.636142419421688888e-04,4.798650907072926110e-03,9.526704581638999539e-03,-7.007422765603442535e-04
-7.204447860339255728e-05,8.551752212708410973e-05,3.505696540566220244e-04,-2.967943089419752215e-03,-1.739109321909424648e-03,2.270327541422001352e-03,-6.188536316030527826e-03,-2.448003398857174096e-03,-3.019278606509470664e-02,-2.563826864026800059e-02,1.169140513528887232e-01,-4.627024988520461735e-02,5.999314905965321548e-02,-6.311966616477772060e-03,-3.176541058828865477e-02,-6.882696859477187568e-01,4.076651045470748580e-02,-6.254867400028010227e-01,2.105945378940621560e-01,-3.620266110001101045e-02,-1.019593930560582645e-02,1.295106691716188703e-02,1.150255044248830461e-01,-7.870762108624709819e-02,1.820076945911922872e-01,-1.594173230372452482e-02,-8.495746863432682150e-02,-1.050837240083309435e-02,-1.781870902318359942e-02,7.011604346043666391e-02
-1.483387222518418045e-05,2.211606700562454640e-04,3.307243287904178112e-04,-2.183385572233582927e-03,-9.807285539409763605e-04,2.531107344520326218e-03,-9.350052323366539464e-03,4.775789165782206441e-03,-2.149061219764393169e-02,-5.094403754326053829e-02,1.204325705831126719e-01,6.166881465263556600e-02,5.428136606021555233e-01,7.331684039811491305e-01,8.536188558313709263e-02,1.272309744261069242e-01,1.009466913738796684e-01,-1.583776498781750974e-01,-1.834275616462784364e-01,1.730932741988729096e-01,-5.501749613873176820e-02,-6.137839456001110972e-03,1.836536804849143306e-02,1.739009852729715352e-02,-6.492220907268535235e-02,-1.258975745519737566e-01,1.016259931352763574e-02,-4.312977554659685108e-04,8.293526784173641669e-03,5.833431756913728776e-03
-8.851346159922918955e-07,6.076841150341796149e-05,3.089133536924361265e-05,-8.124388123241815156e-04,-3.909037263773729718e-04,1.907479811911197030e-03,-7.920207481229494910e-04,-1.466633733073476227e-03,-1.629856576566524745e-02,-1.033978300047897099e-02,5.355055924487200220e-02,-3.253091342975385019e-04,3.937363309178010251e-02,-5.363210915351466351e-02,-2.994824955312402198e-02,-5.736175798183985181e-02,4.060430357993657230e-02,8.428192339553781942e-02,2.194177512277075207e-02,1.152724068694043202e-01,-2.153475315693522962e-01,-9.041633353504807680e-01,1.143322276380370900e-01,-2.601927892172457499e-02,1.369211079980033746e-02,3.087495838936740386e-02,1.418194976261746010e-01,-1.179105521867028911e-01,-2.297122266039897942e-01,-7.635246342905400302e-03
