-5.062413226466452344e-03,8.743757657202876760e-03,1.469666233554439358e-02,1.928064129121768999e-02,-3.808286762750604654e-02,-1.174338151661329377e-01,6.379523348371439473e-02,2.424658443316707324e-02,-3.376941384758985754e-01,1.554266563808801571e-01,4.105752425491659419e-01,-7.816966690981017596e-01,5.674032485767615402e-02,-7.414427349871961781e-02,-1.177368995568555121e-01,-1.421819308329825005e-01,-1.010802727662983742e-02,-1.062824861513343433e-01,-1.697027377166784173e-02,6.443148070004282857e-02,4.692834401524517696e-02,-9.771418623433329731e-03,-1.641439231799007902e-03,-2.379318186284097927e-02,-5.786306037463290024e-03,-4.186500064021837428e-03,2.032425573087960798e-03,-2.247003542983740890e-03,-5.659887649859383918e-03,-2.028900804573424525e-03
-2.247224079627963434e-03,-2.999812355076126192e-03,1.013884837747897408e-02,4.344988753534886894e-01,3.669734987444164265e-01,-3.918234048857140439e-01,-7.126134920830485830e-01,9.757227035301901941e-02,-4.942293387560246429e-03,6.815486004592011260e-02,-2.827626491587641872e-02,-2.689716227416422915e-03,4.256549659012931995e-03,1.808426835301292241e-03,6.427189441432674087e-03,-3.408860030531790306e-03,2.615958159682721731e-03,-3.639182112152069670e-04,-6.435124008438092638e-04,-4.735834298186017942e-04,-8.831141128236810094e-04,5.998059474240970959e-04,-4.751865998994315088e-04,-1.387033884130415607e-04,-1.749628040101780112e-04,-7.409072207888315123e-04,5.454174917509338634e-05,-4.408220535869734023e-04,-1.297124809767784053e-04,-1.124485714759992314e-04
-3.501018133770621155e-02,5.985990164193762120e-02,8.971046628378251397e-02,2.371129333198846167e-01,-3.557698848768679478e-01,-7.897713523799948510e-01,3.789022173861970044e-01,-4.967152400662027539e-02,1.204696546916254052e-01,-1.038157202284948205e-01,-1.297801081365861867e-03,9.018871722790222645e-02,-5.612755570136537461e-03,2.150999183070760601e-03,1.307353499609217179e-02,2.169241965992936561e-02,4.032931194656183549e-03,1.678776005391102721e-02,-8.602088632507895374e-04,-9.552248650951968706e-03,-8.054091224066074056e-03,2.946047504921838096e-03,-1.286301139274429936e-04,2.272857772709300280e-03,7.921021668010610681e-04,6.560297773542412289e-04,-3.274235004006834809e-04,-2.208745355771087580e-04,9.932768290203044127e-04,6.854846951358062150e-04
-5.210944968148522038e-01,8.466331604603802852e-01,6.741551706912465858e-02,-3.241606253624717410e-02,5.640262103220469031e-02,5.016044100651453896e-02,-1.877891521568083796e-02,6.720866689533159339e-04,-2.639897277456497871e-03,2.536840944553536356e-03,-3.363144912864769655e-03,1.356796948046049174e-03,6.023391512364715281e-05,3.539722439736366273e-04,2.629094612348687523e-05,2.002739538050747826e-05,-5.955028746279234360e-05,-1.159329093739378739e-05,1.699820876880946325e-04,-5.787377042375597324e-05,7.839395864279128116e-05,-7.352351718086370773e-05,-6.739374763630292723e-06,6.284959564311747840e-05,1.053378895352407019e-05,-8.993421413779433587e-06,5.352447705877623815e-08,2.637936297135255189e-05,-3.036870156521567570e-06,-2.102185312117071012e-05
-4.267165225888560376e-06,-1.530453039403227291e-06,-6.809119065729607174e-05,3.433070636200157748e-04,-7.016283022284555172e-04,-6.535589218019713896e-04,1.826621443026640174e-03,-2.320418871963048080e-03,8.041510511326000615e-03,-3.194862069152127736e-03,-2.960186092168913194e-02,3.564078117463839734e-02,3.201794317748582214e-03,-6.736446382295263602e-02,-3.711815882214210965e-02,-2.064123789934275421e-01,1.549127711138455488e-01,-2.901690922955152963e-01,-1.165639972345276221e-01,-1.345759835278747540e-01,-1.106219557369949105e-02,-4.447759627762874063e-02,3.794836477341383130e-02,6.643718576788205654e-01,5.582975948128939825e-01,-1.945055567493957083e-01,-1.012783226554317927e-02,5.375673048116459685e-02,-5.096543658003153260e-02,9.640397070202140484e-02
-3.974639557278701889e-05,9.655770353189738214e-06,-4.623014190222646307e-05,3.133531749169453200e-03,-3.310836048334168859e-03,-1.466921169857607950e-03,7.479794557437418603e-04,-8.264476201957401957e-03,5.426546536014883321e-02,-3.229658324817444304e-02,-1.236490173908700030e-01,6.634270447304474461e-02,9.286261815782650975e-02,-2.014287546220097300e-02,-5.061294021566346835e-02,-2.028468423582552860e-01,-1.267807555385531415e-01,-3.304429997655208839e-01,-3.488852740973023836e-02,4.911696520358751344e-02,7.896014718630386398e-01,-2.994681200566111645e-01,-2.015098321149726424e-01,-9.906923685725953221e-02,-1.137257818932839171e-01,4.902569551100923644e-04,1.766209310206692806e-02,3.206114945956210771e-02,-1.286885859606883009e-01,-1.377121277731351533e-02
-8.439759005762527682e-05,1.010183579892674625e-04,-1.615896513885138619e-04,3.634974516813264944e-03,-3.029818171033492585e-03,-4.659489908179374534e-04,1.615349903722350291e-03,-9.421103853748670834e-03,6.962407166965928207e-02,-2.455599598200354158e-02,-1.890685296992813125e-01,-1.283691525657783272e-02,-2.517751268698642519e-01,-1.622330085996101512e-01,-5.514930257171660882e-02,-1.796838627249421338e-01,-4.050693812492044965e-01,-2.808636156494178637e-01,-1.246142539075286992e-01,5.900260761314362057e-01,-2.840700631443007773e-01,4.678406376059050104e-02,-8.280418791786198218e-02,-2.501349415502822082e-01,2.671017709049912647e-01,-4.003796236562129351e-02,6.061850762547569280e-04,3.600375248079844270e-02,-1.712650531519657390e-02,-3.974738552559673593e-03
-4.672544654062703621e-05,5.644162875093414736e-05,8.523338105656015837e-06,1.321996565440068661e-03,-1.529756247974510671e-03,-9.090466270899214907e-04,1.226151150837468361e-03,-6.193354546030205299e-03,1.868246592533287162e-02,-1.041393711989886499e-02,-5.707644529497920421e-02,4.533429878946561298e-02,-3.914245830320455671e-02,-8.679219180358360708e-02,-2.573707299868774334e-02,-3.100645716335943547e-01,1.427350640646530937e-02,-5.428218256068115255e-02,-2.324004943059647388e-02,3.300019307145080072e-01,-8.199919918696062238e-02,-8.682068170463075329e-03,3.428237447247659553e-01,4.718329470189708830e-01,-6.510302559958707214e-01,3.963122328595368449e-02,5.869140617537041589e-03,-2.095722503917822610e-02,2.419911273603743765e-02,-4.797631438607644072e-02
-4.687074192027949508e-06,-1.183327967735048416e-05,-1.283193834007677065e-04,1.072582879020067548e-03,-1.247728370535705449e-03,-3.211534690796310067e-04,2.503005578303432906e-04,-8.125271412666890125e-03,1.778250610480399188e-02,-3.307420479928826866e-03,-5.265992719414951811e-02,1.540176412007402372e-02,7.691043272821614096e-02,-3.762578147587488098e-01,3.384641116232706831e-02,-7.720602947719567774e-03,5.273724779521658107e-02,-3.446009300855089608e-01,8.302898399638889426e-01,-1.062894404088831485e-01,-1.035340000139512995e-01,3.437262513274598474e-02,4.730793294013891509e-02,-5.746329729562024702e-02,2.706794194271278098e-03,9.013118009409989972e-02,-3.050281602367481588e-03,-6.430800155756247714e-03,-3.177134808480273150e-04,-8.430319190074260505e-03
2.784546023329282744e-06,-1.247573902862935094e-05,-5.289500146633490762e-05,2.581777753872696959e-04,-2.824615304997509175e-04,1.309414017258603600e-05,-1.929656796691451225e-04,-2.146698926888388793e-03,7.621616016142719434e-03,-5.639352983773377251e-03,-2.085419376910403397e-02,1.005300573027244349e-02,7.371320774373658728e-03,-5.879818581146671781e-03,-1.076913828158431070e-02,-4.574238290797921075e-02,-4.432371572751132166e-02,-8.193687382625312876e-02,-2.522561294201845425e-02,1.224987186767923690e-03,1.935266754082882179e-01,2.018769094694378152e-01,2.648274837742779428e-02,5.156517953022004414e-03,6.364048993057927484e-02,1.865868721917536555e-02,-7.996084854501661621e-02,-2.399334188558568393e-01,9.163778596154796841e-01,2.669869263252406047e-02
-3.730041603606391236e-04,2.344816046279104627e-04,-5.425756540009717827e-03,4.537336106089021569e-03,-4.841572331846045150e-03,-7.277867682401335456e-03,-1.541871780247091629e-02,-9.519822376232095484e-02,-7.960501056034989531e-02,-1.917851165021871446e-02,-1.207037121599448259e-01,7.104289819622451596e-02,-1.535285960913877201e-01,-2.622064918934840505e-01,-9.003905995372368798e-01,1.080385763647563335e-01,1.365930610370918452e-01,1.636216942380773476e-01,-1.523745961633861737e-02,-3.272312884357018309e-02,4.907343263422574847e-02,9.144196153420743609e-04,-4.471442757105251707e-03,-1.526307095210980430e-02,-2.530937193306131549e-03,2.350909548949962295e-03,-4.835482774315616288e-03,-6.348986203328621774e-04,1.522967860049509762e-03,-1.095919324783513858e-02
-2.404096270629180445e-05,4.078515289005392864e-04,-4.973712404414631048e-03,3.516904091778256386e-02,2.520085515874080986e-02,-2.216911201017889715e-02,4.956977675719327625e-02,-5.701588434440526543e-01,1.494838707640835096e-01,7.872124282682779750e-01,-1.535264157307410227e-01,-7.236476911911465977e-03,3.554799495921356911e-02,3.472140082713929404e-02,3.785340977783212268e-02,-2.621374101401139972e-04,1.904090239460195719e-02,7.866009786933225376e-03,-2.334304752347573283e-03,-9.760912156974836402e-04,-1.893678759637890553e-03,4.800025277958377967e-03,-4.179270874626411780e-03,-1.656718506971158146e-03,-1.954637165354879916e-03,-4.044038771493432306e-03,1.670035052668126423e-04,-1.170308096009907818e-03,2.061990251976047810e-04,-6.172229103504451534e-04
-2.702262399100174330e-03,2.937025732488570892e-03,-3.957844083354315062e-02,5.514255062406377139e-02,-5.758935644803654663e-02,4.576867852518197444e-02,-1.836161817896957427e-01,-7.993490049649416562e-01,-1.215704564123853137e-01,-5.325992496127057718e-01,8.673800762147833299e-02,-6.041616810999040493e-02,1.463193355719881461e-02,1.445571126679378281e-02,8.238935124135342292e-02,-5.893604063285777864e-03,-3.212552939254233447e-03,-1.583705422105483734e-02,-5.494747805171919935e-03,5.611233182787654129e-03,-9.263353536688473389e-03,-1.528477232490419368e-04,-2.506918465483069965e-03,-3.806088772066731164e-05,1.218207404252336264e-03,-1.630936449640010052e-03,4.753081921905573837e-04,-1.548356431430448522e-03,-1.094643837881107556e-03,2.872193973071892909e-03
-6.802527693620684379e-02,4.863266598452673645e-02,-9.848265578552052313e-01,1.069248878323678376e-01,-9.027191012373106394e-02,-2.520865827136989715e-02,2.635830131413658198e-02,4.236731327902278771e-02,-1.551157205206255690e-03,2.022027799703735029e-02,-8.035812111035938506e-04,7.962832967646012346e-04,3.788548457196952587e-05,8.426348704200214155e-04,1.725090717306567963e-03,-3.944325732387038539e-04,-5.681389835863854491e-04,-2.469235350166388144e-04,2.558481825082220031e-04,-6.994399808822242628e-05,1.446955583816658523e-04,4.503439536815074439e-05,1.437090589801795753e-04,3.066303990255587667e-05,-8.200874998844465775e-05,2.530891026541333039e-05,1.065694976682719616e-05,5.061866392252734975e-05,4.080175618164763775e-05,-4.917263576875409914e-05
5.141503579931021969e-07,4.673403430481539038e-06,-3.716455715216986430e-05,1.921465079989894924e-05,3.623764380794337056e-05,-2.203223169353650871e-04,-2.591120427771088225e-04,-1.437846593688149642e-03,1.691866491095357075e-03,1.249812342763690362e-03,-5.113908971781954728e-03,5.924693154263440537e-03,-1.941629332729718615e-03,-2.354798890571157578e-03,-1.698459790732470207e-02,-3.641266383950590019e-02,-4.025645005084710001e-03,-4.243039614111138863e-02,-4.045629443851058576e-02,-6.013655324992071144e-02,-2.098456702354585188e-02,-3.510009303219593924e-02,1.333095163845612052e-01,-1.158173480584713116e-01,-8.567729335466887919e-02,8.985076143507042534e-02,-9.120073424856563193e-02,4.671811233862412926e-01,9.571572178727148772e-02,8.409698647340599909e-01
-7.525128181410314418e-06,1.386748373150738138e-05,-7.516985837196698205e-05,1.018219334555614877e-03,-7.468171166195067918e-04,-5.786103536747035829e-04,-9.504096036017237658e-04,-6.778911861643687267e-03,2.029697772807462566e-02,-7.258194388465988474e-03,-4.443327647025693133e-02,-3.142874698345477641e-02,4.116148430937670993e-02,2.155215963055490125e-02,-4.180250143015722120e-02,1.542286816773600494e-02,-3.127123620122309600e-01,2.101527358739066140e-02,-5.051400200417230715e-03,-1.964645119913985549e-01,7.542213718086818175e-02,-2.231463946009166477e-01,8.013215043109994662e-01,-1.997824889612071497e-01,1.445032642178726290e-01,-2.730312424147575689e-01,-6.329979468323210234e-02,-1.061487845517936068e-01,-3.830098064120157630e-02,-7.645430511276819774e-02
-1.170724615560851878e-05,3.600442351420224006e-05,-1.410511237651281393e-04,1.092286625876535749e-03,-7.567445706927699006e-04,-9.207775737745709432e-04,-9.836151286377603498e-04,-1.105455193348353453e-02,2.782080639965923280e-02,-2.854452004818749077e-03,-8.162746749894975173e-02,-1.013298823234004692e-01,-1.741101506182572423e-01,-7.383453274361209684e-02,-3.869712002154289399e-02,-2.551922846428419933e-02,-7.059450775978929338e-01,4.793328708495556145e-02,-7.566579888931404541e-03,-4.936531135652435509e-01,-9.991122329648680078e-02,5.799829879525194437e-02,-2.656164613695700116e-01,2.514253796799074125e-01,-1.796324348084555600e-01,6.580076930190545403e-02,-3.498723506311977871e-02,-9.624828892265062386e-02,-3.569061534244905715e-02,6.608996677701861611e-02
-3.991619995162585261e-06,1.024718304613118553e-05,-1.849469423804182627e-05,2.500415272301427906e-04,-2.573272706264235175e-04,-6.149594501830785240e-04,-4.919538870794225565e-04,-3.892594231910596718e-03,4.083156253288241187e-03,-2.332436175246039699e-03,-9.296348595070431584e-03,-1.396104999589766089e-02,-1.791872460949659254e-02,-7.720118337659328221e-03,4.681772762104162607e-03,-8.323909873562254647e-02,-8.348903475269695007e-02,7.041644221913977153e-02,1.985291136572079479e-02,-1.028686252690172581e-01,-6.664110388454214540e-04,-1.823244131069045454e-02,1.029666515732396634e-02,1.512879705273016684e-02,1.610240575144059397e-02,6.001476505295578329e-03,-3.238463323380383341e-02,8.209050221602259834e-01,2.277873017468768913e-01,-4.915896370433768259e-01
1.528199565528422850e-08,1.672744188240770006e-05,-8.278477014294198543e-05,2.009224686366062990e-04,-2.028019377534944975e-04,-4.031999105195255804e-05,-9.840381379897580882e-04,-3.825063042303259928e-03,1.576772192751492658e-03,3.493523803294314427e-03,-8.732435695016256549e-03,-5.004046542230008131e-03,4.021074619769045289e-02,-7.275557625352374602e-02,1.934225401569376890e-02,1.444966357753712377e-02,-4.610074166221728165e-02,2.726770116044534287e-02,-1.219064066834607135e-01,6.451068825917481014e-03,4.134523946928197330e-02,-1.202430738347193134e-01,2.179530403073554057e-01,7.005327801094361762e-02,2.279613521537757759e-01,9.188687010423129964e-01,-2.614488575617795497e-03,-5.320004777040405336e-02,-3.863306358685976438e-02,-7.354630167672837615e-02
-7.237195278363179403e-09,5.422260542737099469e-07,-1.958153736399284602e-05,7.460855883055264831e-05,-5.747897252600287930e-05,-1.495129581280223434e-04,-1.829055920169043558e-04,-1.370011980718831854e-03,2.458805055889803741e-03,-1.036421757824790594e-03,-7.477985505330988353e-03,-3.001024134799911390e-03,-3.515369902998277240e-03,-1.116803316417202315e-03,-1.041135582826934955e-02,-1.821395431342045590e-03,-5.661940515287343378e-02,-1.827381653719048395e-03,-1.769350057314677356e-03,-3.811041967556653282e-02,3.525705144350266274e-02,9.312304894035813851e-02,7.838716017024546789e-02,-4.519156133376251751e-03,1.904617651201828687e-02,-1.631002005979908511e-03,9.841133079280516283e-01,4.920979969137297128e-02,6.218141050225974020e-02,6.263847175226706920e-02
-7.016880251542386392e-03,-5.424655749506868910e-04,1.854900973896750002e-02,4.308854525591408746e-02,-6.215641146791884425e-02,-5.276780373270373997e-02,5.734036704596090495e-02,1.955769319197202261e-02,-8.756660338046757808e-01,9.073528867370733719e-02,-4.020624581763619365e-01,1.759770374351061206e-01,3.485175105621211508e-03,6.924384915620807046e-02,1.163783728765970110e-01,1.789805154052788796e-02,-2.668211010676559830e-02,-7.442498575122202982e-03,1.458313220583043295e-02,-2.475278801630802997e-03,-7.986271918933295424e-03,-5.160703581819863980e-03,1.315082229353571911e-03,5.081701675660839010e-03,2.270515985411975836e-03,4.547037855317357280e-04,-1.042259835667678221e-05,1.932473431678737768e-03,9.988293685209241862e-04,4.016493190452465100e-04
-3.004398560721672790e-03,-1.392773482972774028e-02,3.074228654895613810e-02,6.597358374106694345e-01,4.879315380175204275e-01,2.374819582839413634e-01,5.092067445823569294e-01,-3.371626804584405834e-02,-8.390700262976787116e-03,-8.545999235239488956e-02,3.476615404808040127e-02,3.549656519170033345e-03,-5.013540899452322876e-03,-3.939880315138298908e-03,-6.713726309633859940e-03,1.727524115401919821e-03,-3.200932061722383797e-03,-4.390500904676974264e-04,5.914802238931827702e-04,4.053969248874964839e-04,1.021706022895468770e-03,-6.922406908726849066e-04,4.971745904166749355e-04,3.315988382445748321e-04,2.961035830874012053e-04,6.998417636377093649e-04,-3.360212700481648198e-05,3.420002077013693602e-04,1.002829634028895957e-04,1.074648801374212772e-04
-4.869806904493909766e-02,6.229330896762837536e-04,1.164864287302590784e-01,5.470299115113359534e-01,-6.922762420416239681e-01,3.786699943268426183e-01,-2.101255449060775993e-01,9.044413378740116805e-02,3.846056649013086803e-02,8.650153664406108611e-02,2.640741407533041957e-02,-5.019411802427546816e-03,-4.995530622905921918e-03,-1.922452455449411316e-03,-1.118381450438810445e-02,-1.922722124800564604e-03,7.611748352748755114e-04,-9.874655671185694240e-04,2.899327854063701642e-04,-4.897640329620336647e-04,1.620810626788851379e-03,5.975391124243566209e-04,5.435246721958668760e-04,-1.106632415873508264e-04,-2.125745922569171622e-04,9.443537582243126708e-05,-1.223126631326472510e-05,1.260769080648327497e-04,-6.953098938977649382e-06,-3.300081608802907674e-04
-8.486102974858940051e-01,-5.262840332306093494e-01,2.691335211070410710e-02,-3.398066666824686721e-02,2.523625954909297989e-02,-1.673962652215688074e-02,5.659994097510205428e-03,-4.800435733043488355e-03,4.221511379837280392e-03,-3.688005041416549286e-03,1.477704584336702763e-03,-8.407072410128075841e-04,1.655453329843408535e-04,-3.105261286278219231e-04,-1.789053586238886513e-04,-1.578449666901335762e-05,1.141603690020935613e-04,6.722929019465699011e-05,-1.043649525462552439e-04,3.878767827735124291e-05,-3.011513543720562190e-05,7.191209593209427450e-06,-2.644459210128799552e-05,-2.076070344173350704e-05,-6.581583907173022760e-07,-1.459993589870830055e-06,8.019974423265026602e-08,-1.583990591206826663e-05,-6.838499621946223939e-06,1.283387003037477140e-05
-4.062223797497900867e-06,-5.695246477664615815e-05,1.201649706887648853e-05,7.901713054878368439e-04,-6.591355196628092411e-04,1.795306169239039434e-03,3.969876874230224457e-03,2.889990073457643881e-03,1.112934168062241179e-02,-1.297095044412630710e-02,-5.870584208755075944e-02,6.002726580745781221e-02,1.135073732814654950e-02,-6.499710036318105677e-02,-3.784886471231170557e-02,-3.557490527102484812e-01,2.761456170224681483e-01,-4.355038071310325387e-01,-3.614284852337055209e-01,-4.427790545257896393e-01,-3.041407430150268598e-01,1.220419846761271014e-02,-8.596075391837753113e-03,-3.438280570588637675e-01,-1.809100033245617800e-01,5.704578676266744419e-02,1.960766052576731408e-02,-7.905233459283811381e-02,3.789576660329896460e-03,-1.187844551648587210e-01
-9.376832266831361840e-05,-2.254157647974400008e-04,7.432869729577985416e-04,1.126901066501229468e-02,-8.409398680656089003e-03,1.045904412704586929e-02,9.135070093387986923e-03,3.192649693719713799e-02,1.348810616860824652e-01,-1.201671844777632420e-01,-4.161258741988129173e-01,-2.465812708472497339e-01,7.126046938371817241e-01,3.302476863892450099e-01,-2.282111794593474907e-01,-1.315730572472029528e-02,-8.594624156806360271e-02,-2.800230488082179961e-02,5.145069849497293374e-02,6.433519514966345998e-02,-1.962464580217469501e-01,-1.916535200940134090e-02,-7.706825598132802102e-02,4.179939485766113322e-02,9.104676521932849285e-04,2.114835033399130662e-02,6.480629778595971453e-03,5.182230062496956738e-03,2.805851100830304007e-02,6.557057526424226943e-03
-1.654196257220511685e-04,-1.064084872590614428e-04,9.837235198888341723e-04,1.245755635550586243e-02,-8.026557747120582550e-03,1.041334008188212097e-02,1.353524683783869503e-02,3.359920643270138119e-02,1.743502942040826009e-01,-1.232909128499586615e-01,-5.891411351136692787e-01,-5.038983509406715910e-01,-4.456530782799436041e-01,-2.488113329772752205e-03,1.724048128345513353e-01,1.717580850187120645e-01,2.706925693081017048e-01,2.294906308175974699e-02,-1.721260524571478984e-03,-6.841648861959979955e-02,9.582166511612312532e-02,-3.955129829799344798e-02,5.303641757388210393e-02,2.308420137043447340e-02,-3.496761068727786276e-02,3.232824470352291864e-03,3.351500060778373966e-03,1.943345265891930837e-03,9.409173048830776070e-03,-2.957014691814175821e-03
-7.022461844435320738e-05,-1.301150540747900357e-05,3.814478787477198628e-04,3.033568345319155590e-03,-3.031936682574415225e-03,2.501138287391786990e-03,4.547399912086258662e-03,3.592870586194811620e-03,2.701493963108506438e-02,-3.194775381554446764e-02,-1.148398343704748192e-01,-2.434427052153888271e-02,-7.335955812673113606e-03,-7.508128585769466290e-02,6.048532288473217750e-02,-7.456258541092151138e-01,6.590715312330380771e-02,5.660159054911784171e-01,1.746692471552129533e-01,-4.513089196713382378e-02,5.080192086285907627e-02,1.930493939824140526e-02,-5.666690470777958899e-02,-1.270540199716804763e-01,1.660384935497914716e-01,-5.141234590901112497e-03,5.792917733403992126e-04,-8.416917458647042716e-02,-2.891387639443145779e-02,6.336891091832344558e-02
-1.090314231783191588e-05,-1.295262231770723694e-04,2.994334956385646864e-04,2.932767661005264599e-03,-2.775836700507512515e-03,8.153774572315766744e-03,2.863710361237114654e-03,1.249251489535100831e-02,9.850097196773155428e-03,-1.322560084445145202e-02,-1.159352628853574513e-01,-4.653112939801800491e-02,3.845817794511133814e-01,-7.797924872598706036e-01,2.303434753336712770e-01,1.743279279430739737e-01,-3.579648050542365376e-03,1.792417740852959296e-01,-3.080570121632795755e-01,1.659899352541117576e-02,3.006040615379306294e-02,6.616632319898771430e-03,-3.405528846702388784e-02,1.792922898327039237e-03,-2.829143836227656153e-02,-1.171066715316677748e-01,1.582638081382204288e-03,1.587034299894272624e-02,9.847082349369824794e-03,1.248111890273363896e-02
-1.569649549351722261e-07,-4.710734079761913712e-05,2.675206770628728013e-05,1.043137271941804115e-03,-6.371145249287299720e-04,1.312155672522697866e-03,1.135859835570367368e-03,2.256742013637356385e-03,1.611880650659736416e-02,-1.859218974906318850e-02,-6.168865522471646268e-02,-1.497413632301087573e-02,6.027524347190298115e-02,2.878809533656094197e-02,-1.972431443941219040e-02,-3.164282862290041659e-02,-3.577263003864065982e-02,-8.291411206545866441e-02,-5.169151435753217144e-02,-2.497280008551691632e-02,2.706253157732882997e-01,8.852315681320117591e-01,1.821805490597221133e-01,-3.313599050684050418e-02,2.605194348785650968e-02,4.145465281469945529e-02,-9.795950363356512036e-02,7.198236898533454109e-02,-2.630688814178472890e-01,-2.263284208100197620e-02
