5.093924693501822483e-03,-1.021032178124303864e-02,-1.081936423451128337e-02,-1.959902400196626704e-02,-4.063580604614523001e-02,1.277321271091172994e-01,7.046012830869772224e-03,8.698855464171453833e-02,-3.709226515521198420e-01,-9.661808251837046557e-02,3.966912502980949884e-01,-7.452174289386700456e-01,-2.349151398528405987e-01,-4.778253709634740914e-02,1.836183837736918290e-01,-4.957842374528945162e-02,-7.312467573810647881e-02,5.465995612765747053e-02,3.420230508200158837e-02,-8.047538883137514421e-02,5.076253851821717344e-02,2.846476013822577672e-02,2.925252103096370737e-02,1.633090369385960597e-02,2.624000157157082517e-03,-1.162811664034301860e-03,-7.893646292746994871e-04,3.458610881957183483e-03,-3.049304124864369572e-04,-3.572903156181412307e-04
2.672388627195486019e-03,3.539043086001337525e-03,-1.809408912687176726e-02,-4.801442586020471803e-01,3.358370224614088406e-01,8.059327843331468011e-02,-8.009761080570696468e-01,8.016017987149858448e-04,-2.127734799640183545e-03,-8.838879275284079740e-02,-1.878600677762123222e-02,4.683538829624369314e-03,-2.189809772216924980e-03,-5.271185965564146279e-03,-6.300497227629759181e-04,-6.413790512296994699e-03,3.509689345848536306e-04,6.616895716406370883e-04,-1.166871913110953266e-03,-3.958911662523523201e-04,-1.500731801579862105e-04,-2.571543564869949779e-04,6.695789051851839884e-05,-1.324252253493638778e-04,-3.858144730287601533e-04,-9.078834631703665975e-04,8.127535540113881322e-06,1.034742108466652605e-04,7.651349360082754681e-05,-1.683873484525603569e-04
3.498436499725472715e-02,-7.165353707790572679e-02,-4.720196750449043299e-02,-2.074358396934084525e-01,-3.829040983194565428e-01,8.720833636628030350e-01,4.285425517848934218e-02,-1.064269695084142653e-01,1.132850205883609296e-01,8.687622863081670421e-02,-5.390622373481319951e-03,7.717560850998105015e-02,2.473351698147855521e-02,2.624147357294330258e-03,-1.944031890019491324e-02,1.071197000441926131e-02,1.576861323129378004e-02,-8.635351211925830495e-03,-7.343803257956546190e-03,9.019620525327214783e-03,-8.449205195652802550e-03,-6.652251059310900459e-03,-3.738564961776971642e-03,-2.988468233808298444e-03,-1.211086326170607774e-03,-4.637710574139762581e-05,1.582325946051760896e-04,8.888850365736172745e-05,-4.565579408312879712e-05,3.353337796742714844e-04
5.057109314247708598e-01,-8.580048297427221859e-01,9.398590754280485363e-03,2.685737268633580158e-02,6.509249726124974322e-02,-5.447692991740561708e-02,3.695874469646072934e-03,5.838444230798356914e-03,-2.281732565454462625e-03,-1.880976303567714718e-03,-3.133534022334709054e-03,1.731264612278769289e-03,2.224848483339734691e-04,3.783388310828306286e-04,-3.984205331929789964e-04,-8.473683474763431993e-05,-1.254656858327687289e-04,4.420272341730683348e-05,6.907140720317221270e-05,1.812233805340865238e-04,5.557130473659262280e-05,1.287149255667257078e-04,-1.291335238881998250e-05,3.726539240111529528e-06,4.894022072256632523e-05,8.984784809032493233e-06,-2.948695144545955928e-06,-2.921613359340657315e-05,9.100030829317078349e-06,-1.323641860966208592e-05
3.899444743605456274e-06,-1.383517264964737405e-06,1.845407251518220177e-04,-1.766171970123109856e-04,-7.297860573183806822e-04,9.950374464106561019e-04,2.142450096295963127e-03,-2.788336087485015959e-03,8.141078850889953492e-03,2.813475381050671662e-03,-2.714904497601276431e-02,4.798202901646862056e-02,-5.241791508137910206e-03,-3.366183537988802488e-02,2.056614002373141625e-01,-1.545197289632637139e-01,2.793385772364771411e-02,2.975904930289376971e-01,-1.274048637261120109e-01,-5.863028143765273287e-02,-1.919932698958772693e-02,2.495501263987995599e-01,-3.850944003932731952e-01,-5.671445599424992379e-01,5.108058256835044109e-01,-1.272866170102255057e-01,1.038892685325334617e-02,-2.467223308221959399e-02,-9.161204354708973874e-02,-4.123863466456821614e-02
3.934695008471392441e-05,-7.068717350810581454e-05,5.175042220534566877e-04,-2.128515080427187140e-03,-3.518377001487031468e-03,2.581587407687993378e-03,9.846107719997886608e-04,-1.425213632492279038e-02,5.981140056414963047e-02,1.606455751298599063e-02,-1.073982579892953232e-01,8.748690040107980070e-02,-1.025226321381819544e-01,8.583591785519084638e-02,1.787326200203936122e-01,-4.583563744414181906e-02,-2.433687652764294218e-01,2.431700257258195830e-01,-4.876571268205304177e-02,1.177203745039453325e-01,6.258804276360775409e-01,5.151304954036486361e-01,2.541505201788733515e-01,2.168878299337975712e-01,-5.045684882727276277e-02,-5.383851759852426033e-02,4.835825335772095217e-05,-4.386030903767587641e-02,-3.792945681364029431e-02,-1.127017560422874654e-01
7.877785717883191039e-05,-1.864281520137807792e-04,7.722260325112098589e-04,-2.527226893597603070e-03,-3.140212782868630030e-03,1.912846823401679035e-03,2.704420387073768785e-03,-1.541684892235930388e-02,7.876253685240192093e-02,1.608460384437244983e-02,-1.840002772835490907e-01,-9.064632709332290372e-03,1.621602784328002866e-01,-1.100972477793580873e-01,1.935247571102596542e-01,-4.657408021031775314e-02,-5.354764184934658333e-01,5.153249464963036326e-03,3.461774687763755076e-01,-5.326354305864362537e-01,-1.449225192796289863e-01,-1.299813130159422070e-01,3.101675190034113294e-01,6.661585829369922815e-03,2.325584806398114934e-01,-4.978704494475515857e-02,5.730622275284109196e-03,-7.370890597975127481e-03,1.404224038906704518e-02,1.488718922122607207e-03
4.687424006209568923e-05,-9.652175569132090014e-05,3.012502622104615453e-04,-8.244179934650400828e-04,-1.456217505403733939e-03,1.134182892311770118e-03,2.034411765159563172e-03,-7.433670617890084445e-03,2.013369335620671455e-02,9.463942418416814578e-03,-5.622760614614625424e-02,5.750738839402497887e-02,2.124697735433606766e-02,-3.278858451742137914e-02,2.479486599443990469e-01,-2.278299391994186851e-01,-1.063090578749238541e-01,-5.361475589358623284e-02,2.264804232157828223e-01,-2.634870527609877167e-01,3.641315672249759161e-02,1.384445108108991740e-01,-6.117899770627092115e-01,3.221467541368775583e-02,-5.692941535869682212e-01,1.516530214775941299e-01,-9.551054245714899610e-03,2.045661613616160321e-03,7.644634864339311907e-03,-1.002218943481339962e-02
7.314303029278220127e-06,-4.482455714535415391e-06,3.993428286489980107e-04,-6.760861026232953914e-04,-1.189034126485067917e-03,4.115980236214328248e-05,1.480566965567428747e-03,-7.663504263141782472e-03,1.735969897767076012e-02,8.195885710128558363e-03,-4.919722060804996439e-02,6.194373338185152345e-02,-1.828236073587446442e-01,-2.679703421285209997e-01,1.915077093900348915e-01,2.863767428843316809e-02,-4.639567672341033538e-02,3.709443734078051169e-01,5.637262905865338958e-01,5.771591355050380567e-01,-1.768420169214179882e-01,-1.336655510577788863e-01,-7.706704603281298166e-03,3.341551713279134611e-02,1.479313360194556108e-02,9.341517847197607083e-02,-2.744211742603845910e-03,1.226329941668327997e-02,1.951385194596107209e-02,1.146435393558443115e-02
-2.787089176667012274e-06,1.051097698057359098e-05,1.068120807982490930e-04,-1.350363443331747927e-04,-2.482939136096223788e-04,-6.579235159718497010e-05,1.090172657182978186e-04,-2.971369127017561146e-03,8.356833826888905581e-03,2.889415684014338438e-03,-1.798171100874198028e-02,1.705651582106255254e-02,-1.041048026562447354e-02,1.236809148247742379e-02,3.390338955598987125e-02,-1.781506867533700147e-02,-3.482821558370328974e-02,7.287376033218416482e-02,-2.846293301223686359e-02,-1.098189409699633703e-02,2.582969130502633104e-01,-1.147838415157719227e-01,-3.453402925328620532e-02,-5.738857316645123996e-02,3.289810709940492461e-02,1.875493155792050046e-02,1.888646671770556271e-02,1.513165139606116039e-01,2.332432416504930106e-01,9.092016361205731423e-01
2.882082958312128006e-04,1.834103888032501280e-04,7.839458318800980943e-03,-3.012368454072013139e-03,-2.289641768723244594e-03,-6.155801756341804966e-03,-8.267320752745634799e-03,-5.199945029991671214e-02,-8.395714589394197291e-02,5.304832072774419427e-02,-1.104362552242802442e-01,5.713804320628508571e-02,2.076450894796523419e-03,-2.819371256947603589e-03,6.870320307922270775e-01,6.450751785688079165e-01,1.261874672888306237e-01,-2.069570062096404151e-01,-1.501956604445549293e-01,2.003884416475200728e-03,-2.760922074628322995e-02,-2.432434808990048894e-02,1.974765483858998728e-03,-1.611685953701197382e-02,-1.960248701401293148e-02,-2.894499284810279557e-03,4.784790250854075062e-03,1.435576404780887320e-02,9.264414084374528527e-03,7.367275894785728970e-04
-4.769937882348269291e-05,-4.020423243627916417e-04,1.332319950312218712e-02,-3.400695872865870661e-02,3.511814590514776568e-02,1.019091493020907874e-02,1.197104187413572801e-01,-6.410532317678671044e-01,-1.239583419893317690e-01,-7.384673973749161791e-01,-9.996547012097864449e-02,2.819631473665920943e-02,-5.899718319548884508e-04,-6.915217205593191321e-03,-1.291623371066917200e-02,-1.495136328429686259e-02,3.579295057865388829e-03,-3.599938494464877039e-03,-5.681885000181455779e-03,4.103970309447002932e-03,-1.729194301306622643e-04,-1.877613471895693076e-03,2.837081977755433453e-03,-7.268751881539912843e-04,-3.696328991926005336e-03,-4.641397407187954592e-03,5.144362941380698498e-06,-2.213679913223723448e-04,-2.001471350079568945e-05,-4.068579567046085987e-04
2.009795627077483673e-03,9.110681201918967309e-05,5.277075227717677869e-02,-3.795353100831022619e-02,-3.815251821865162096e-02,-1.385766011314683022e-01,-7.936455027544229990e-02,-7.189303333475779434e-01,-1.813380452421105848e-01,6.354491323086487453e-01,2.858958668660758345e-02,-8.206178083489443220e-02,-2.604106093765001101e-02,5.056229083825447210e-03,-5.746348826422129769e-02,-5.348064117273283735e-02,1.440811920552117348e-03,2.296706950276576967e-02,1.256624364401026650e-02,-1.184176518276332420e-02,1.051910115846500012e-03,1.281784402476538213e-03,3.622820710114282167e-03,-6.032928811825138482e-04,1.112931350702354039e-03,-2.048846232882959879e-03,-3.718852814424612090e-04,8.787779857934507411e-04,-2.027088191182089497e-03,-1.081486981079155625e-03
4.900518544446605396e-02,3.264133864215679887e-02,9.899404666168611922e-01,-1.016701627884895182e-01,-4.305648089723203287e-02,1.803220692886004298e-02,2.516573152983082179e-02,5.347537576081419497e-02,4.712025499156805193e-03,-2.247216862563465242e-02,1.303939150467534102e-03,7.965059296392341687e-04,5.520444534837334362e-04,-7.418517208176490275e-05,-2.493069012454428215e-03,-2.311357549650285784e-03,-3.130242122134116825e-04,3.186302520796822457e-04,5.240629912713945559e-04,3.734364999242749850e-04,2.445801225991268068e-04,1.057618952402065846e-04,-9.610248706840705975e-05,8.232210386581960675e-05,5.133846576777023401e-05,8.495449018475304480e-05,-3.159195797618870804e-05,-1.193078567833770351e-04,1.898243242769687998e-05,6.445990193403253340e-05
-6.443186135299608671e-07,-3.440491969491156198e-06,9.949289033675525146e-05,-1.898487070872065580e-05,8.697624521698194889e-05,-8.163212115492662023e-05,-1.884304298766766782e-05,-1.113859192359555397e-03,1.229092419920171974e-03,5.278690397694579470e-04,-3.811809012524548009e-03,3.391569864960654844e-03,-1.255771903841595353e-04,1.930112639451348746e-03,3.131329216664873599e-02,-9.539036993404406348e-03,-3.646002667936680541e-02,5.685310065817587161e-02,-8.058792667255004760e-02,4.126374809588933580e-04,-6.560359168139157093e-02,-6.559384864457541708e-02,-1.814775465277456562e-02,1.595685069932241962e-01,1.297113654684469526e-03,9.643149720135210656e-02,1.519609539099317785e-01,-3.729791620717213263e-01,-8.382192285149981936e-01,2.816449030539633358e-01
6.092581404905784638e-06,-3.566696503218806527e-05,3.411092028273625203e-04,-6.746593500531667710e-04,-7.520324993621833572e-04,2.518703090302649322e-04,-4.465188294264741948e-04,-6.423346237396112234e-03,1.984609398775119896e-02,4.162289438410528807e-03,-3.826841442275168842e-02,-3.903454677489974489e-02,-5.603188287034032572e-02,9.591749503876945138e-02,-3.515320148402693856e-02,6.639112667609306517e-02,-3.503521522933932819e-01,-3.302486401431718038e-02,-1.576604242032838554e-01,1.526234870310085312e-01,-3.972966084256579489e-02,-1.658234879658118111e-01,-4.728688189543562292e-01,5.241059425664124083e-01,2.705232099357550157e-01,-4.155019633359043341e-01,1.342460298535474994e-01,8.718922571367013208e-02,7.531255220716147336e-02,-4.580656778152523284e-02
9.725893567079541035e-06,-6.088646603610206300e-05,4.379291152431627650e-04,-7.312656109600220887e-04,-7.454920114020822377e-04,3.671785651830848630e-04,-5.497520640463553817e-04,-6.734110323796254315e-03,3.051630182742136668e-02,8.528271196956763861e-03,-7.853048155375483286e-02,-1.267149648604501966e-01,9.078161770608053627e-02,-1.619234856403087286e-02,-9.366381410482076120e-02,1.033015439289264314e-01,-6.368391134749177285e-01,-1.997337930744798318e-02,-3.770306967440490986e-01,3.306777531658172120e-01,-1.444255862395669165e-01,-2.195889317635063218e-02,2.580893237511184754e-02,-3.714164765068439511e-01,-2.761999942380686801e-01,1.893474609874102876e-01,-2.479886236365699478e-02,1.285278056836257343e-01,-4.431873302434698875e-02,-1.095600480139560622e-02
3.724949739826519311e-06,-1.784294744511925624e-05,1.018487391925419658e-04,-1.149772974358364116e-04,-2.431409441522085972e-04,1.476179905200823304e-04,-2.128039164598893840e-04,-2.921470469363226033e-03,2.487874530093666606e-03,3.711131810405159537e-03,-8.569463689543546647e-03,-1.640149491972544074e-02,8.788372935913238426e-03,7.293075596379599776e-03,3.306517079380979357e-02,-4.398678600157356067e-02,-9.122756559030423262e-02,-5.857306473186806028e-02,-7.868120565144701151e-02,8.751773525552034028e-02,-4.635718780135685696e-02,-9.507598365877643204e-03,-2.162274106541378985e-02,-2.443323745315872236e-02,9.936848830999663040e-03,3.693090722464487802e-02,1.589116458929887635e-02,-8.849073605568140710e-01,4.252522199466917674e-01,4.412962088463600469e-02
-1.129872365768755663e-06,-1.389922523055351918e-05,2.286822619777668356e-04,-1.963307708503959513e-04,-6.672662496641009616e-05,2.011578066560445311e-05,-2.449394841264031447e-04,-6.188004160204805572e-03,4.456731707102682197e-03,-8.028940853613232218e-04,-8.936615633216436066e-03,7.773919619143071676e-03,-5.467306174287013543e-02,-8.018017779641936627e-02,-4.378327191930202894e-02,3.561869667217758273e-02,-4.422119956943548064e-02,-5.610090020728424748e-02,-1.021766075673391644e-01,-5.212604518814037413e-02,-1.370296932318298315e-03,1.118265788482625811e-01,-1.482614193609022579e-01,2.798870318560665038e-01,3.932624542865124084e-01,8.266518429905811427e-01,-1.878468020582142392e-02,8.429560072027597606e-02,9.456736078142141677e-02,-4.125023914486479482e-02
1.184457385929450097e-08,-2.494961706269264193e-06,5.184131921050810408e-05,-4.475473393433515985e-05,-4.755392060221737288e-05,4.252916266381199113e-05,-1.247047967359583539e-04,-1.170877684305560856e-03,2.455208510246580187e-03,7.189806406505629046e-04,-5.195437658273334078e-03,-1.243052034970411682e-03,-2.458820833530495509e-03,1.518313200232570929e-02,7.264646816810835586e-03,9.628659743351022579e-03,-4.245251406316609410e-02,7.060965798255460640e-03,-2.153660003379686411e-02,1.180609427471563701e-02,6.167092078004273586e-02,-1.091446019754631208e-01,-7.611678352675167736e-02,6.993825631320649272e-02,5.551296354825502322e-02,-5.141863907550459079e-02,-9.722934328367073276e-01,-6.959637828343873123e-02,-1.183327269418772421e-01,2.826365235120693528e-02
7.281537063592619270e-03,-9.167042276703051993e-04,-1.548801071796529136e-02,-4.179373644635130114e-02,-6.734046155770292974e-02,6.746792338517593191e-02,1.415491388589307058e-02,2.047106802199952225e-01,-8.383348529307037555e-01,3.301302681260213923e-02,-4.354870427440662439e-01,1.817472792680862037e-01,4.560220180548483354e-02,3.245177385497579475e-02,-1.168230953844993925e-01,-4.878377422539321301e-02,-1.568508537935738370e-02,1.513646096453143478e-02,1.671365526523042877e-02,1.443860453825725372e-02,-7.490181440988392557e-04,4.569921180222396261e-03,-2.894486084033134551e-03,2.215249374178013958e-03,4.564657431314243612e-03,1.229636138308218924e-03,-2.709524890994676632e-04,-2.979865184102622414e-03,-8.229208612405267999e-04,-6.598515146715954707e-05
3.781581876765573343e-03,1.459704577156025092e-02,-6.840320484134493340e-02,-6.953536875260827310e-01,4.086169875065830404e-01,-2.332353769341909480e-02,5.754374910656004927e-01,4.000322771523284054e-02,1.177234684416963127e-02,1.030521792287189820e-01,2.249364031123015847e-02,-4.791061904560728509e-03,1.261461613325765355e-03,3.993026705603272206e-03,1.854314184996549032e-03,5.028813288758364475e-03,-4.097115762315588282e-04,-4.061072960145572738e-04,1.095440994447683530e-03,3.294494303404072399e-04,3.104455258567536628e-04,3.989525036266141516e-04,-2.778585122301995220e-04,-6.503689463685631501e-05,4.802355014103925615e-04,8.498788570094383335e-04,-1.748117077338687741e-05,-7.651251004126912272e-05,-2.831765642580427023e-05,1.528979762777576208e-04
4.993457047027069495e-02,-1.533016839242669176e-02,-7.925064944535362144e-02,-4.753953801523568279e-01,-7.469449470141464875e-01,-4.341209734860750347e-01,-6.068808100106243969e-02,5.765034147572891537e-02,3.992851509714226421e-02,-9.269597039775814840e-02,3.532602826660791867e-02,-1.557909189543449629e-03,4.990063175520980873e-03,-3.981585743597883947e-03,9.445490920879503691e-03,4.627894869361158167e-03,-2.075874244181849342e-03,-7.810484111273656655e-04,-1.177757620351137409e-03,2.279645255521916246e-04,7.307311941412642431e-04,2.225965391735617492e-06,-3.133316609163916823e-04,2.604644289674886651e-04,-3.756533988024342622e-05,1.665632804080110444e-04,2.849500655049638605e-05,2.636075804969149807e-05,2.070495915229274037e-04,9.057746702418391664e-05
8.590884631141616490e-01,5.070128521251877629e-01,-5.504564009253849755e-02,3.118541167625486429e-02,2.121250200178733530e-02,1.961045182750069046e-02,-1.839853121386909873e-03,-6.268495806306693952e-03,3.767077348615817823e-03,2.796187747582791570e-03,1.407898438228394637e-03,-9.376724094241903687e-04,-3.656140265556575208e-04,-1.001783412663745094e-04,3.674766816786130151e-04,1.526042872661470995e-04,1.170667789836856148e-04,-6.034075795669847816e-05,-6.311701591136617702e-05,-9.874373264327341410e-05,-3.919304631764352313e-05,-3.521871732270530440e-05,1.995217720157497861e-05,-1.822338568787496994e-05,-2.550988356790539406e-05,-1.515914667506566650e-05,2.565024697296985971e-06,1.652849513842579262e-05,-3.976161484465791657e-06,-4.895323048566941303e-06
6.998991506973142313e-06,5.868908308407345497e-05,-2.140791070805819448e-05,-5.210745576014421841e-04,-8.321174473935239770e-04,-7.285233727613125033e-04,4.473819864521957901e-03,4.792752341619134840e-03,1.302064134341913114e-02,8.076362068324120791e-03,-5.421520753102161000e-02,6.168476527314893654e-02,-6.984811215072183645e-03,-3.600890717823585635e-02,2.833873768027160844e-01,-3.008513725078832413e-01,1.327191958814447348e-01,5.409751766233426018e-01,-4.780226445945624514e-01,-1.306778523624008703e-01,-3.079481468948582212e-01,-1.687613608935445431e-01,1.729500487935130837e-01,2.426540869426704605e-01,-1.703283062852636587e-01,2.764485287692505788e-02,-2.349885942014798973e-02,7.163135226207779926e-02,1.296419447533105340e-01,-2.426435361717636102e-02
1.044406081893397474e-04,6.914709366362541978e-05,-9.016726261855766535e-04,-7.492344466123488506e-03,-1.079223641246946329e-02,-4.810268250866681083e-03,3.708250018765703575e-03,2.601034728253552846e-03,1.573849445642295508e-01,1.166097157189082203e-02,-3.663358911022334685e-01,-1.116452078801147274e-01,-6.703767150930811658e-01,5.614926053026340069e-01,-3.901312275526280099e-02,1.565928996413224264e-02,6.442677559369766604e-03,-9.388735613456574217e-03,7.363439353388599729e-02,-8.774637046086226910e-02,-1.854100435306286487e-01,4.804124658265952058e-03,3.367502060872405723e-02,-9.312583694585199745e-02,-1.858854691776527443e-02,5.318200996986079121e-02,-1.515993906943085244e-02,1.887899118039495670e-03,1.411177188710545892e-03,2.995681919946752148e-02
1.681763332103017685e-04,-9.404328917217358644e-05,-1.036509025849474382e-03,-8.296820093489021969e-03,-1.066501531309665789e-02,-5.022036904523968434e-03,8.072553751308440481e-03,2.946448198212734369e-03,2.229511725628044450e-01,2.753160069747722510e-02,-6.313802247695703418e-01,-5.768834013988979326e-01,3.037460556614529072e-01,-1.907575230887666451e-01,-8.999315580603374498e-02,4.592217899766102424e-02,2.356173406722464059e-01,6.766336517479094870e-02,-1.468552935797857529e-03,4.727481676797618687e-02,7.115511307952672448e-02,5.460423473970755365e-02,-6.769524035606651335e-02,5.691477579340542547e-02,-7.542482184790870632e-03,-2.093649420894808447e-02,1.308393220656512519e-03,-1.611886678169775419e-02,-8.859086959762267665e-04,1.946228679304105305e-03
7.569471494839715353e-05,-5.838165399773166399e-05,-3.516627357330098704e-04,-1.789300067789339208e-03,-3.430301132088407669e-03,-7.188502554651672941e-04,4.118617250648479167e-03,9.084602611629641247e-04,3.289522426784274867e-02,2.065221756308721276e-02,-1.161569718038934773e-01,-1.782002090957031382e-02,-1.443140989052461853e-02,-1.862935745592559852e-02,3.730433264114956793e-01,-6.169443279487197840e-01,3.986342383371162951e-02,-5.630511166073350893e-01,-6.364860626931317933e-02,2.999561826497884054e-01,5.857667221349731508e-03,-5.994440242463735385e-02,1.419091315037714351e-01,1.139322554744936957e-03,1.313758111127750761e-01,-1.503316569308950357e-02,5.823499967405781127e-04,8.916458206061927960e-02,-4.875541415138032186e-02,9.488853149891025157e-03
2.044605434424959708e-05,9.861413623584565846e-05,-4.694066961479674083e-04,-2.200252091123701230e-03,-3.357998486001377656e-03,-4.147464078848647241e-03,7.416820882804829422e-03,9.037051547701940163e-03,4.013526599294867797e-02,1.872395043795494624e-02,-1.265020927888732549e-01,1.001459116910627806e-01,-5.582580272129277210e-01,-7.266404583967462916e-01,-1.415571724070558979e-01,3.604542107541483520e-02,-1.685365877802199111e-02,-1.447651105410291961e-01,-1.947153031008293511e-01,-1.644936168959573175e-01,6.973539358561368917e-02,-6.309120468779735825e-04,4.041959735495399310e-03,-3.340596041313469849e-02,-5.056074531369462305e-02,-1.240494004124551575e-01,6.524717035006875627e-04,-2.207018015805239930e-02,-1.385911650417310723e-02,-2.672189197532164398e-03
2.234220399123620352e-06,3.756817208850377635e-05,-4.074880250830522114e-05,-6.197758252953403492e-04,-9.077646830445113913e-04,-8.795308962027021142e-04,8.142464408697795090e-04,6.398534758584643553e-05,1.945257225159785497e-02,3.347528941701110542e-03,-5.190829700805381364e-02,3.144118661111369641e-03,-5.061019983897262903e-02,7.325412658895764928e-02,4.999110416517885819e-02,-3.614793228066209840e-02,6.293337446300232424e-03,1.147977449807128097e-01,-3.018222841115185406e-02,-4.708365637036930618e-02,5.588459447844554839e-01,-7.154857590059021666e-01,-7.640419051817427809e-02,-1.773099435338775232e-01,9.247508712354459912e-03,1.466487915587932345e-01,1.044341812331291836e-01,-4.535493160859267736e-02,-4.034044723209360278e-02,-2.667146265200886490e-01
