4.971049280090194915e-03,1.044554377993651972e-02,-1.310515103878629600e-02,1.482673973016750135e-02,4.253245448192936873e-02,-1.194436025677548946e-01,5.172890487417191457e-02,-3.184823758956888823e-02,3.732350128991472893e-01,6.651459839479126335e-02,-5.016489192919291185e-01,7.058377697758703162e-01,-1.782398528280163541e-01,-1.102926770295482722e-01,-1.047930177086608267e-01,1.012778451463223900e-01,-1.014427669993283460e-02,-9.627953920465104343e-02,8.893650918998398380e-02,1.469463833336050532e-02,4.918498292084573509e-02,-2.028505088566888090e-02,1.334783781575045632e-02,-1.462607457027253512e-02,1.055020915416416717e-02,-9.664553357354520313e-03,1.779540590765174438e-03,1.593710603788210754e-03,-3.268030119063587875e-03,-2.578193056509539560e-03
2.516031832301018640e-03,-9.800041704791043889e-04,-4.737657441509199145e-03,5.063969994328934021e-01,-2.520692904543591073e-01,-3.959308437127955216e-01,-7.165592140526909626e-01,-5.274827181189983144e-02,-1.306992851798046903e-02,8.094908568950723304e-02,1.417772497622588751e-02,-3.109193291331005006e-03,-5.766800657966474151e-04,-2.342065163008233159e-03,5.065484368482954525e-03,4.251380418752453635e-03,-1.101424350640171131e-03,2.439929979748351428e-03,4.426955227740016620e-04,-4.377484735012413734e-04,-3.734977843479432352e-04,3.748280705805493362e-04,5.109880173898218763e-04,1.784820269817034822e-04,-7.049474067810777194e-04,-2.700429726261997549e-04,5.772287770058521936e-05,2.082102441559644218e-04,4.710194692874314224e-05,-3.817329923414403809e-04
3.447682695126719904e-02,7.040813908793905340e-02,-7.583304894197941126e-02,1.671514108845743030e-01,4.048088507441316430e-01,-7.764634543158928093e-01,3.966191805588960562e-01,6.373841692217432908e-02,-1.410055916281227895e-01,-6.427687133664614083e-02,1.890971098308500895e-02,-7.934247644995846838e-02,1.867385943209667540e-02,9.467757655204155076e-03,9.936414707361866314e-03,-1.426001911553951944e-02,7.990566699241597945e-04,1.806898252666022664e-02,-1.333764997266319828e-02,-2.684707504080222594e-03,-8.284568007726582362e-03,5.224345521786999055e-03,-1.576436569313274978e-03,2.329011270404422566e-03,-1.744286342158807204e-03,1.321656447980977664e-03,-1.634221205677627048e-04,-3.810890660784787176e-04,6.152676619406789900e-04,1.232878362686295814e-05
5.088253360630097255e-01,8.558082991146437335e-01,4.561797313967464601e-02,-1.476018614602788055e-02,-5.703185152169581301e-02,5.238926863473050005e-02,-1.864810486548510934e-02,-3.100862079404873538e-03,4.375637178004293526e-03,1.146352773906700231e-03,3.599605968179412589e-03,-1.301197473332468520e-03,1.756924577409556243e-04,4.559546830506425283e-04,1.837209813869690412e-04,-7.915172695315776034e-05,-9.713812336274563113e-06,-1.544472180605732539e-04,-9.794339354444518450e-06,5.897368134526664385e-05,7.463433891508744543e-05,-1.091688005617140299e-04,-1.729492443342965091e-05,-1.661259627803459731e-06,1.044490187344979743e-05,1.848492327304110637e-06,-4.963941025567754410e-06,7.834776544184774704e-06,-5.353664617589572158e-06,1.838602743013235694e-05
4.427638270200036874e-06,-2.084203126716897345e-05,3.434445369881294321e-05,2.332258664115219717e-04,7.313618037329268178e-04,2.470250091256908178e-04,2.051209457231599389e-03,3.541088104247445273e-03,-8.520675923452937506e-03,1.383713311508759283e-03,2.798097795332317797e-02,-3.378829333037659116e-02,-1.693788565033308227e-02,-1.867451162438218959e-02,-6.255483699348103610e-02,2.806825228367093583e-01,-3.104981662340162152e-01,3.266264735957103565e-02,1.031315530466127978e-01,6.746122695050428553e-02,1.076591314655963097e-02,-2.011059634676511387e-01,-4.723658822411985758e-01,6.941555720383533190e-01,1.109781448897955991e-01,-1.664484377341895749e-01,-1.081511474650115323e-02,-1.149391099844323805e-01,-3.785855603371657968e-02,4.081085288451840459e-02
4.407282791218049056e-05,-6.407070199448842790e-06,-5.053969299228296824e-05,1.966717101290081995e-03,3.822549283744828587e-03,-1.421958043550034315e-03,2.368358193860348876e-03,6.759036600842067456e-03,-6.127080102054492661e-02,-4.726555572982376295e-03,1.199680135926736307e-01,-5.836711965169262550e-02,-8.018108920781540083e-02,7.534993814399369716e-02,-9.006690394818413214e-02,1.377861612218228005e-01,-9.522443878578923382e-02,-2.208288429725130397e-01,2.230630809612340060e-01,3.705699989907991765e-01,6.816741105292529745e-01,-3.737079729640001569e-01,1.693245617607284370e-01,-2.032355248418200588e-01,4.465638639543381000e-03,-7.416555202114277767e-02,2.306848326355455912e-03,3.944048089544400018e-03,-1.153063914540762430e-01,3.297023322506326126e-02
8.616484249574746603e-05,8.133189121752306349e-05,1.371276229081792104e-04,2.567268179119905260e-03,3.810993435277432086e-03,-7.417056317121872812e-05,3.491164979293551792e-03,8.798738476411301426e-03,-6.723247241125941687e-02,-1.212061094404085198e-03,1.639658219953689933e-01,2.388910785793800506e-02,1.817474189782025129e-01,-1.506054465204761939e-01,-9.583801120806849372e-02,1.295515250948088559e-01,6.963488830865040280e-02,-5.438118387531574172e-01,4.708341540790269564e-01,-4.279029704419736180e-01,-1.659968212267368959e-01,3.017316142547034341e-02,3.102613040521621790e-01,1.294767515473567443e-01,5.404418755553255099e-02,-1.894712738728749901e-01,4.728402906915376604e-03,6.137315084390084288e-03,-1.621611776576702699e-03,2.211087780755302892e-02
4.743688784503264597e-05,5.453737956828703514e-05,-1.278502032250425080e-05,9.226112785917070427e-04,1.818011688231675445e-03,-3.141417787195594164e-04,2.099427067448385049e-03,6.915828980176573319e-03,-2.018826325623804263e-02,2.787963255123133196e-03,5.527138117450799970e-02,-3.660832018564712242e-02,1.617795065095155652e-02,-4.334408901126261121e-02,-8.685787222863181056e-02,3.185407610565940684e-01,5.490117779229077011e-02,-1.644925998429568603e-01,1.340125182234307988e-01,-2.771889479642806187e-01,6.566082931697832248e-02,1.692719042816564351e-02,-6.317543346002038041e-01,-3.993031976798042115e-01,-1.949071939443981216e-01,3.962857363760330376e-01,-3.839246878760784777e-03,2.274329477518722067e-02,-1.942150841806792455e-02,-4.500671328092743437e-03
1.073307888638160915e-05,-2.089605445904300958e-05,8.761982806965671071e-05,7.457895414315389914e-04,1.331231451698569167e-03,-2.420585964362441085e-04,3.652816452838596184e-04,5.346639764096707166e-03,-1.617684059868330915e-02,3.310911390124916462e-03,4.992493947264498022e-02,-8.524464097766877579e-02,-2.351613846019903753e-01,-2.573659240707497076e-01,-1.121144980560676990e-01,9.629599464897732608e-02,-1.585888357274967131e-01,-6.033076870253539781e-01,-6.430361964702571154e-01,1.414384803956791059e-01,-8.620750810179256263e-02,7.769420903479723473e-02,2.119910088466674114e-02,1.338749548785713589e-02,8.033889562791483863e-02,4.853012319092048915e-02,-8.663147972266562998e-04,1.972738581997973695e-02,1.109915518031920519e-02,-2.249572016152039111e-02
-1.699783692229076186e-06,-1.914365109082764141e-05,2.324486013380813477e-05,1.638080830946964485e-04,3.434957260391728238e-04,2.268819116291490262e-04,2.144547519863094207e-04,1.668556993683612032e-03,-8.850640604820183416e-03,-1.438699923197799989e-03,1.785017436700629678e-02,-1.109774759677761326e-02,-5.700820453779876194e-03,1.411077705970108058e-02,-1.564325250792047983e-02,3.310634078599382357e-02,-2.826369478290060439e-02,-3.549554705390901843e-02,1.013354601232362706e-01,8.973257971300344082e-02,1.774321815363355259e-01,1.800511994610356492e-01,-2.215435382849962123e-02,5.738061634955328449e-02,6.562114572607979923e-02,4.252998154379243612e-02,1.619045824738339287e-02,7.994458607940152506e-02,9.327944970022178373e-01,-1.642105496278510601e-01
3.366569895823846880e-04,-3.990065494022261138e-04,5.660591522641774016e-03,3.312516743479841652e-03,5.650470123276507377e-03,-5.687917187363574975e-03,-1.539360500942224368e-02,9.707576034818553301e-02,8.783252167545227418e-02,-4.567103050696119659e-02,1.085880330083746070e-01,-4.093703056662599538e-02,1.074124195106085193e-02,1.627073289777529463e-02,-9.488824051331590237e-01,-1.768910042564732776e-01,4.313613239216076284e-02,1.687498161485064541e-01,-3.864057824686255305e-02,-4.832834738330238356e-02,-3.038637307455223889e-03,2.755569876876609765e-03,1.581923743678504551e-02,1.653672953244522334e-02,-1.213401367148602902e-02,-2.541261495480063291e-04,4.726506784596838130e-03,-2.124250692384400518e-03,4.469899187020195605e-03,-3.897848696175129461e-03
-5.611918623966902751e-05,2.621173299767948282e-04,7.318320604096064524e-03,3.949216189826039447e-02,-1.946882637299987909e-02,1.729465100214390427e-02,7.778197869530950603e-02,5.624600829519137424e-01,4.288308318674056985e-03,8.169628792912518866e-01,7.858514425621050681e-02,5.454387896939560595e-03,-1.173618588606444718e-02,6.742560726009129424e-04,3.062328158403525985e-02,-3.579220154382887695e-03,-4.596417920590962179e-03,2.033893813721929580e-02,-6.393009112436467967e-03,-3.338085528987554465e-03,4.702151182124519359e-04,3.183255127384715909e-03,5.222661007628580029e-03,-1.603447256579878090e-04,-4.526223351372838169e-03,-1.511023333486038057e-03,6.658178440532490317e-04,1.236315549020727518e-03,2.756378881116058671e-04,-2.651743281311682958e-03
2.390890206733374459e-03,-1.942658694654982076e-03,4.102605371269646417e-02,3.572673859446291039e-02,6.071628384793749389e-02,5.525811333865681546e-02,-1.487592930902776334e-01,8.076100067895685131e-01,4.484507575745933644e-02,-5.453053543499848388e-01,-2.800549649786128817e-02,6.403557968316415938e-02,-1.976990561617715872e-02,-7.450997291226960952e-03,1.023117272879151135e-01,2.047198789195107255e-02,-8.888825683761427190e-03,-1.503594110482888921e-02,3.852715503981301616e-03,1.377580111914195786e-03,2.001987173206443756e-03,6.465249578216977072e-04,-1.085300601984918274e-03,-2.746281106276644759e-03,4.215079824925630023e-04,-1.794838877757442457e-03,-5.440515486263087022e-04,-4.927009097008395657e-06,-1.366509003580531180e-03,-4.732998395062077649e-04
5.969508656568219690e-02,-7.744472896956995644e-02,9.822534817159429554e-01,9.385441168342074925e-02,1.155324330942965050e-01,-1.056340879292044788e-02,3.057406597243184782e-02,-4.521475274971084590e-02,6.939402352251030325e-03,1.781525292022586096e-02,-3.308731717563788455e-06,-1.166041857521240687e-03,2.484422966404426013e-04,1.814296662313334078e-04,1.589033838074640614e-03,3.014768062881930158e-04,8.143438160118776224e-05,-2.892913872379419132e-04,1.167687601563827360e-04,2.306171163032113289e-04,4.810179926620293772e-05,1.500961380260193902e-05,-2.812601790974611596e-05,-3.039979859643559122e-05,6.342486752195913022e-05,8.088586605290682091e-05,2.556205143672752532e-07,1.494242274232951486e-06,2.561612036587443650e-05,1.411870539329888786e-05
-7.552499996863828648e-07,-7.445583519974171274e-07,4.036547719262128457e-05,3.348971462781999772e-05,-1.748644559424258345e-05,-1.097379521285503557e-05,-1.002586311843923648e-04,1.776921671508307826e-03,-1.177795931392685127e-03,1.557716943835872310e-03,4.273978660595824028e-03,-2.145970951689585293e-03,2.115885467130461991e-03,-1.246219415217012048e-03,-1.200930789576494864e-02,3.274685520593214466e-02,-2.414947611038644956e-02,-8.527612473551628852e-03,2.317577145193440089e-02,5.751486898887588767e-02,-7.369524962818695124e-02,2.118429649062464337e-02,7.287595174328423409e-02,-1.273847101736139686e-01,4.123572315509512615e-02,8.310163834780073810e-02,-1.007624510661693229e-01,-9.388468480939849981e-01,1.242894720042111989e-01,2.262485158138743679e-01
6.580649721611197364e-06,1.235465787260305371e-05,1.496352900604945167e-04,6.023848740139512445e-04,7.754194336806799741e-04,-9.422675115874554457e-04,-7.554796032536111082e-04,5.794457009664095298e-03,-1.776809163763190189e-02,3.215003300966710886e-03,3.819025725144131744e-02,2.376652705233460103e-02,-1.067559574177172517e-02,6.475436634051758011e-02,-2.795522135463903574e-02,-1.097315263399043228e-01,2.710506710365899741e-01,-1.481227014114250007e-01,1.359247741523952335e-01,3.618047489202685374e-01,-2.721353282905593640e-01,5.619857980236718509e-02,-3.927504790183764527e-01,-3.078183037063390581e-01,2.822266925317002406e-01,-5.597591075266662441e-01,1.263857242004512160e-01,-4.845450748250008238e-03,5.363763306183241646e-03,-2.166208056183853425e-02
1.160846603291858471e-05,3.340996493924100317e-05,2.007550740826956781e-04,7.305346692949771020e-04,8.758598432925683618e-04,-8.137402463271162277e-04,-4.625476401695919801e-04,6.967267703517445766e-03,-2.140310260575668463e-02,5.968759750197505593e-04,5.383164980188117482e-02,5.941441602298631192e-02,1.044889931464792338e-01,-4.263938582645982606e-02,-1.572318310109159165e-02,-1.481865478158029548e-01,3.252941243621199074e-01,-2.076522019404191122e-01,2.025750482516166240e-01,5.237542654977112022e-01,-2.498426481029886181e-01,-8.560555555313788256e-02,1.680822051550782958e-03,2.783575246659987235e-01,-3.838122966398673785e-01,4.072962228746696001e-01,2.442434369409866510e-02,-2.462762776356820088e-02,-3.846279847260572482e-02,-1.752412692812049533e-01
3.712322044740653591e-06,1.369422117146557667e-05,6.969481704125255308e-05,1.693267051736891337e-04,2.677573903414697909e-04,-2.478577027024300261e-04,-1.522750921864893193e-04,3.340436859483493504e-03,-3.060667210674980921e-03,1.429207939928620443e-03,8.099328482860735159e-03,9.358754956833352512e-03,7.051926598203153707e-03,-9.692767935256181068e-05,-1.327131438755611674e-02,4.992717970084908224e-02,1.205292617955302237e-01,-1.229698934817276268e-02,-6.038313788289219504e-03,1.184151739158056799e-01,-7.333155036901811696e-02,-1.336954593573104130e-02,3.202145470114326365e-03,4.023056447851373202e-02,-8.739692707123870863e-02,3.678318925857055471e-02,-9.324469413896940839e-02,2.584344438315505088e-01,1.511639581417536793e-01,9.240447045917870028e-01
-5.552569011873590741e-07,9.385034767029029035e-06,9.281027263554909304e-05,1.642114098545609518e-04,1.898838069502138822e-04,-3.097651983756257539e-04,-6.038572076298641097e-04,4.882792006358100192e-03,-3.982371837772261461e-03,2.037461856314556549e-03,6.822266043621925090e-03,-2.536865819416879095e-02,-4.761085567019280457e-02,-6.925646851527099412e-02,1.042583773514265798e-03,-5.842709800261560588e-02,7.388046914125617759e-02,3.029900549713956254e-02,1.425889751109171433e-01,4.992963411800124124e-02,-7.705565149151974436e-02,-1.223659857259917216e-01,3.325598660512194688e-02,1.299870875345936205e-02,8.183366902844145807e-01,5.062425906972400913e-01,1.192653290519074538e-02,8.414847981753555139e-02,-5.990680999562196518e-02,2.514024554674139031e-02
2.106329661110593469e-07,1.862220067056732665e-07,2.541964716733984423e-05,5.989823184245494426e-05,7.832323563784601608e-05,-1.717752867311312574e-04,-6.990850592403844409e-05,1.115784685325006253e-03,-2.030031956776228840e-03,8.681287531700885999e-04,5.707812877309753966e-03,1.256281554555934311e-03,3.473646441512807156e-03,9.438314823698362721e-03,-1.100451525301841295e-02,-1.096649861023371413e-02,3.781955929575614439e-02,-2.367759577418843131e-02,4.206805770114704218e-02,6.741652083792042116e-02,7.692807682392064153e-03,1.090740625295269772e-01,-4.666972285427524458e-02,-1.316519604709332804e-02,5.047874225709473445e-02,-6.146499059150263566e-02,-9.748959458796436772e-01,7.221747448347143328e-02,-4.383725424299226431e-02,-1.145363361806520097e-01
7.112370800040225712e-03,7.531497192649800904e-04,-2.239449883422934759e-02,3.215341123625135855e-02,7.605738922773477850e-02,-6.871290972271613950e-02,2.924183303901331868e-02,-4.570591314384283427e-02,8.730816290464196161e-01,-1.787869471465229620e-02,4.243850301685671011e-01,-1.486897015887086171e-01,2.666608609114586720e-02,4.559775699920546460e-02,1.303374565605631141e-01,-1.432676769088096725e-03,-4.450096840195092546e-05,-1.832411788062873401e-02,-2.500260597414409418e-03,3.437595638518573839e-03,-2.503547871696681047e-03,-3.859760021253247266e-03,-7.313035847147672606e-04,1.133080473853228045e-04,9.428777354025085888e-04,1.125849665662984533e-03,-5.348608867595546325e-04,3.239124607396793036e-04,6.874066199037818419e-04,1.417147157222253340e-03
3.310332886925667489e-03,-1.288783642904057884e-02,-4.591331361316855486e-02,7.551114880940826835e-01,-3.263688170740575156e-01,2.550357866316689814e-01,4.962463893076360932e-01,2.087656903609575419e-03,1.046125403811674730e-02,-9.597759920360238173e-02,-1.800048412099454140e-02,4.678761712615298507e-04,1.218339444912445134e-03,1.794377113475273660e-03,-5.404895841957294521e-03,-2.595656546085738699e-03,9.904533070158516236e-04,-2.763728904559939990e-03,-2.970091964485522650e-05,5.581384328079945370e-04,5.064394215233754704e-04,-5.458837028906327873e-04,-7.527462676376270052e-04,-2.978624744624841348e-05,7.013600348232690990e-04,2.718833695698439647e-04,-8.001288274215224863e-05,-2.126892173066668112e-04,-1.275028155108946300e-05,3.996422722367084569e-04
4.941179152006447417e-02,8.074341365090973582e-03,-1.247015052642814342e-01,3.622993970475424930e-01,7.976540231592486041e-01,3.865868875210378142e-01,-2.226230431177776137e-01,-8.309918852401837475e-02,-3.100044450283324926e-02,7.714453988800186457e-02,-3.771413603770785300e-02,8.156115304104435883e-04,3.801456875923250097e-03,-1.702368628072877671e-03,-1.260021073426659428e-02,-1.389431585796650553e-03,-2.084492047748175820e-04,2.308276389199466982e-04,4.521641222900185685e-04,5.745718677122741693e-04,1.944351923390434732e-04,-9.918400604112909504e-05,-1.033219143672290768e-04,1.514978962245560517e-04,1.063348965526000390e-04,3.928366306336875412e-05,4.085646498362890142e-05,-9.387005189412369683e-06,5.739600406374109441e-05,1.739559191938291899e-05
8.566239648401327011e-01,-5.062520136529474746e-01,-8.496364434118601483e-02,-3.025850240400352817e-02,-3.553173202135130604e-02,-2.014421455813087194e-02,5.891691336099453939e-03,5.687320592149040788e-03,-5.124337359735374811e-03,-2.284648523112200059e-03,-1.473288595454176966e-03,8.275896788055192750e-04,-2.287211380903034143e-04,-2.478410750660589470e-04,-2.625511258261870083e-04,4.602302391397173768e-05,1.467099077585739037e-05,1.015019932258302788e-04,-8.312925954253281042e-06,-4.602815729636014160e-05,-1.479608871779102304e-05,2.649770825845628870e-05,6.933566124969781921e-06,-1.216589971411328375e-06,-1.225773579330340477e-05,-8.386424031304551022e-06,1.110467687770178462e-06,-8.574712253751113578e-07,-5.131538705524185517e-06,-7.242719191017101565e-06
5.978893325741894006e-06,-8.389647033316508537e-05,-1.628340777847855231e-04,6.892209693627930969e-04,8.737663874670156079e-04,2.761143413990525645e-03,3.626201095449871001e-03,-2.589565621271174099e-03,-1.376446552138853134e-02,-5.862557474246517936e-03,5.742657027248645324e-02,-2.306341784160945499e-02,-9.162742971677229759e-03,-2.420599889156326706e-02,-8.931350244233460245e-02,4.441590212674044191e-01,-5.261350905866547523e-01,1.896449614880927892e-01,1.953958736558471798e-01,3.059394221604470609e-01,-4.371839950862248525e-01,8.917944299004659792e-02,2.283604756619022069e-01,-2.645121292371040433e-01,-5.467116436905902072e-02,4.083650694178941193e-02,1.074459986623937935e-02,1.278995971431910739e-01,-9.045231065256583922e-03,-5.497019089075624865e-02
1.054516017306215785e-04,-2.689294698020901881e-04,-1.357188820445224403e-03,6.651642476036250494e-03,9.946183622350930273e-03,8.099929366356268742e-03,4.077375343544942764e-03,-3.300005452872706996e-02,-1.593247036189687216e-01,-2.669251499367519820e-02,4.015477334456752367e-01,3.238187169428931034e-01,-5.836427954168333931e-01,5.593873836857998771e-01,2.355963631268861991e-02,-5.479405375501185393e-02,-2.285854547609384238e-02,-6.286042860154425482e-02,2.192558828578060684e-02,-1.270135339204856995e-01,-1.350545219619587733e-01,-3.914894050210036835e-02,1.590217640648741021e-02,4.868687164098614573e-02,-3.396286852620447605e-02,6.397639085936614178e-02,-1.327019875767591894e-02,2.239671993966095998e-03,2.091907613796369081e-02,-5.396438060923014826e-03
1.797904051040813682e-04,-1.197002037805346516e-04,-1.393089793835632344e-03,7.709590032546309070e-03,1.050447123423535120e-02,8.984066736074224763e-03,8.334871398265655471e-03,-3.668791149524666673e-02,-1.719081485820680988e-01,-3.303306586148581359e-02,5.484833634086695442e-01,5.672341710670237847e-01,3.558751523872108469e-01,-3.579368656571139673e-01,5.734179612831506040e-02,-1.036457200329751610e-01,-1.163995084537124136e-01,1.390161348020374499e-01,-1.470105670496645311e-01,4.411547445245484617e-02,9.347110221578118494e-02,-1.293998222964052626e-02,-7.565854216170055102e-02,-5.707799549727244487e-02,3.991235373656262103e-02,-8.396536545006938468e-03,-4.566461610760847237e-03,-4.843739022883318513e-04,7.243350761924460118e-03,1.572695349249048774e-02
7.379596535742867318e-05,-5.430376770111833695e-06,-5.292047028413613069e-04,2.062427559269378562e-03,3.510713340409021225e-03,3.842527451550454241e-03,3.854339220626995435e-03,-4.997465827784401335e-03,-3.581578794685093270e-02,-9.305097188891780710e-03,1.170867641453423313e-01,4.781233261460751671e-02,-3.204097385669620740e-02,-1.754218265316057068e-02,-4.097128530959827375e-02,6.811743149641719119e-01,5.986260257360639381e-01,2.235740123536789359e-01,-2.129844716762937518e-01,1.855459600480346277e-02,3.381917136095873022e-02,4.665037230060832714e-03,1.726433655399737810e-01,9.364621739346709606e-02,6.851100785476064992e-02,-7.798574549870074257e-02,1.274963527502433885e-02,-2.865859878647850773e-02,-4.430811498777935398e-03,-9.993704815342288605e-02
2.335901066678607266e-05,-1.465210202585527990e-04,-6.843591992129015441e-04,1.937435607117922931e-03,2.965611137402871141e-03,6.382378495230986611e-03,2.823358973349297200e-03,-1.506499337199776641e-02,-2.845873557649935756e-02,-1.451672352566516291e-02,1.123776821402744791e-01,-1.378815322873118976e-01,-6.229696145379259864e-01,-6.568482608416518209e-01,5.401127205375579748e-02,-1.184565826285141760e-01,8.583016274010810132e-02,2.141306474382466407e-01,2.406782385451508854e-01,-3.143154653710344276e-02,1.646701702288156863e-02,1.009284040708246545e-02,-1.087563497011174475e-02,-3.086862266414979166e-03,-1.112522587272309210e-01,-7.250372040579573796e-02,-2.457456744605036273e-03,-1.510036402854821221e-02,3.345122071824514504e-03,6.928166284544103048e-03
3.465274432576220516e-06,-6.296773452889655061e-05,-1.418958635475226155e-04,6.597490623464640934e-04,8.797857513664262240e-04,1.397030582911532905e-03,4.907476892663416301e-04,-2.559422476625672956e-03,-1.856613392925590342e-02,-3.303905344464451097e-03,5.494038835505109242e-02,2.109578262161054124e-02,-3.625630982582289663e-02,6.352979130835900712e-02,-2.182623637206879477e-02,3.532631404075751991e-02,-2.740114851100041923e-02,-3.513897002507582884e-02,1.442470054753142716e-01,1.579615807698989960e-01,2.985142725563116883e-01,8.555777627676143249e-01,-2.263952872854389786e-02,1.478752641496851872e-01,6.616675707639167736e-02,6.984265424635012487e-02,1.144040262506835076e-01,-2.946703953763411127e-02,-2.621245903065109739e-01,7.697899164178176323e-02
