-4.914132054920840320e-03,8.955359133930317767e-03,1.356156636045250698e-02,-3.210642782841120757e-02,-3.208703954401564973e-02,1.408740722113547839e-01,-2.321695942610825514e-02,4.245125523474055362e-02,-3.374891933665362109e-01,1.552332074454134681e-01,-4.228406629458432708e-01,-7.444969371223899568e-01,-1.976745346092381728e-01,-5.287337719533422714e-02,-1.588882155584672162e-01,-1.303489744333317657e-01,6.791652275238480030e-02,-8.032738559729830918e-02,6.713355138885551340e-03,8.189154595041653328e-02,4.116278307550986365e-02,2.512360896026920136e-03,2.100570775874099211e-02,1.408665354646126792e-02,5.670917589504861737e-03,8.261181525843023024e-03,-7.785763242911745421e-04,2.746413339564902304e-03,3.020339071899680577e-03,-4.106606502334846955e-03
-2.121533725018361852e-03,-2.710204046536621690e-03,1.296148218311458586e-02,-3.527736578839147930e-01,4.578638538495510835e-01,1.640613139136888887e-01,7.928923340977460654e-01,6.674294237025728271e-02,1.718588457000815722e-02,6.677091778345117801e-02,2.880922344382863889e-02,-2.594139775167594256e-03,-7.397634465645751278e-03,4.317376357816167152e-04,3.068859292593338183e-03,-4.284119199375497310e-03,-2.001451083671811244e-03,5.238142901923732199e-04,-1.571602053062456190e-03,7.956802050187618399e-04,-6.553133892527170058e-04,-5.986578551346969377e-04,-8.721389573397600415e-04,2.780476355906552101e-04,3.799403764837706431e-04,5.200757752569174159e-04,1.852463846243752516e-05,-2.366563530347886573e-05,2.079859920215676428e-04,-2.024812006189575511e-04
-3.378919323822474757e-02,6.044565261004696682e-02,8.497035264587968206e-02,-3.094179174824724932e-01,-2.804858600626125575e-01,8.653471166644931545e-01,-1.438897769150406236e-01,-8.506136792774665611e-02,1.367779857841903146e-01,-9.054015271299023504e-02,4.463599778092815391e-03,8.957172091334204833e-02,2.203036395059937078e-02,2.367173106085434034e-03,2.141286497654603868e-02,1.959569554988369391e-02,-1.357802427292442368e-02,1.202389583448182364e-02,-1.992470105076958077e-03,-1.065357222893098706e-02,-7.723752196218600791e-03,-2.001515656202983162e-03,-3.266729238591006227e-03,-1.351320872911429159e-03,-7.438595216764610704e-04,-1.334030506326224375e-03,9.150150410705028270e-05,-1.666119641416667261e-04,-1.358079722501412348e-05,6.481323102461067397e-04
-5.099248765111766835e-01,8.548421012731264312e-01,5.151716389258401835e-02,4.155714030631828954e-02,4.312251378610664626e-02,-5.396903793682125000e-02,4.991796079534962551e-03,3.297793486811910479e-03,-4.040556027362036950e-03,2.120533296944697530e-03,3.212178197101096290e-03,1.136408029311096078e-03,1.947172774987965510e-04,2.283566991742478291e-04,-5.685633666080367181e-05,6.836270202309969372e-05,1.181288375563712003e-04,1.372497223539022391e-05,2.652320804156131377e-05,-1.527077212778576716e-04,1.080438651291047703e-04,6.939195620796075297e-05,-1.028618900966767978e-05,-1.851875159757207685e-05,-1.449656896238096588e-05,1.395362822180333398e-05,-4.324112336752994175e-07,-1.324373349569636103e-05,-2.191412803009336018e-05,8.794050460041274727e-07
-3.446055567499324859e-06,-1.152516206396299718e-05,-4.632807404386794819e-05,-3.367575031748231253e-04,-6.138821675890081568e-04,2.356919229351850679e-04,-1.794369018556954019e-03,-3.438839062778373170e-03,7.366218572462483564e-03,-6.791537207011215729e-03,2.772022455396115637e-02,5.112831746524151150e-02,-3.710329195950134301e-02,-3.164820684458197891e-02,-9.418204199853009995e-02,-2.370413359292464772e-01,-1.121254538337298906e-01,-2.559933681258425020e-01,-2.603394686446939832e-01,3.463368853735100672e-02,4.473189646648779300e-02,1.007711300167827284e-01,-3.526953751085563082e-01,-6.226305386127387598e-01,-4.820991655508529150e-01,1.252191230444585357e-01,4.204842276418175109e-03,8.897884583622960031e-02,-3.301125798438563075e-02,-2.531530589256541369e-02
-3.510777243420699125e-05,-5.391403983591026879e-06,4.125947011901798673e-05,-2.929565167420668768e-03,-2.385722669508890011e-03,-9.411685727951314337e-05,-9.301256622697896435e-04,-1.401944706016512200e-02,5.343716242052449356e-02,-3.654337608454490821e-02,1.127901840007384665e-01,9.277050999058085445e-02,-7.773239693500610947e-02,2.672691899687375597e-02,-1.147736285091394831e-01,-2.017454804062066565e-01,2.153217274515926982e-01,-2.837601822243006056e-01,-9.298471463700318240e-02,1.121277510252834397e-01,7.797126366381210705e-01,2.312509505460974280e-01,-4.278160520479275253e-02,2.702370742215450816e-01,1.188717866571165765e-01,-9.135487075655432734e-03,-4.722182927244892962e-03,3.191609832720287282e-02,-7.542806332409957015e-02,-9.113165821550441026e-02
-7.485064336691652138e-05,8.786258871504809911e-05,-6.732665451546644133e-05,-3.453412513933130749e-03,-1.950639750889540756e-03,-8.307775310263090709e-04,-9.839499874694874939e-04,-2.057442429197020584e-02,6.850150338991881083e-02,-3.681574220241805306e-02,1.865588405319472121e-01,-2.981861016590708555e-02,2.487074718211157998e-01,-1.761489205006351033e-01,-1.333201889523203121e-01,-1.826236217840279397e-01,4.154382932211608814e-01,-1.517440612374595932e-01,2.373242351156235330e-01,5.868333872551412256e-01,-3.008494448159762524e-01,-2.201928777695102285e-02,7.715082063036736437e-02,1.758223387886655165e-01,-2.667771469692991060e-01,1.335515628869330951e-01,8.376890874374217462e-04,-1.040357955445209148e-02,-2.106912464548492750e-02,8.787914495758971170e-03
-4.416098900489007310e-05,4.503686633870138009e-05,5.304899453941679485e-05,-1.248534563167305687e-03,-1.082348404761379265e-03,2.229184647745431343e-04,-1.103710259948120472e-03,-8.170515851808611216e-03,1.847382952260961941e-02,-1.296453280677126521e-02,5.773396711705976875e-02,5.272954463481416970e-02,2.112963809527548462e-02,-6.404407460412246678e-02,-1.040820110932925424e-01,-2.686031189729138902e-01,7.938657420586525681e-03,-1.185656999161017675e-02,1.740767966862927230e-01,2.560309261464795427e-01,7.451681822967161362e-03,-6.025626442627493584e-02,1.562582741927071306e-01,-5.696801360157512928e-01,6.459182274461331419e-01,-1.852776469789454983e-01,6.828952944618154643e-03,-3.335371973949932678e-02,6.002858246167154521e-02,-2.793095687502521532e-02
-6.774249386473914594e-06,-3.647355299124284552e-05,-4.634354336449368508e-05,-1.110240015028225160e-03,-8.152202570787393365e-04,3.831047745858277126e-04,-9.451168470630504212e-04,-6.367464506180554699e-03,1.337705071410895570e-02,-6.665980236382202176e-03,5.472827034027878679e-02,5.690652713969879956e-02,-1.549971520459046403e-01,-2.915563860613340497e-01,-3.954651407099496474e-02,-1.576723116891265708e-01,1.046888104132980418e-01,-5.076114799004649569e-01,4.642993390709680424e-01,-5.798035364472612363e-01,-1.546112847966428228e-01,3.869142571293039679e-02,7.384148752941231686e-02,1.984129765212166996e-02,-2.822142637136394044e-02,-7.278418259035074334e-02,-5.434717893982843849e-03,-1.491100803806725064e-02,-5.116788420162268411e-03,-7.122538459719152809e-03
3.201755683740470123e-06,-1.630128912706754849e-05,-3.945827239981116363e-05,-1.919713797320373003e-04,-2.044086604005502161e-04,-3.167489341085855093e-04,-1.947537177954961204e-04,-3.093180044086311919e-03,7.524225318310827186e-03,-4.828377700880075347e-03,1.948755375132663059e-02,1.529228848009225178e-02,-7.775087748278873730e-03,-1.569427180031225796e-03,-2.341568090969104593e-02,-4.400595867303671443e-02,4.838972890656300513e-02,-8.976507262157083777e-02,-6.357438712379520629e-02,2.258158374344271420e-03,1.305048717434323657e-01,-2.033069617145027430e-01,-3.517437051547295940e-02,2.033658308371705248e-02,-4.359779995520698948e-02,-5.942759370361341831e-02,5.725668187205990890e-03,-1.093354544074056633e-01,5.332786553613887426e-01,7.877062818063750305e-01
-3.424803803926824552e-04,1.037961656612141644e-04,-5.492029997952719428e-03,-4.380449457721863685e-03,-3.916327843129080270e-03,-6.269479344486850289e-05,1.794572797092373884e-02,-1.030296565145717158e-01,-8.924325424992349265e-02,-4.729558217031673562e-02,7.709120472606072194e-02,7.202063422127379100e-02,8.546596843518887432e-02,-2.067288928425855266e-01,-8.677948219189488555e-01,3.142745177948913504e-01,-2.209874223886568456e-01,9.682173723046338942e-02,4.125208140631145270e-02,-3.759442609105168726e-02,5.696413094073478345e-02,-1.142971080773885761e-02,4.532621204425327927e-03,2.207389779425285303e-02,-1.717007236497921502e-02,6.618331908634934521e-03,-1.242236082893439196e-02,7.040594437496446034e-03,-1.541448115926015699e-03,5.998351377562727467e-03
1.105808447846797117e-04,1.386552148385745628e-05,-4.541280114323473401e-03,-1.320843517832823513e-02,3.547653072400073354e-02,1.392601017371038457e-03,-4.455881056556646597e-02,-6.300373224615126722e-01,9.113661016009112770e-02,7.551851244273454222e-01,1.370944368514735168e-01,3.506543610898784236e-03,-2.927025280312977457e-02,1.802575481493511392e-02,2.749475747606730178e-02,-7.984368833843517171e-03,-5.356192736004594147e-03,7.499229291013920044e-03,-6.125239673940434913e-03,-2.775183929414326827e-04,-2.333400144542170131e-03,-4.824492863908018360e-04,-4.296392282419129321e-03,3.566983449036758864e-03,3.280889822760505066e-03,4.675078847116971234e-03,-9.455889006705262521e-05,-1.926526050879853979e-05,6.851309675010507864e-05,-9.075977081487774691e-04
-2.456123075815257878e-03,1.783598557896283162e-03,-3.975807385181272940e-02,-4.789672540951502022e-02,-3.828779504356536606e-02,-1.045973837217609864e-01,1.422636038901442801e-01,-7.521653672522945477e-01,-1.735416037272843881e-01,-5.822161864985089252e-01,-1.118383953752767890e-01,-5.217428761701439072e-02,-2.571932582931475697e-02,1.864227077467038585e-02,1.043222043257832771e-01,-3.333886630115733690e-02,1.026775303784540315e-02,-1.020446623872492062e-02,-1.367468763797333479e-03,6.243990856811593507e-03,-1.057426917748983952e-02,-1.724182945330696637e-03,-3.726514658744432482e-03,-5.444209144274815386e-04,1.831877711045308338e-03,1.033008720506392803e-03,1.890193188434079619e-03,1.414364529001049711e-04,1.352861032031682552e-03,-1.591557102946871902e-03
-6.275297731144456603e-02,3.277729772816981996e-02,-9.866049383092962977e-01,-1.236450654110253650e-01,-5.539556148276724573e-02,3.210605956444643333e-02,-1.874077636292999227e-02,3.633575295073778605e-02,3.849337977292098794e-03,2.270679919887196030e-02,2.612152818291180872e-03,6.775540397399953908e-04,4.283544775306782340e-04,4.044297434689726788e-04,6.749655982758880589e-04,-4.604106369301910620e-04,7.167620231997354468e-04,-1.204669783110726773e-04,-1.757694965944576841e-04,3.299186035728369685e-05,1.261970231269340275e-04,1.034537044754433265e-04,1.312825916990828859e-04,-7.353103423949158379e-05,7.885050864064088293e-05,-6.097495057803118171e-05,-5.871417949751463928e-06,-2.936890098906253668e-05,-2.205890071251056931e-05,3.415740096295894634e-05
9.138494029015769939e-07,1.460010475003086361e-06,-3.523294361728729194e-05,3.697790123802244478e-05,2.247197802093326476e-05,-9.608493245772047693e-05,3.656845141738292366e-04,-1.986515851746418516e-03,1.146659940622485677e-03,-8.860915538098307689e-04,2.604445540891700290e-03,5.817188740381834880e-03,1.381619869881729095e-03,1.387819503314817113e-03,-1.213458696532295107e-02,-2.956700655250826121e-02,-8.280467542492713092e-05,-2.764231994349245283e-02,-9.258849697830259795e-02,-8.187106078553673533e-03,-6.704462135600913752e-02,3.019945270153084893e-02,1.849262230317762490e-01,9.041199975111010798e-03,5.440097085054404480e-02,-9.013467037093403356e-02,-4.528535521262299496e-02,7.242350574871575519e-01,-4.745222420848017042e-01,4.324528028285897774e-01
-4.105206289116924788e-06,8.385858687795151543e-06,-6.507144585098955151e-05,-8.898187451915188541e-04,-4.846689045349983913e-04,6.428179875461708509e-05,1.696810453641723346e-03,-9.354850321993226844e-03,1.906106444818221959e-02,-1.142523178264118026e-02,3.404665504717084568e-02,-2.244466698120767961e-02,1.682285502970393490e-02,4.010791910874785676e-02,-3.803336404874388399e-02,5.789640393899156412e-02,2.766244250878123756e-01,8.586792480705356112e-02,-2.027328770654775458e-01,-2.053525570838892478e-01,9.860683434473728470e-02,7.822032722602043076e-02,7.225642463935200155e-01,-2.434046678651358986e-01,-1.311929407113335555e-01,4.044837682651209465e-01,-1.072513499235203116e-01,8.682878335440463377e-03,1.715688433459466034e-01,-6.983878977981512748e-02
-7.536218659235976577e-06,2.849556410071409131e-05,-1.360359393068108881e-04,-9.762262251133222574e-04,-5.555674783675481308e-04,5.926961817196664192e-04,2.258621748821720929e-03,-1.543309742211960815e-02,2.531049813136626581e-02,-1.532805221714298241e-02,7.754496459706089473e-02,-1.170802878597053120e-01,2.369792691092912074e-01,-9.374726057747514996e-02,-1.040658018052958989e-01,6.361915728566600037e-02,6.405199102205691997e-01,1.315344401791559703e-01,-3.650715910725954028e-01,-3.147029046358090776e-01,-1.478975852621360887e-01,2.553073732819023667e-02,-3.558102206926505029e-01,-4.822227409043998436e-02,2.022542476808817657e-01,-1.858957299917065598e-01,-4.555215790362047296e-02,6.253360687890578695e-02,5.139902856719544971e-02,-6.251647935277919454e-02
-3.009752479313804168e-06,7.408854708176292906e-06,-2.677330759032073979e-05,-2.180292533110886398e-04,-2.242615674371002232e-04,3.916171232694430214e-04,5.981376761996384881e-04,-3.912318027161077773e-03,3.480345093328336085e-03,-3.611734869476635346e-03,8.354993518319286591e-03,-1.180574763493902335e-02,2.726248289403359823e-02,-1.165804072401106783e-02,-3.357457517525544444e-02,-6.252060253145595714e-02,8.230245981189827920e-02,7.734582812612515734e-02,-7.147433159057282881e-02,-8.610993927601071074e-02,8.453147212756769932e-03,5.274092332505342373e-02,4.012050291894838500e-02,-7.389872391172226662e-02,2.078333024257787362e-02,1.037149022451235025e-01,1.061783836801648839e-01,-6.344747674709690921e-01,-6.354927559533005699e-01,3.602212561035506577e-01
1.229701937144328053e-06,8.559403712663685539e-06,-9.216983776393511971e-05,-4.858382733456131859e-05,-7.048207509044781009e-05,-2.682154471175171432e-04,8.907627367997893869e-04,-5.686249980854135751e-03,4.234367260079716392e-04,1.504425752146853904e-03,6.899506788345645403e-03,5.672985695900019214e-03,-4.730464480835138569e-02,-7.623750882467994483e-02,2.033529572675063513e-02,3.481157552230184499e-02,3.844286682408592365e-02,6.742657970157846237e-02,-9.542538709700616739e-02,6.970047305249596481e-02,5.733868455587359803e-02,9.018966482709962762e-02,3.265633778418897126e-01,-6.546099014239767366e-02,-3.663986081876146050e-01,-8.311391908941672124e-01,-2.667351155295186182e-02,-1.332458718391838770e-01,-1.021276327559078080e-02,-6.526657785375281073e-02
2.839861263704256328e-07,-4.488883515049299902e-07,-1.907866615146987851e-05,-7.087159602335669291e-05,-5.267468475889669770e-05,1.113373830015980691e-04,2.051736033956105853e-04,-1.677387655562167504e-03,2.280696822297749015e-03,-8.936497742892310879e-04,7.067752559790475321e-03,-1.584456875324998177e-03,1.022926881103428630e-02,-1.940792666072887812e-03,-2.047271066882061508e-02,8.068985966742015306e-03,5.720101910418279312e-02,-1.695008376427943955e-03,-4.531957989230663009e-02,-3.910060327337711028e-02,2.396745991242762649e-02,-9.822705964834561876e-02,8.146923707324117692e-02,-1.214724822896702527e-02,-2.670423925266783224e-02,-4.541736965289826580e-03,9.792036483552428727e-01,1.040968618691705261e-01,4.320812444636039362e-02,-5.660432604641733867e-02
-6.996431830936980685e-03,-3.750323519708955952e-04,1.700674490981027645e-02,-6.430605068704110805e-02,-5.228546881580092148e-02,8.402030803206232690e-02,-2.490419966340548866e-02,6.913091637864951511e-02,-8.658979681730964995e-01,7.979536898167921555e-02,4.248731518626686632e-01,1.601861062854189333e-01,2.734151177075194034e-02,7.215766189198752345e-02,1.053516603648960437e-01,-1.010752858705607233e-03,2.702843755188623354e-02,8.264640393490429115e-05,1.088248269960662975e-03,-7.745443134082312386e-03,-8.326921465265053196e-03,8.423406064141237062e-03,-1.644334519597547830e-03,-3.747529508057357347e-03,-1.031219163373475441e-03,-7.847595117340194163e-04,1.004261224071058148e-03,-1.526600803742776680e-03,-9.629671512135023429e-04,1.251365495107341569e-03
-2.770266801803060105e-03,-1.200927968379043170e-02,3.466124529922529063e-02,-5.197182127558136466e-01,6.267341030371955668e-01,-8.797274828459585028e-02,-5.649142978057641873e-01,-2.371175274844952024e-02,-1.636617442003586442e-02,-8.274512380951541679e-02,-3.316598167858260393e-02,3.332129041469455554e-03,7.328179270196785722e-03,-2.013224025222197684e-03,-3.949724424027471932e-03,2.777836590202900115e-03,1.705034372656810161e-03,-8.304453221474694755e-04,1.117954596120580846e-03,-5.506844507288877677e-04,9.756416069205536010e-04,5.053933633044941590e-04,7.103866191937044730e-04,-4.280487696975342161e-04,-4.052077244365039337e-04,-6.320680373727183710e-04,-2.360760934706363087e-06,2.206457519722257248e-05,-1.222385347151644169e-04,2.000959930679348654e-04
-4.846403051334528811e-02,-8.320394814002653747e-04,1.106826048821647340e-01,-6.950883507745326817e-01,-5.541155927960442762e-01,-4.173212690863506991e-01,8.252773450780341580e-02,7.129145173892423304e-02,4.150988469985782831e-02,8.039894256451356191e-02,-2.765053964187708449e-02,-5.842068987319756941e-03,3.860648721227964882e-03,-5.609025397811535571e-03,-1.096551915485905263e-02,6.087127949457472181e-04,-5.599828299244709361e-04,-1.160490940440346173e-03,-5.943147635726264352e-04,2.057749391001722041e-04,1.524017739943857828e-03,-4.685668594416354934e-04,5.529016058680029681e-04,6.136881759805041863e-05,1.169913101664484385e-05,-9.466640429876399724e-06,-1.590440221904063361e-04,8.548188296132868614e-06,-7.977740273507253721e-05,1.339560652369709728e-05
-8.558368611307806129e-01,-5.140827515813570781e-01,3.177817095616617543e-02,3.929134281885957730e-02,1.838667865963932585e-02,1.795469353188215017e-02,-8.087890292006712570e-04,-4.085576322219433044e-03,3.887113447634897231e-03,-3.520322585197238098e-03,-1.596659416232745592e-03,-7.357644280575963928e-04,-2.911028233444775629e-04,-1.798450511498372515e-04,-1.111456713523198810e-04,-1.879711164312347367e-05,-1.191165500894607744e-04,3.299330296036955397e-05,1.357658889193371173e-05,4.906359683617539234e-05,-2.716565518679132070e-05,-2.961739200257704709e-05,-1.340998580517067079e-05,1.397473490003522744e-05,9.339019718959802494e-07,1.380701956974948128e-06,1.125092598572514518e-06,7.888520802207007034e-06,7.495872271623993488e-06,-8.656965136903757929e-06
-4.462773266431238953e-06,-6.350317959644060251e-05,4.307886074196469255e-05,-7.119613433945973669e-04,-5.906583594980217193e-04,-1.548762963156484007e-03,-4.387489684305589249e-03,2.359015023761039040e-03,1.040379062183728956e-02,-1.661143996193413172e-02,5.373736437259985649e-02,6.251232875001637435e-02,-5.436957336549408382e-02,-1.569704741177427657e-02,-1.374605156754042379e-01,-3.718664259333464561e-01,-2.798773485379542070e-01,-2.789084518411379388e-01,-5.850819038278440853e-01,4.351280615487799520e-03,-3.795230055880475795e-01,8.342425636345483786e-02,1.676825259982689942e-01,3.084036159825038204e-01,1.888331874125826482e-01,-1.889436801649504657e-02,5.622646185012283512e-03,-1.076210613665467414e-01,8.511281810544897575e-02,-6.962859318874640990e-02
-8.396946292133702775e-05,-1.934966356100080724e-04,8.700956842356683246e-04,-1.165352811270864777e-02,-5.402705646706792118e-03,-1.163761243210716806e-02,-1.397625590318469536e-02,9.865082419748521375e-03,1.567408408506587580e-01,-1.086209908441378019e-01,3.814248401361579610e-01,-1.389200517443550109e-01,-6.577562379631454181e-01,4.940668869262326290e-01,-1.948817543266209429e-01,7.479986159487027331e-02,1.657300458389696363e-01,3.979407578707212789e-02,6.935215617907242169e-02,4.542470389423321209e-02,-1.831437706200631232e-01,5.150851653974923561e-02,-6.171022070944343768e-02,-2.335065573840485950e-02,-4.078633259306193616e-03,-2.942656761317697170e-02,1.112293389873549206e-02,-6.055844129369460788e-03,2.216236455508985900e-03,2.043924531800321923e-02
-1.502603324401731964e-04,-7.882139453935010703e-05,1.043734026895646238e-03,-1.271359754995553780e-02,-5.392456307676281486e-03,-9.309124491350878605e-03,-1.611706123587863110e-02,9.248067965823557638e-04,1.835433947554145073e-01,-1.196409577238611438e-01,5.984422365904262797e-01,-5.874322271339570412e-01,2.899842389515737695e-01,-1.243214199010451854e-01,1.592723055789073694e-01,9.469989138282021435e-02,-2.962501038053210189e-01,-7.552408472628037439e-02,-1.311418341060575400e-02,-7.060551417500063320e-02,1.110521739168239819e-01,2.435304564448788345e-02,2.974518499538837332e-02,-3.172440597339169083e-02,2.743453352556240316e-02,-8.453107576913936397e-03,5.657570640283003487e-03,-3.400135215209332869e-03,-2.041776066691640846e-03,7.263945275593789060e-03
-6.758226879907700891e-05,-1.777768393976329986e-05,4.021412795538023728e-04,-3.287169801247429024e-03,-2.305878978797648755e-03,-1.424186708517831456e-03,-5.761153869434318571e-03,1.908509021887576027e-03,3.011805537260697427e-02,-3.086825922690613136e-02,1.161815660846576004e-01,-2.436420482994473141e-02,-1.145415281550829327e-02,-6.065717780599883674e-02,-1.125205264308209302e-01,-6.823911172237194789e-01,-7.008603898675599964e-02,6.114546290554749852e-01,1.517126895520877206e-01,-2.115501477858457435e-01,7.646225428947928116e-02,-5.338103808771355735e-02,-3.568839696867392997e-02,1.175886187708636982e-01,-1.512190657928554893e-01,1.821951906555308726e-02,-1.184965639644791104e-02,7.769023024212316775e-02,4.381529066328860439e-02,-1.460255385496948138e-02
-1.406637682248646172e-05,-1.532877910891569076e-04,3.579276528522295966e-04,-2.923086591654182765e-03,-1.622160218840848099e-03,-4.361897935815211777e-03,-8.135295614687242799e-03,1.361098012826274066e-02,1.087925445739577196e-02,-2.466230721452007321e-02,1.210394096683532622e-01,4.904924253591397970e-02,-5.241240461173504173e-01,-7.384009961139439415e-01,1.870697929155755446e-01,1.404862526526144684e-01,3.465363284707211056e-02,1.842281726375195883e-01,-1.714095973068081313e-01,1.540957531063727737e-01,2.367882599654371617e-02,-2.259591585686865703e-02,-4.471037846893334555e-02,3.860442594378347709e-03,5.086675036099613800e-02,1.138132222986234787e-01,4.195279458568553464e-03,1.602892129946616867e-02,-9.917491922518291425e-04,9.617391095041801993e-03
4.697417804524814216e-07,-5.140781151259937872e-05,3.847378023449036778e-05,-1.080871313262037579e-03,-4.626838232006656487e-04,-1.227485628234048932e-03,-2.398634853236767013e-03,-1.373216357522878998e-04,1.739743659022267505e-02,-1.464466684414978716e-02,6.087147157692655158e-02,1.270930210182407046e-03,-5.369424578989676067e-02,4.028195553143829044e-02,-3.605914402056931145e-02,-4.203216193423231495e-02,5.119646309002694878e-02,-1.416151620187103000e-01,-1.289230695727460463e-01,-3.390062307282697834e-02,1.304269771783160559e-01,-9.205396797594134206e-01,4.833874824176592061e-02,1.670119968445495096e-02,-6.063431022295524830e-02,-2.583661520918378515e-02,-1.135417871112817528e-01,-5.745568801324024873e-03,-1.802816842051534751e-01,-1.759485255021615846e-01
