5.064838126672604156e-03,-1.022493109528844514e-02,-3.936585241677322509e-03,-2.374268286733963174e-02,-4.029739829235746279e-02,1.312561882308090344e-01,2.881549142938308328e-02,1.496991669255411384e-01,-3.427025868334153125e-01,-1.479101807326090035e-02,-4.644584054151849606e-01,-7.381747111546228535e-01,-1.639230928977561119e-01,-7.177444842265552627e-02,-1.085257926721953647e-01,1.249460975415007113e-01,2.970267051838463776e-02,-8.431034146697789777e-02,4.502495607861235760e-02,6.718709223934693497e-02,-5.772687784296431923e-02,-8.751190163475117828e-03,5.180489914542429561e-03,-3.151218173777001197e-02,6.281762030826196393e-03,-2.140311531888648006e-02,2.753182159014135478e-03,-5.363058523968406615e-04,5.701043404680213207e-03,-8.239849918628809351e-04
2.323064994344633660e-03,4.697841999788393910e-03,1.251704406912154850e-02,-4.704055797321708421e-01,3.214052392169031158e-01,2.744602592826518861e-01,-7.712572298964425199e-01,-2.596268832652296257e-02,-1.423705524111163953e-02,-5.487788858762503164e-02,3.347203109304394686e-02,-1.412385836364525539e-03,-2.518548593404390523e-03,-3.672982865892172183e-03,3.580688158647002926e-03,4.430784581771322200e-03,-1.146596234604100630e-03,-4.774501252915552656e-04,5.462034686022395735e-04,-1.121725571771309835e-03,2.982327885160572446e-04,-2.210699552494805708e-04,-3.258740002051596375e-05,1.898267727524591167e-04,-8.069693096117209639e-04,1.346017066790543119e-04,-3.868653105049629722e-05,-1.148065075063620067e-04,3.607369705149727048e-05,-1.249731987697910837e-04
3.491543193999160216e-02,-6.962738698520851144e-02,-1.848281942094781105e-03,-2.208287373756878114e-01,-3.712591234641682836e-01,8.293904610456548365e-01,2.729970278822326235e-01,-1.352126866015841700e-01,1.217841863376743494e-01,5.697630042386567228e-02,5.577623568441983024e-03,8.517973358280006568e-02,1.911943740446455167e-02,2.916593274139101920e-03,8.918636765108116371e-03,-1.673042839869482226e-02,-9.171677979119722407e-03,1.395622009221718189e-02,-5.568098158302104556e-03,-9.075265465637022758e-03,1.043112781401996265e-02,2.340930109965949722e-03,-4.673745502479760908e-04,4.329947539029206476e-03,-1.114955382823507859e-03,2.741593358591119540e-03,-4.510888013345553944e-04,1.741862572011478602e-04,-2.361358017729229305e-04,1.184256931346330420e-04
5.056672407826778848e-01,-8.581780177043752955e-01,1.826229567591221639e-02,2.238358830380942147e-02,6.178932343031277169e-02,-5.450993790386816223e-02,-1.063069703928912375e-02,8.138588047341214701e-03,-2.518341946500739659e-03,-1.905283014449851492e-03,4.007310502384502093e-03,1.269988327217708981e-03,4.849699608671218150e-05,4.953656975470980975e-04,3.406226261601326476e-04,-1.321886352989363035e-04,1.642730856349530852e-04,-7.223603275161369483e-05,-7.230145867236914005e-05,-1.206137050344301755e-04,-1.023355820947763806e-04,-3.086531542477136830e-05,-4.673220191373743794e-05,8.913504080801318003e-07,1.114789467497722570e-05,4.101069726402444075e-05,3.486215974223626756e-06,-6.032822027302665664e-06,-2.561611197105563711e-05,3.248421544552182376e-06
4.693850913144342239e-06,1.776426005865422544e-05,1.518093611457459950e-04,-8.966552343198406572e-05,-6.874692939593453778e-04,-1.765064665921523530e-05,2.635331984736352662e-03,-4.243981587640173470e-03,5.945478567830944291e-03,3.930365101607516572e-03,2.350855751433102159e-02,4.207771244636515640e-02,-1.111785379819475728e-02,-3.118575294731326317e-02,-4.403708053986257059e-02,2.425877330633692819e-01,-1.238857384998513084e-01,-3.306524711342891387e-01,1.693236193761761543e-01,-6.868593335102671227e-02,-1.499895396536145842e-01,-4.984931399242944344e-02,-1.414125401318088449e-01,4.572956559633717943e-01,-2.266273989173576021e-03,7.039367213055612860e-01,-1.129818776922237797e-02,1.084571211472575569e-01,-1.037365210006053751e-01,-7.325846407724237452e-02
4.259672646872286197e-05,-1.616071209151094811e-05,5.786922257340339042e-04,-1.830592191127847299e-03,-3.368238916965556398e-03,9.389632225809194229e-04,4.111721516049680891e-03,-2.644327412230867980e-02,4.966214604384179554e-02,1.255887588005303278e-02,1.208767545661057485e-01,6.722139528674488107e-02,-8.149253096411158970e-02,4.430735391710047266e-02,-1.137522716699786995e-01,1.194052320100557896e-01,1.758119636564000332e-01,-2.567765101871399280e-01,7.412669944524452603e-02,-6.459698435533105937e-03,-8.122764389444774302e-01,-9.841283078776391635e-02,-1.991596078042007778e-01,-2.566231124954073683e-01,-4.952455278084533924e-02,-2.324113254864559608e-01,9.103867166405005956e-03,-3.546983482387114383e-04,-4.662758370930148583e-02,-7.489444789081022014e-02
8.398096932528414807e-05,-8.695575376356597835e-05,9.850844277414477334e-04,-1.905746551941126746e-03,-3.220553637633336019e-03,-1.439514602933509571e-03,6.956441943376954519e-03,-3.344895488056556787e-02,5.544060397911670934e-02,1.354430631293936831e-03,1.872754217180923053e-01,-3.094479979977426617e-02,2.074362730831543766e-01,-2.181917038008032994e-01,-1.336981493222604012e-01,1.394101475179886640e-01,3.865944615013376939e-01,-2.038118937542401088e-01,2.852907677549279541e-01,5.924222571361487111e-01,2.579429969932623967e-01,-7.755313926355451859e-02,4.824348348522244923e-02,-3.220262597375699865e-01,5.992903752195490041e-02,1.600390684345430470e-01,7.978612353916321107e-03,-1.057667493589361206e-02,-1.652231255614785427e-02,-1.353869246895357016e-02
4.913971050628770026e-05,-5.766256958989661539e-05,3.899787408092393365e-04,-6.255404807866738782e-04,-1.322752999963094271e-03,-8.371816290937358646e-04,3.245859982614230244e-03,-1.053429006996559579e-02,1.433578770382582662e-02,4.001168099201386080e-03,5.566772147409610599e-02,4.428929020971161812e-02,2.441902286271524850e-02,-5.147938091408185701e-02,-5.097745203317595453e-02,3.393005158379490127e-01,5.046655881405123084e-02,-6.160870172452682925e-03,5.894231458149956637e-02,3.142819396859490855e-01,-2.899395271369398924e-02,-2.064584934506699665e-02,1.831070453355063687e-01,6.800158498197407253e-01,-1.058016679974382868e-01,-5.081602236246653970e-01,-1.791907337870337832e-02,-1.876321905661634121e-02,2.102758477764964107e-02,3.222808928720048705e-02
6.020948195334560063e-06,1.897542319525366520e-05,3.543927955356331147e-04,-3.710123424501900495e-04,-1.096020952362181588e-03,-1.144519223528200598e-03,2.850210270106942178e-03,-1.007688965924888151e-02,1.131191463566840263e-02,1.854059776900503480e-03,4.850686872187851689e-02,4.603105015661646676e-02,-1.482201604244582915e-01,-2.792332410927259589e-01,-5.831608786120180687e-02,7.121639276061991763e-02,7.041200696636649992e-02,-4.640995664044689217e-01,-8.008381445079348904e-01,2.296765156929848201e-02,1.015262054851542445e-01,2.067113987325084126e-02,5.588325795631030740e-02,-1.501819905269444373e-02,9.613947750960701033e-02,-6.385530436240125125e-03,6.517964809446938519e-03,-1.485058669609232856e-02,3.188454817959324866e-02,3.057576768261148926e-03
-2.569560163655113437e-06,1.613143510964798997e-05,9.425696714725759814e-05,-6.828793864957261083e-05,-2.901156446733733018e-04,-6.918843960178203481e-05,4.427479810850974478e-04,-4.403552764775727803e-03,6.711435068114836658e-03,1.817927352893959278e-03,1.951946501632864650e-02,1.184397026122493285e-02,-5.037396337478990474e-03,5.976449793277446333e-03,-3.022435297146695149e-02,2.831105062185275412e-02,4.909230735099017612e-02,-6.535258094237569870e-02,6.406960942790816682e-02,-1.721993116270812210e-02,-1.180626592304348105e-01,2.416566772313158418e-01,2.588858517626787051e-02,7.357475926024116964e-05,1.589064744749672797e-02,1.020273939696804133e-01,-2.192542376334072861e-03,7.578967605326729807e-05,4.905378456653525232e-01,8.137879567597564590e-01
2.809545020357813623e-04,3.327518581233180088e-04,9.531605739634768648e-03,-1.600099847620094998e-03,-1.111053622261738098e-03,-3.509328946271882393e-03,-3.929800483632907813e-03,-3.448016835686782550e-02,-8.157317056449750470e-02,8.168198605142978908e-02,1.009056278149182279e-01,4.000339008915024253e-02,7.432853239948097879e-02,-6.359648684301424937e-02,-9.136191328100149445e-01,-1.164783922823055540e-01,-3.087923199017552633e-01,1.375465975117858286e-01,-3.323489608927539946e-02,7.644261167137781331e-03,1.074072111275067420e-03,2.208061023824911973e-03,9.727159766250248127e-03,-6.410869551573735066e-03,-2.011219040879160371e-04,1.360018113748323642e-03,-1.256316221583884084e-02,-2.384615177741878159e-03,1.074226639215482152e-03,-8.555195960232638442e-04
-1.240554798832234676e-04,7.770987063041409732e-06,1.367097698973532283e-02,-2.914912551325073153e-02,4.578027114689226656e-02,-2.952555749399643145e-02,1.032438809089634701e-01,-6.661097070264831999e-01,-4.137475009833049833e-01,-6.018962402553273972e-01,8.466448663398910834e-02,1.204210726891774032e-02,-1.547335111522520068e-02,1.040675577700012414e-02,1.800763459451088649e-02,4.148114374051409259e-03,-6.119510222604577880e-03,4.216287599148387140e-03,1.724201388823092939e-03,-7.956684588345237438e-03,4.459465103344363471e-04,1.954331921434794041e-03,-2.883802459806184861e-03,-1.962011275394162386e-03,-5.255330866557946824e-03,-5.535981521085861241e-04,-1.778429378706190259e-04,-3.151207489015975878e-04,-2.107611280944078939e-04,-4.691985124875560167e-04
1.984724328294136877e-03,9.066475100780871984e-04,6.603086428920564022e-02,-3.044886934485372190e-02,-2.920066812367539885e-02,-1.258113275925042129e-01,-7.117392775665146165e-02,-6.164431320699214067e-01,-1.207115441561543018e-01,7.479304183326410671e-01,-9.636439279704712979e-02,-5.088766132493091621e-02,-1.508845025136724451e-02,2.888145250058431809e-03,7.881075321334310435e-02,9.757568813772297261e-03,1.832631316042084707e-02,-1.170289006933749286e-02,5.121128238290384785e-03,3.377863693352447117e-03,6.197496184725101789e-03,2.701470181477179291e-03,-1.468004819569050830e-03,-1.232489864694690440e-03,-1.337714610912046475e-03,-3.831026067941807850e-05,1.505411026189500340e-03,2.422808119797539329e-04,1.715075122134302387e-03,-1.710774435811666244e-03
4.666925350002534834e-02,4.932906135105066120e-02,9.945899464500312925e-01,-1.213677299348526507e-02,1.811853027309690348e-02,7.371895006334982722e-03,3.488455223005514083e-02,5.406766032922468573e-02,1.123087454111025910e-02,-3.687546819567388834e-02,2.606907407067766969e-03,9.509540899536002897e-04,-5.965408434488950412e-04,4.481300439403126316e-04,3.673690362887945243e-03,3.484358613904148011e-04,1.084449639051717276e-03,-3.103156538006344805e-04,7.474085551477677050e-05,-2.408403011561316399e-04,-3.260307603695070978e-04,-8.235962523450078522e-05,-1.508951682470029837e-04,2.096262921888938094e-05,1.702979762704955562e-05,-2.941131540937992926e-05,4.233270889134243739e-05,2.432387134956848139e-05,-2.255625323590580879e-05,9.204769267154183665e-05
-9.655925962708408492e-07,9.399217366690584732e-07,6.250155125538170485e-05,5.616455334511674289e-06,6.584820155156402338e-05,-7.903132035270886088e-05,7.237117939377446865e-05,-1.364572417894322322e-03,5.442951903266267247e-04,7.578143369411078191e-04,2.844681684597578225e-03,3.893491761473530724e-03,2.800888137849619490e-04,-3.320433111069050029e-03,-6.296455738891440501e-03,2.225898768726264007e-02,-7.516254297047594846e-03,-3.848388127470888515e-02,1.986449858852767231e-02,-6.099933169106145497e-02,4.502621299500907809e-02,-3.508783934531084503e-02,1.133962806160653397e-01,-7.406946746839951357e-02,7.931996233689742049e-02,-1.238520076530977704e-01,-1.168248772711574790e-01,9.007615581408316974e-01,-2.940773216455259687e-01,1.975838097365002488e-01
5.544806061139403528e-06,-1.357942703665813717e-05,3.912279163791493883e-04,-6.201578958372194880e-04,-7.182850692753873318e-04,3.158451289855636942e-04,1.044836790777978197e-03,-1.085670559766021420e-02,1.645514347111215817e-02,2.554138681941796937e-03,4.434160419148453630e-02,-3.881381052786962715e-02,-3.506863675819121146e-02,5.747992566459794034e-02,-7.916107150041833129e-02,-1.049864744312961895e-01,2.951885936617962836e-01,1.831380292890636557e-02,-2.499393331297599091e-03,-2.048406115594719190e-01,-1.600623605542622341e-01,-1.171438245638197623e-01,8.251438484901743031e-01,3.063360962693179187e-04,-2.450242327679613141e-01,1.998111322752551267e-01,-1.218678341381163599e-01,-4.555662471564263932e-02,3.827058976939440998e-02,-7.944567519390638433e-02
9.008971962487793774e-06,-2.569133129519403206e-05,6.037575243983094031e-04,-5.067577157128005895e-04,-8.798111002734222523e-04,9.131331819137273004e-05,1.961724991121743464e-03,-1.516044740267605793e-02,1.820849083618267944e-02,1.808681759829205548e-03,7.961489172184101071e-02,-1.156535051076486020e-01,1.484848814371089176e-01,-1.223185495653277555e-01,-1.888712776150713590e-01,-1.604412017450752292e-01,6.401184967905063639e-01,-3.316077395477390333e-02,7.242161925388569677e-02,-4.880707655111818921e-01,1.815241146612582290e-01,8.737894301737311742e-03,-3.337006776522899454e-01,2.397074895701261921e-01,-5.247790403385189408e-03,-1.086413491797283415e-01,-3.157069436112769356e-02,4.578877003898158132e-02,8.212411115455385546e-02,-5.892246883527779006e-02
3.194732907069060003e-06,-1.264438896267170051e-05,1.858490535905135937e-04,-1.014249489617710984e-04,-2.149054162183590302e-04,1.280093089665009030e-04,3.923804232592371824e-04,-3.323499613245340951e-03,1.570865363475650034e-03,2.693377404596684552e-03,9.320992588100139933e-03,-1.352473081966277559e-02,1.392280146735365084e-02,-1.160254661766832798e-02,-3.075648685863718867e-02,5.496140461262666310e-02,9.587364820217122996e-02,3.958362285047969942e-02,-2.398058427882191271e-02,-9.932968495929887787e-02,1.277499912854741099e-02,-2.174185453643650429e-02,1.392086089880142409e-02,5.964525592590784638e-03,4.653244119406144824e-02,2.241116127372923868e-03,-2.707909657504500855e-02,-3.734770628826795669e-01,-7.803183780026520244e-01,4.712358070760287454e-01
-1.542521091340968466e-06,-8.765529854309382445e-06,2.202734293752007556e-04,-1.390277183549856125e-04,-5.469694152770111979e-05,-1.327482367786436451e-04,-2.252134536817213921e-06,-6.598284322814802066e-03,9.161718158778960801e-04,-4.035718358546137429e-04,9.724166451231050154e-03,1.396809181322336210e-02,-5.972477765120434018e-02,-7.121028620453369318e-02,3.794665823741563693e-03,-5.180585601811969754e-02,3.922911368710594454e-02,8.044843911766394462e-02,9.570172891663603076e-02,-5.481130005176260145e-02,-1.245957634853922941e-01,-1.576094745035034050e-01,1.956087493000740474e-01,1.041545825053192542e-01,9.304100454910140261e-01,-1.696836285285222359e-02,3.823308501952661642e-02,-6.285023960557141465e-02,7.479513808467989910e-02,-4.150551413465307371e-02
-1.907044197301345881e-07,-1.899162388987778272e-07,6.513366942190166090e-05,-2.147120535952876116e-05,-4.275388687791960296e-05,1.766771296002224293e-04,8.577776865628844222e-05,-1.546842929240685796e-03,1.932806954609124191e-03,4.114036507275956869e-05,7.361251228340904423e-03,-2.931486120016358471e-03,5.188645079284951410e-03,3.095462448539751561e-03,-3.091832192758197859e-02,-1.232627123178512731e-02,5.719765140104292322e-02,-4.642251070029199470e-03,1.256522701301184854e-02,-4.287101545956541887e-02,-1.318851060323702334e-02,1.042939455191817105e-01,1.141239717267299170e-01,1.956140253682277924e-02,-4.378375300460909253e-02,8.244621755480069716e-03,9.760200360429149846e-01,9.731719406733942146e-02,-7.046706486292929339e-02,1.813982349170581345e-03
7.319089380730406380e-03,-3.425987921805941278e-04,-4.583381153580957067e-03,-4.537837299608207808e-02,-7.211086571344518803e-02,7.927520014256848879e-02,2.875223389690576004e-02,3.464569686243030855e-01,-7.930310529173831835e-01,2.173567473184707943e-01,3.644821983018344813e-01,1.950052235682518953e-01,2.965166102209463792e-02,5.080126239543320682e-02,1.114672941581252852e-01,-2.248795810160380063e-02,4.355495099699347589e-02,-8.795795410164388914e-03,-5.773094449818307917e-03,-4.646966429769244268e-03,6.071978734066562321e-03,-4.180797859824557025e-03,-1.906242002517499496e-03,3.296032693659970998e-03,2.533535972072088684e-04,3.788553182993589091e-03,6.755467831058459705e-04,2.085928475413280109e-04,-1.359281107610247480e-03,5.900526297684116628e-04
3.396431388106605984e-03,1.761514525521542737e-02,-3.592587455036374416e-02,-7.060308373976890151e-01,4.177254447292615969e-01,-1.750149660007278563e-01,5.331311540223596657e-01,6.254980357765535515e-02,3.682563810255110037e-02,6.635731092676032394e-02,-2.899146848772627544e-02,1.564386690150873591e-03,3.155113951252971980e-03,1.083965814270169623e-03,-4.005890918438713769e-03,-2.801327719665088530e-03,1.319123676914268949e-03,-1.229697786715593143e-04,-5.622779018317555647e-04,1.183500839580261307e-03,-5.682042405932910545e-04,1.245834465698519486e-04,6.347950871005286224e-05,5.142635972118157186e-05,7.871033727928506687e-04,4.140798492795407404e-06,3.134171695526009069e-05,8.654162955272896884e-05,-1.616892504438886192e-05,1.602919185793915205e-04
5.037004825805477953e-02,-8.866293234370409282e-03,8.873474769395086822e-03,-4.748057998402517299e-01,-7.548110835348645908e-01,-4.030096340449922931e-01,-1.635431758578576311e-01,3.571061549125661982e-02,2.362981991052448202e-02,-1.020630213276394749e-01,-2.323753894296589143e-02,-6.701234138696655213e-03,2.045374523219681967e-03,-2.251324329554438720e-03,-1.047345056112285004e-02,4.144617520322436358e-04,-2.071766266288442310e-03,-6.514914656797540088e-04,3.833112786908189065e-04,-9.249149837166509584e-05,-1.482688129583442085e-03,2.555350300699360555e-04,4.990263970468205136e-04,-5.409719650975298956e-05,2.419174789087911179e-04,-2.460836403501488506e-04,-1.109053349335905562e-04,-2.961246825053161444e-05,-1.864277228670062662e-04,1.240140920528366080e-04
8.592241516750750430e-01,5.056999999709479443e-01,-6.519778249632657285e-02,2.895324149893106422e-02,2.039821423625817406e-02,2.039206449826497583e-02,2.590513874894315866e-03,-6.977801185662884861e-03,3.394436841242480865e-03,3.062010073102039605e-03,-1.726410320643670957e-03,-9.257617400215782926e-04,-1.783197799756571389e-04,-2.721797248472634803e-04,-3.335992257572216891e-04,1.030613710537338351e-04,-1.692994329210671656e-04,7.927323723154020994e-05,1.961366714736504862e-05,4.035839751193524941e-05,3.225273113066241663e-05,1.248112510587078517e-05,9.857273291918320341e-06,-8.915330248390990024e-06,-1.018841598726798451e-05,-1.336363509511427764e-05,-2.408704261579989308e-06,-1.159230031731934131e-06,1.038201563864063225e-05,-1.036476012541847614e-05
7.672382932931592179e-06,7.875098999167976952e-05,-1.315796694838516521e-04,-5.245092127604990403e-04,-1.042840740091443598e-03,-1.275360668730595544e-03,4.530729914938407855e-03,1.578033015444735721e-03,1.096376038416018231e-02,7.722537700690748283e-03,4.763598643369757607e-02,5.190435810664809774e-02,-1.345885089581683181e-02,-4.058997046918797619e-02,-1.964420004399623429e-02,3.692508051728526919e-01,-2.883824029897706365e-01,-4.386229547378985849e-01,3.287894559526391425e-01,-4.502088765305790607e-01,3.011647207541905957e-01,-1.416620937539116720e-01,1.400454163747130720e-01,-2.245457502224037505e-01,-4.028170511240850189e-03,-2.550821895449331134e-01,2.297663492565295978e-02,-1.289039553071128774e-01,8.288475700678371583e-02,-5.104529264538614983e-03
1.102177051167971906e-04,2.182778608926739725e-04,-3.706972748688822854e-04,-7.766296426401386212e-03,-1.034240237079508094e-02,-3.174122193699662354e-03,1.380808471691253626e-02,-3.413873152465655980e-02,1.330277320448816358e-01,2.244632064343898836e-02,4.192722470977837124e-01,-2.374839364777217021e-01,-6.084847432077515883e-01,5.449318029716008205e-01,-9.309073252609297022e-02,-4.419898144616096237e-03,7.937939828299928058e-02,-4.148620229441266766e-02,-2.585548852393748480e-03,8.894941090327650179e-02,1.965250452748699139e-01,-8.962111803348529748e-02,-7.989733194152748297e-02,3.145449561299489688e-02,3.205052378636012722e-02,1.531554093349948333e-02,1.582167166282864162e-02,4.419692948982422397e-03,9.114266043015125524e-03,2.461486870381151409e-02
1.818758650821195348e-04,9.172525970744849254e-05,-9.889828561513722756e-05,-8.128480214282800265e-03,-1.153941282654208887e-02,-4.519384223820404473e-03,2.272312760769530302e-02,-4.249625450867510618e-02,1.362107861487288074e-01,2.385338212985295067e-02,5.873585673288183040e-01,-5.605145935591510087e-01,3.593481314323516140e-01,-2.004163628640672490e-01,1.859395184730094908e-01,-1.050111186708659328e-01,-2.754420914019001798e-01,1.796978350861599266e-02,-6.535396175866566015e-02,-6.152068044942610864e-02,-1.260631454634400794e-01,8.882192043458612268e-03,3.543100807189242946e-02,4.501295625405471457e-02,-1.131788461510126187e-02,-2.108622755992434206e-02,2.871203930021916807e-03,-9.356187381343810229e-04,-5.172242771485810638e-03,1.273596926097874359e-02
7.579303563655663718e-05,2.548310114314861492e-06,-4.147415454652582129e-05,-2.077453758303353208e-03,-3.639858043299953622e-03,-2.044210730138688956e-03,6.675447606699109505e-03,-4.631448626726395422e-03,2.267739142835461380e-02,1.393923605125398611e-02,1.158318165204777900e-01,-2.821212951770884700e-02,1.449005325649130229e-03,-4.899601151657324155e-02,-3.558379620414098971e-02,7.404521412506716027e-01,1.274941235288942765e-01,5.327299367436370003e-01,-2.075063945836967405e-01,-1.601850675574237604e-01,-1.371536619056212304e-02,3.957457950538504493e-02,-4.130429527145274005e-02,-1.705891024035972869e-01,2.749081574883006224e-02,1.451812934885789719e-01,2.600940137148274010e-03,4.465925568480674790e-02,6.999033479481858722e-02,-5.462776219967402369e-02
2.029216788897491360e-05,1.363114537142616533e-04,-5.998630003492405605e-04,-2.166067824551760890e-03,-3.619127476500083509e-03,-5.267529340581773682e-03,7.312294460759536860e-03,1.828876360771678053e-03,2.084830473021617725e-02,1.352276751738294008e-02,1.320401788233755425e-01,6.624023096243691899e-02,-6.038526528727707898e-01,-6.989622686063985402e-01,6.744243748759860824e-02,-1.224663603290414154e-01,-4.914339931722410543e-02,1.816743697923516310e-01,2.216948724421688166e-01,-2.478927655995934523e-02,-1.982205363264089720e-02,3.435559462926511543e-02,-1.970616350705801240e-02,5.740260299403496420e-03,-1.300297798464394028e-01,4.223401473790956880e-03,-5.151127831582073303e-03,9.421530696045406217e-03,-2.166412376589224587e-02,6.009257612521334488e-03
2.051917177345620515e-06,5.506167113073553304e-05,-2.435056700400605248e-05,-6.389667668564181363e-04,-9.980804800697488585e-04,-3.849655530313349173e-05,1.947909867632519271e-03,-2.976831772717104373e-03,1.640934799583665046e-02,3.211580053928180835e-03,6.099101324811160435e-02,-1.494635838791582780e-02,-4.706313644638929206e-02,6.059445101157398539e-02,-3.644536549979940365e-02,5.079109021063320933e-02,2.870591927128302370e-02,-1.217617344709682192e-01,1.103250014835268633e-01,-2.577611413003914193e-02,-1.769676337520985007e-02,9.166798764008335931e-01,1.210329927242575071e-01,-2.873503617285755318e-02,1.351058427393082018e-01,-3.764239333234407209e-02,-1.185856654382907299e-01,-1.941824569676116330e-02,-1.348036181459942029e-01,-2.216087216695256656e-01
