5.245474120171281750e-03,7.791638113770048973e-03,-1.143905681091375928e-02,4.375250662409857494e-02,-3.161236474743661651e-02,1.196430294288987062e-01,-3.221962580011423355e-02,1.093472079731110103e-01,-3.509910561493099213e-01,-2.081236002305320854e-01,-3.957084166373990297e-01,7.367178320042006012e-01,2.021471032123398071e-01,1.311424771952488522e-01,-5.590827983982257776e-02,1.447584999762842328e-01,6.231204800967996699e-02,7.105201554339160563e-02,-9.167007084778233672e-02,2.868888247377986492e-02,4.820094774224935319e-02,-9.271001874117952568e-03,-2.272611495885543120e-02,1.808723340229887594e-02,5.184001586925496632e-03,-8.705491204341685163e-03,2.659677288917579145e-04,6.588070669222781048e-03,-3.192824832310518605e-03,-1.783261890820375976e-04
2.005760134425327301e-03,-1.922715468919477871e-03,-9.065969335678519814e-03,2.840145036979565552e-01,5.002193880160292760e-01,2.453309783582206804e-01,7.728779876986936470e-01,6.879789602585058284e-02,3.232771947765358117e-02,-7.016968100366512140e-02,2.624163792553895619e-02,-2.616693745932383800e-03,4.045147149542264661e-03,-2.294786875164866406e-03,7.983353706942687006e-03,2.811150989508391564e-03,-1.930823693712893467e-03,6.401826594728824891e-05,-7.746875408297585050e-04,-1.434248272085336196e-03,-3.889207055875487933e-04,-5.197900778753804154e-04,5.557491581752770429e-04,2.245898648256448274e-04,6.951110220275259549e-04,5.406493196296445090e-04,-6.029229996073336053e-05,1.025073318140885749e-04,-1.195592053710661801e-04,-1.203589554787480982e-04
3.611229282160526022e-02,5.252563120588294582e-02,-6.320397140068240160e-02,4.018038229209301426e-01,-2.660220880785149067e-01,8.211911689899171751e-01,-2.239162971922750989e-01,-7.669549699330276138e-02,9.594389874813001595e-02,1.113510218392084888e-01,-6.285935568151765525e-03,-7.778044822147583970e-02,-2.189391728026830741e-02,-1.077503461364528840e-02,6.457760552472463500e-03,-2.128880690316751340e-02,-1.220501776728250866e-02,-1.241059994704292804e-02,1.214785380659637835e-02,-4.762385791845930895e-03,-8.851188656458064408e-03,-2.711145887472087880e-04,3.311347257961409687e-03,-1.648041453470769227e-03,-9.747563132503508053e-04,1.191497767113583938e-03,-7.705565736430476816e-05,-3.898297863678170652e-04,8.041697084319145627e-04,2.213676785066473615e-04
5.313129999972229234e-01,8.379608197819611304e-01,-1.013073835387426208e-01,-3.847745083461870386e-02,2.891406491607786261e-02,-5.277479873217841982e-02,1.122276697446287358e-02,2.111678160177517596e-03,-2.546112148018343357e-03,-2.805652485538436339e-03,3.921415016310695126e-03,-1.687189032028070697e-03,-3.322530278966559242e-04,-3.191762189992529311e-04,-1.017036157410225260e-04,-7.720658667556489180e-05,6.118226699260842635e-05,6.379620496831652713e-05,1.251623647981874856e-04,-1.660233300991255099e-05,9.306278599295858241e-05,7.617074837870320316e-05,8.094650860924477827e-06,-3.717764782282182828e-05,6.730187761556788134e-06,1.636380595595902725e-05,1.989377412576210441e-06,-2.898008007304316033e-05,-1.165477016639748141e-05,-1.202580576310513454e-05
4.087963638276398809e-06,-1.297208857827010243e-05,1.174201001070313043e-04,4.097508079704140563e-04,-3.040995532684469564e-04,1.036227209149254364e-03,-1.864908891239208276e-03,-3.242826035987485863e-03,1.107169481805127774e-02,6.371019606892612021e-03,2.672588284013631757e-02,-4.838940527797726959e-02,2.557800143487588135e-02,6.239081114952658991e-02,-8.133032091710060141e-02,2.358952439078887409e-01,-1.176567436476412543e-01,2.497338585034955538e-01,-1.799528354528116547e-01,-2.267719766773899082e-01,9.247517504048338721e-02,6.627634270796844973e-02,5.759487646062900756e-01,-3.706311788359398784e-01,-4.253633265687696841e-01,2.988762341568169667e-01,-2.860989035005029237e-03,-5.477969685704596470e-02,-8.298709093443014384e-02,8.805395812760863361e-02
3.971610835458172652e-05,-2.459146786786405869e-05,2.449493528361820402e-04,3.343789288974299140e-03,-1.596070452387824247e-03,2.650498582682606855e-03,-1.647403182344241894e-03,-1.886290716959685212e-02,6.223912353031915007e-02,4.065834402447275620e-02,1.200773676405636203e-01,-8.477775298008469185e-02,9.031243003296124394e-02,1.105829040785790730e-02,-1.520228472487139271e-01,1.702741979417836393e-01,2.116941354491364835e-01,2.861340134060699758e-01,-1.307891260370281084e-01,-1.320242654368625479e-01,8.048417936111408322e-01,8.085491247094329578e-03,-1.719418247015253032e-01,1.551668933981709686e-01,1.803112581153334948e-01,-5.058856972284568598e-02,8.373573795097720776e-03,1.273331171831868121e-03,-1.193748791641188051e-01,-3.458471236619250523e-03
8.294659330990500541e-05,4.720323172532232272e-05,4.158452914310981400e-04,3.410783010853797158e-03,-1.012644953597706052e-03,2.755968035457724997e-03,-3.857048017216996132e-03,-2.072517205391262093e-02,7.945751472320075615e-02,2.863452938913263468e-02,1.898453165864650849e-01,3.217517309247314161e-02,-2.593815803440664980e-01,1.916858477523643300e-01,-2.688032910083553578e-02,1.869297500222801556e-01,4.188566037690965027e-01,1.040205028875024473e-01,-5.075167611016720981e-01,4.110341747195310758e-01,-2.235731468890575779e-01,-1.990650290011539147e-02,-8.967274554975546152e-02,2.614907195156172537e-01,-2.504378859899528131e-01,1.051936654282557143e-01,-4.989182835534886930e-03,-3.220726706245851528e-02,-2.372238234023598541e-02,-2.538889822059654106e-02
4.935320399471323165e-05,2.497561936329216055e-05,1.037056531722043904e-04,1.328603130214239380e-03,-6.502270486808096753e-04,1.787752477894920559e-03,-1.867221643839630987e-03,-8.615127303183938226e-03,2.307127536038644858e-02,1.054922022552322661e-02,5.570290227680992079e-02,-4.517145062928457078e-02,-4.058183922717274739e-02,7.104784902051006212e-02,-7.217350283590125148e-02,3.299287681161230945e-01,-6.329106732278184412e-03,-3.361083941694246839e-03,-1.912610578922916971e-01,2.954971818913236237e-01,-8.436386667531887984e-02,6.483486368203993100e-02,1.159640871311079652e-01,-5.620924138709120221e-01,5.816510156635775752e-01,-2.610986806511554348e-01,-5.901625041214263526e-03,3.184613113508962673e-02,3.415590082315080739e-02,-4.507873265390327576e-04
4.675789145260280617e-06,-3.076371104225462651e-05,1.951494413323006044e-04,1.135599791661988725e-03,-5.842216053244150527e-04,9.364812463898272363e-04,-1.144289835294757564e-03,-1.052170953382604301e-02,1.969854141062544681e-02,5.452757106981301338e-03,5.300640017372650059e-02,-7.038508668905267551e-02,1.432043118164844087e-01,3.436286215470320538e-01,4.457053905669740301e-02,9.544209529722239016e-02,2.802175482962158959e-02,6.428385566126455508e-01,5.685880905612609171e-01,2.518481974002869661e-01,-1.557212640201357523e-01,5.357388421801685674e-02,-5.795712642275211574e-02,1.504922767376874922e-02,-6.640639277112798944e-02,-7.349584677561850354e-02,-6.807101003029379996e-03,1.717175990054782206e-02,1.353077196055911188e-02,-1.526516661694782111e-02
-2.760279630656218526e-06,-1.438976830217256630e-05,6.489390379833997796e-05,2.155709355015450425e-04,-9.485615857488973845e-05,-3.723527609768061207e-05,-2.083954015548140036e-04,-3.370394721606122159e-03,8.306968201889785783e-03,5.372614473780011266e-03,2.082796200680445478e-02,-1.501344847065845360e-02,1.021767097283451074e-02,7.072429745449654130e-03,-1.924104745980903877e-02,3.825914483011640804e-02,4.298686146445374057e-02,5.955469257743815220e-02,-4.940616152351579027e-02,-5.307852051912669011e-02,9.593857689895476937e-02,-2.413773607290189693e-01,9.481803993567013839e-03,-2.610935668680134519e-02,-8.338163754918244408e-02,-3.900368313612669058e-02,2.745872620948748566e-02,1.629825309629889252e-01,9.311068580442243281e-01,1.249008830849860224e-01
3.246498235075641033e-04,2.871789684188933291e-04,6.606377133057759338e-03,2.976030461356328743e-03,-6.234571809314834500e-04,5.171983307174108854e-03,1.324274262125240721e-02,-6.490842405000535331e-02,-8.356974015057024030e-02,-2.813674435100463420e-03,1.232413488187073664e-01,1.973762391445073663e-02,-1.700894201624018609e-01,4.931934404524251359e-01,-7.583674234033314088e-01,-2.237800301362846134e-01,-1.914440696809295572e-01,-1.830687464668732112e-01,6.244736012300352440e-02,-1.056164492321708462e-02,2.802079370918255513e-02,-1.210014873798883478e-02,-1.471278654479468359e-02,6.072205314263308742e-03,-7.144346709743776107e-03,8.130621591480211366e-03,-1.505445856765241655e-03,3.502931109605419285e-03,7.335615175935255271e-03,-6.812776299334936600e-03
-3.833923137897964924e-05,9.041849977920229844e-04,5.039856124521896810e-03,1.446157227150487654e-02,4.182909797788105649e-02,2.123255443358436356e-02,-6.563468264127271523e-02,-6.013413972477260616e-01,1.360194256405755364e-01,-7.742809365793273946e-01,1.017147155002067899e-01,-1.523438016527794113e-02,3.016764561849850229e-02,-3.395727792595842204e-02,2.764148278934063646e-02,5.485102775380228286e-03,-8.946839078199070316e-03,-4.979554305902218238e-03,-1.528301651127707988e-04,-5.640407229716109042e-03,7.748767024615877850e-04,-2.016965445570353087e-03,2.906014494348316355e-03,5.006447877992617652e-03,3.713509234827621144e-03,2.750592846810538412e-03,-3.619091058406871740e-04,-5.980452133112834157e-04,-6.800688347436829569e-04,-2.296883540252902308e-04
2.336369805593954858e-03,3.275524086618887554e-03,4.763767442387552287e-02,4.757729232513598777e-02,-1.765493131087183393e-02,-7.002327862705774730e-02,1.445037955562376297e-01,-7.445487408274694685e-01,-3.977760453586459133e-01,4.954479949355482526e-01,-1.927060606449302813e-02,6.151773463353304994e-02,2.553826023340722076e-02,-3.262463479883637163e-02,6.637614954490375641e-02,2.047563970141473219e-02,7.613686223601608301e-03,1.713057745724003503e-02,-1.336856655335286019e-02,3.722139603566871572e-03,-6.385558395570535041e-03,9.830284461073500023e-04,2.108477811564464597e-03,2.765261297443862704e-03,6.472780553003373806e-04,6.119598331439339697e-04,7.770353020143844246e-05,2.759193935025293799e-03,-1.586845987947275560e-03,1.035356376267057305e-03
5.554516291013304047e-02,9.004470967519354052e-02,9.896657798447088261e-01,7.560173029586848836e-02,-8.389184845133837096e-03,2.592834672877216903e-02,-2.485962053333806016e-02,4.098820213566389120e-02,1.549151809983122588e-02,-1.893972452086946021e-02,-2.321854196253099207e-03,-1.255322682641503125e-03,2.153558172153517865e-04,-1.438375647461327808e-03,1.825840863044467070e-03,5.197917980621004786e-04,6.637660630199239018e-04,2.633235665611952428e-04,2.198333876403245509e-04,-8.808582877789709431e-05,1.564988194726304376e-04,-3.145401501054660552e-05,-2.156485932014809166e-05,-1.272310401881876051e-04,6.745110076273587126e-05,-5.911489906074241592e-05,7.325307273868408248e-06,-1.117408918621298406e-04,4.040012837936390167e-05,-1.440876217252383271e-06
-6.460861948070567457e-07,3.556199983276898861e-06,4.589044719034496490e-05,-2.917601281366412089e-05,7.163277716761213328e-05,8.265831907935994630e-05,1.751681852291485212e-04,-1.207212265221013162e-03,1.754618256236797295e-03,2.672855940299275829e-05,3.482628967025165872e-03,-3.557971014321571323e-03,-2.379841235215142663e-03,8.183506082151939878e-03,-1.568121246529109378e-02,2.164421458756999109e-02,-6.829801692040019835e-03,1.772481995986135983e-02,-2.332392351432942962e-02,-6.104107222848834807e-02,-7.813334179168371363e-02,7.739794620948234338e-02,-1.760115441396558067e-01,1.722605731538031639e-03,3.161559952245880222e-03,-8.554025026353664907e-02,5.909724045758737998e-02,-2.200389382894556156e-01,-6.987324264580933864e-02,9.419954778183624589e-01
5.515936144698729998e-06,1.068018966055790504e-05,1.248145482736093216e-04,1.031956792779995620e-03,-2.047053413966358005e-04,5.032229776359189435e-04,4.914250347784205730e-04,-9.431056111490983274e-03,2.151586388165694155e-02,9.088112646614300918e-03,4.275224370660123119e-02,3.933346769833339501e-02,3.374240323458184421e-02,-2.905201232817528068e-02,-5.244818007092469370e-02,-4.572439887118771862e-02,2.906381161676468983e-01,-4.180219759862840306e-02,7.792636772131336653e-02,-1.478290442153022688e-01,-4.739230217944707252e-02,2.209133304202616499e-01,-5.790662848385933481e-01,-5.242435665362475961e-01,-1.082309458002946867e-01,4.329137143893391770e-01,-6.066169402500850433e-02,5.789665809266170138e-02,4.825143810005921158e-02,-7.304077261291969103e-02
9.008224472372145027e-06,2.298298902461497727e-05,2.236496776744025688e-04,1.003752127770093450e-03,-2.410084501363189192e-04,8.223255412588657961e-04,1.155376821773430179e-04,-1.307831285270093236e-02,2.895991938085669404e-02,8.730203959648031795e-03,8.219132534002626667e-02,1.168179259960059890e-01,-1.818230048526856268e-01,1.102906716259044739e-01,2.901908705174399260e-03,-7.216917451370730152e-02,6.831735398828434613e-01,-7.019961584864964355e-02,2.333502309138246467e-01,-4.354914892926311509e-01,-1.414731029321330824e-01,-2.254782988411127911e-02,3.444164397017652757e-01,1.690555950829822351e-02,1.790063626699819332e-01,-1.485026924596850040e-01,-4.753277353182884524e-02,1.097618984755302091e-01,-4.461306291458703999e-02,4.985491142773720852e-02
3.398079389043463172e-06,4.631221949675278929e-06,4.308380849435946766e-05,2.391054100122445424e-04,-1.397973163886840134e-04,5.419714127564453747e-04,4.729923831846510971e-04,-3.987634123716772387e-03,1.262935532068580136e-03,3.371632762935311122e-03,1.001552131251367064e-02,1.364643543209378973e-02,-1.585951439200527016e-02,1.164942830269270237e-02,-1.196607723618007234e-02,6.898146877661393006e-02,8.687935797231911839e-02,-4.590891908810108835e-02,7.847220802798529626e-02,-7.108495192487605807e-02,4.862069577395456213e-03,1.624737067301710441e-02,-9.384264405693646446e-04,-2.036014867025853076e-02,1.308186987803852501e-02,-5.761372826314653528e-02,2.144202096579400293e-03,-9.414424215321710587e-01,1.915050575021380042e-01,-2.152728576090604529e-01
-8.282486310034122511e-07,2.012620540803743190e-05,1.183372956190780742e-04,2.296532517193765896e-04,-4.150870240469642814e-05,-7.682255350279432930e-06,6.258681627120402579e-04,-5.383367807649974690e-03,5.691806359651543565e-03,4.580960742298441677e-05,1.013202024832430236e-02,-1.238819113053886596e-02,4.338141354591982385e-02,6.419092412207068332e-02,5.036557010691836145e-02,-4.156879503752534261e-02,4.447795240218242740e-02,-9.640945202295972405e-02,-8.017750380706550883e-02,-6.062412667070397193e-02,8.218113879078993433e-02,1.783681117163557206e-01,-1.470156270910504270e-01,-2.350993016843497541e-01,-5.181750155256622525e-01,-7.545401417492411111e-01,2.877390411891657136e-03,6.265794900353367780e-02,-4.619845802163585757e-02,-9.316224194375963275e-02
7.870030968839956392e-08,4.483562146164917054e-07,2.466138015619447402e-05,7.908313535175838093e-05,-1.741709414105563090e-05,1.036770895985156900e-04,2.702029521091047452e-05,-1.510914341044686552e-03,2.534930987404219061e-03,8.252054911999048316e-04,7.297846972754725922e-03,4.497023646146820243e-03,-4.119340348116944973e-03,4.601758212421861415e-03,-8.312014397395357454e-03,9.359463953747579985e-04,5.039604589537444862e-02,5.105826728835007045e-03,1.724455134258205680e-02,-3.188251258204796712e-02,-2.913354542838575423e-02,-9.862821044335209897e-02,-2.823817783831196124e-02,-5.943479286208123297e-02,-4.734091108615233294e-03,1.902502566612676929e-02,9.869532790730884964e-01,1.306689445196629329e-02,-5.053469910810121785e-02,-6.194743398995528755e-02
7.230588746430004210e-03,-2.949169047798092923e-03,-9.875193316642135247e-03,6.874463327583464622e-02,-3.660274162545015114e-02,6.557918756520737802e-02,-4.952275606428542531e-02,2.268582685549027644e-01,-7.710251185365651905e-01,-2.338357007791183606e-01,4.802055552332750166e-01,-1.967292853226909888e-01,-2.373544558965465581e-02,-9.720566999048739498e-02,7.733183989765442246e-02,-1.633619449289711034e-02,1.992508348407230623e-02,1.576138899085679709e-02,5.874500491872361799e-03,-1.705746093506312240e-03,-2.951206716228559155e-03,1.003186559425892944e-02,2.970923042478852347e-03,-5.901771359768659408e-03,7.756999328621006374e-04,-1.070760448996396324e-04,3.143795997003790300e-04,-1.738801630733511966e-03,-3.471919948086969569e-04,5.868731544308314211e-04
2.856141484473177696e-03,-1.180048228501068101e-02,-3.257818968495063139e-02,4.168069075433614712e-01,7.010916218166269864e-01,-1.396505279156023405e-01,-5.514230223572323952e-01,-1.336534740720768909e-02,-2.494631669427101531e-02,8.929032602760866855e-02,-3.278995941415759063e-02,1.518001656811916863e-03,-5.251927902074296321e-03,4.427859300404816609e-03,-7.344742250321520914e-03,-1.954796049798694646e-03,1.989954891133242660e-03,5.993384307920845950e-05,8.119172130186783250e-04,1.303446167486741261e-03,6.561404554461572856e-04,2.642150912511324543e-04,-4.342512678560721479e-04,-4.844168271181560756e-04,-6.980293886376972949e-04,-4.941688005179149931e-04,6.337336267397858142e-05,-5.759017799879014840e-05,1.396066002932091479e-04,1.214247279461429750e-04
4.995980898657221420e-02,-1.981589878061167098e-02,-5.072025247733772529e-02,7.519734379715191652e-01,-4.264982648657001940e-01,-4.667090894134230394e-01,1.352180891227993675e-01,5.028460408578876162e-02,5.602302972430987793e-02,-6.720548433703353586e-02,-2.757193682843002425e-02,2.448508368755167742e-03,-4.373557471269642373e-03,6.028387031105542256e-03,-7.994733036155315248e-03,1.120437217666467701e-03,1.868983522572071531e-05,7.687681646979448397e-05,-1.509992930940745322e-04,-3.558414573549355231e-04,9.715093532985812118e-04,-7.668540416401016047e-04,-5.604816999239271283e-04,-1.874634029018335229e-04,-1.592179729941360709e-04,-9.086717618874669354e-05,-4.207313414591717498e-05,-2.107766893524007129e-04,1.783334023901954186e-05,-1.168509989686533033e-04
8.430442187111063523e-01,-5.351053220543977584e-01,4.508200345425343245e-03,-4.559215620381708300e-02,1.599763846250668031e-02,2.281088994811460158e-02,-3.604799903559157727e-03,-4.404509511611605539e-03,3.024787601998799470e-03,3.946195873235817421e-03,-2.210480868362332905e-03,1.126628279121580411e-03,3.517176096367241123e-04,2.987243966712745981e-04,-6.539262323582399215e-05,4.105812945628625234e-05,-7.927967156369589976e-05,-7.871314704709858146e-05,-4.924194920183641236e-05,2.389035724203952563e-05,-3.294474425349734744e-05,-2.852335111569679403e-05,8.951928123184797447e-06,3.985849496670015087e-05,-4.762805648802593899e-06,1.487852949106888652e-06,-6.397393957106617666e-07,1.755515895855158326e-05,-3.218943018062440396e-07,2.431145480140325960e-06
5.924227992366832889e-06,-8.203625750965079489e-05,5.055133659035916562e-05,6.984635897056764046e-04,6.973717278336709520e-05,-7.269217347803598765e-04,-4.223655275817855305e-03,2.513288378862789038e-03,1.576991825438923620e-02,1.305663776863691047e-02,5.038668924095539986e-02,-5.559332744288603134e-02,3.878006853350633026e-02,6.705408283915280376e-02,-7.687294504164765563e-02,3.413043029484405522e-01,-2.487878714673613101e-01,2.322350592736178720e-01,-2.503191178376307779e-01,-5.974061406535976504e-01,-3.952346800029356566e-01,9.389472179009891728e-02,-2.494570156755945567e-01,2.182384300337527339e-01,1.436874220463021934e-01,-1.020114640139141715e-01,-6.918669343382676147e-03,5.649851976462264697e-02,2.234063980396294724e-02,-1.430760288105506761e-01
9.400462284567036059e-05,-3.581087834753556584e-04,-1.555707654126482775e-04,1.111831944537372031e-02,-2.532432735330604825e-03,-7.513101793116480805e-03,-1.064686866367164399e-02,-2.136890801579255893e-03,1.669802878777733868e-01,1.084511854376945111e-01,4.099039711875701597e-01,2.000227798392927303e-01,6.548971450210113732e-01,-3.513698527400225258e-01,-3.396316805143375084e-01,-6.384403371307946495e-02,1.053526497291300962e-01,-1.379632938505838922e-02,-2.200468455552226019e-02,1.003741939751725543e-01,-1.736003222681231917e-01,7.994772808587431723e-02,1.188580661933721500e-01,7.216233217540900247e-02,-1.506314901041146473e-02,-4.283633487937058698e-02,8.078779756068764362e-03,-2.596562154103649721e-03,1.954491545896748159e-02,4.035117808037559130e-03
1.666815979040442127e-04,-3.447730823733854435e-04,-3.057809591723697476e-04,1.127210326923492288e-02,-2.275860195243938414e-03,-6.783855323832410633e-03,-1.780132654702297132e-02,-5.417909363724130074e-03,2.021857998599536632e-01,1.009055047151721368e-01,5.594959127206746707e-01,5.672193070461779563e-01,-3.317115992476210029e-01,4.536646673202944513e-02,2.792240764920450036e-01,-8.724120779808430814e-02,-2.916405644464671321e-01,6.703737415591180804e-02,5.400247102172810176e-02,-5.371314405550923349e-02,1.163885373823109054e-01,1.943245838361539607e-02,-2.948795142027930277e-02,-6.693521496951541916e-02,3.389024542031602444e-02,1.348262932546453118e-04,6.749700472549850783e-03,-5.745342552915355498e-03,1.100145372932143789e-02,1.211933983775962493e-03
7.499468352171205683e-05,-9.737840849048435990e-05,-1.770428507628114129e-04,2.969245068445012375e-03,-1.337443806172868704e-03,-1.480575395741099429e-04,-4.582270126729439709e-03,-3.940363127280140099e-04,2.855669998768147963e-02,2.702136697049085934e-02,1.155064211670992075e-01,1.686989581029319993e-02,5.009724086039529789e-03,3.190426966733089786e-02,-1.839089987309396740e-02,7.295710544757273430e-01,-2.231246848109572425e-02,-4.878423137728715719e-01,3.821272776414594841e-01,5.206799722716291823e-02,7.595463172622614334e-02,-2.869437842643013034e-02,-3.911454114604424881e-02,1.308849212525934336e-01,-1.615435561127568920e-01,6.318452030444492162e-02,5.401425448599550799e-04,8.536686307646980387e-02,-1.989210664729913064e-02,2.992325055138259082e-02
1.166072586476839422e-05,-1.997560127585095704e-04,-1.347421473334697026e-04,3.438685284384410037e-03,-1.194832259817452114e-03,-6.271395948100426214e-03,-7.593849102082208744e-03,5.727034840992746567e-03,3.871006612201316477e-02,3.005705802682226424e-02,1.306093315236944996e-01,-9.712232474960076634e-02,4.977614030776369991e-01,6.437720476440597084e-01,4.064042171594015596e-01,-1.148148890485741619e-01,4.362959560433554403e-04,-2.637706146531144102e-01,-1.785394239405906081e-01,-7.169195460414405641e-02,4.878580824422094203e-02,-3.498009953549820888e-02,2.764623725607067220e-02,3.320841870230896182e-03,8.408995807407376732e-02,1.080303888805342477e-01,2.693805919329783811e-03,-2.017077628981623141e-02,3.774833283668320747e-05,1.678527062262430078e-02
1.452771254777933694e-06,-6.079174405983754116e-05,2.380734517424600174e-05,9.172102445395055158e-04,-1.190978583890181519e-04,-1.031194788558939968e-03,-2.022089745898921105e-03,-8.645567824131647960e-04,1.947748267055686086e-02,1.488253921478822038e-02,6.288415785386394785e-02,1.275898830793755802e-02,6.794942391681481342e-02,-3.084215149137973719e-02,-4.336588869573346217e-02,2.982084249030399203e-02,1.210680765243992048e-02,6.524306086631277701e-02,-6.944861230274407271e-03,-7.028283385104831804e-02,-7.648136772218203094e-02,-9.026235764495230685e-01,-1.617484639423500958e-01,-2.099792107483878789e-01,-8.002999308077270169e-02,-6.403187977367254258e-02,-1.239818019148688638e-01,-5.354802354981612333e-02,-2.407523161390787703e-01,2.791422208910533838e-03
