5.075863552297499304e-03,-1.012135361326087050e-02,8.349537102686120649e-03,4.228929504243340853e-02,-2.637591149581014482e-02,1.328848425679571288e-01,1.447242208633285621e-02,-1.017957523314567403e-01,3.460089196110904264e-01,1.855941634776687443e-01,-4.024120257583113092e-01,7.252039914061982895e-01,2.390269174253808471e-01,6.864399213831939850e-02,-1.673548784314793092e-01,-1.138868045627081521e-01,7.008767240539418020e-02,8.478994136326684083e-02,-9.014967220159332550e-02,1.025780250128366898e-02,5.566308871836055799e-02,1.056527447597438440e-02,-1.444607064686516396e-02,1.800763569162945610e-02,-2.463977606773264453e-04,-1.164260599995537056e-02,4.609742470567245874e-04,3.083901236118429499e-03,4.274853456213491797e-03,2.482427076346700712e-04
2.549954890914490728e-03,1.171457371437395912e-03,3.580527238060824107e-03,2.331653770619973864e-01,5.149244814171001217e-01,7.589351298430310755e-02,-8.145939105571688987e-01,-3.801336470425876329e-02,-5.564654911289572924e-03,9.126214382688214999e-02,3.569572019891158188e-02,2.264618949648109858e-04,2.466504039665636666e-03,5.138597137865381394e-03,3.179713384820260537e-03,-3.868525885791738832e-03,-1.961548730363831070e-03,-2.835794035964675020e-04,-4.007178090763297831e-04,7.816507532022281797e-04,-6.740167613418179783e-04,1.741374868701742933e-04,-1.695181606416194039e-04,-2.665762009148249420e-05,-1.893739926168456770e-05,-1.002560639550981181e-03,3.180571203815534340e-05,2.527355115659193712e-04,8.205128417336855675e-05,2.730864286897274548e-04
3.494640388693590061e-02,-7.027236418371628213e-02,3.236801567950430003e-02,3.878165816263385302e-01,-2.167047929977480025e-01,8.671682798013747862e-01,4.218499422443902636e-02,1.231309363159861087e-01,-1.145467273608685443e-01,-6.796484012568554389e-02,-1.571946603739676372e-03,-8.303993338884292641e-02,-2.718943480633217308e-02,-4.560633924977430288e-03,1.270710978080379430e-02,1.853949701624940660e-02,-1.481659089808065599e-02,-1.400716898674263244e-02,9.891549473232405867e-03,-3.330241239703065834e-04,-7.993391766333571985e-03,-3.645901927986148865e-03,1.351134258905761776e-03,-3.224319671468688607e-03,3.774594360235590204e-04,1.074089470593744822e-03,-1.094126391734320119e-04,-4.977937254325016762e-04,-5.034396104086531504e-04,3.663762110304599425e-04
5.113540777238436696e-01,-8.543594339811405591e-01,-3.359530573751015603e-02,-5.714364510253983065e-02,3.649318143410997667e-02,-5.282689870440374080e-02,2.413502574218997533e-03,-6.549804580990080914e-03,3.119970358837164965e-03,-1.978042980932300779e-04,3.153902477668178543e-03,-1.225418075086251272e-03,-1.223667399841134274e-04,-3.650228978093054185e-04,5.685738424265249745e-04,-1.375964599993602566e-05,1.105461543827796400e-04,6.301186047641236946e-05,1.838281046460887532e-04,-9.161592117333645870e-05,2.834517087980096794e-05,1.006213958938965747e-04,1.050120170684018848e-05,1.136851949835925958e-05,-2.811602970528398167e-05,2.920015724931371030e-05,2.707588932242645933e-06,3.707533113379219850e-06,-9.079382409746701769e-06,-2.241719818649287095e-05
4.517549779668934737e-06,7.022404818429283283e-06,-1.767359893881641100e-04,4.550161436615070970e-04,-2.452668168600618029e-04,3.221255821171619652e-04,1.735279614406983351e-03,2.650704180940068305e-03,-8.132306546420853613e-03,-4.129873547698613076e-03,2.891715664244758413e-02,-4.899364814747084185e-02,4.555886262933249269e-03,2.989696419431578725e-02,-8.959287308691292473e-02,-1.776150682816630133e-01,-1.612444562841267026e-01,2.143850839167198707e-01,-2.455398186778733338e-01,-1.403209938444008875e-01,-2.599679075847125681e-02,2.217674518511927040e-01,4.591637500222177648e-01,-5.366185652668254980e-01,-4.864536626544846976e-01,-4.709154974075480116e-02,-4.099800959840410944e-03,-1.209699822280602133e-01,2.487091516328172533e-02,-3.833184983654706890e-02
4.176361719202957324e-05,-4.053612333037176642e-05,-4.712631790486503406e-04,3.438435864332887049e-03,-1.383239565289417139e-03,1.389272791044895592e-03,-3.488967097026363551e-04,1.951063286648005782e-02,-5.615754654229801468e-02,-3.879746328486335244e-02,1.166773865689027939e-01,-9.410116803889329029e-02,1.022354738935166152e-01,-2.046934663682566796e-02,-9.325022738572820435e-02,-1.462339723994706964e-01,2.626139919687920377e-01,2.008893883714302220e-01,-1.042418332930929031e-01,-3.481700850143318315e-01,6.160588356220334516e-01,4.529372620452311593e-01,-1.685098362148579887e-01,2.351511040974434974e-01,1.281972276197924747e-02,-6.445954009913387739e-02,-5.692963470386655511e-03,1.313841383558774986e-02,9.111325940978955151e-02,-9.441920839452394576e-02
8.386568212514732544e-05,-1.392630344865407235e-04,-8.438397761190138740e-04,3.673047920489853208e-03,-1.087322401354206105e-03,-3.645064215773689440e-04,8.194221005548218365e-04,1.733022275871607537e-02,-7.662599844500579682e-02,-5.893606773970125334e-02,1.719484770155048081e-01,2.841294859341781179e-02,-1.941893005867833255e-01,1.481632468359171673e-01,-1.193008117117793920e-01,-1.624760469861623591e-01,6.246060017997092650e-01,1.796936043404152583e-01,-3.575718686360971899e-01,3.664243067413622268e-01,-2.200531935149767915e-01,-1.131103252323384240e-01,-2.392181459190700354e-01,1.503315419355836027e-02,-2.373707209878397895e-01,-8.830089450610178678e-03,-2.020045094920695588e-04,1.147116646954788027e-03,-3.882324953773387891e-03,4.134607154476798753e-03
4.852230808188202091e-05,-8.133795733043264360e-05,-3.321553023384035469e-04,1.356660968533992357e-03,-5.154190097615098847e-04,4.383875369346971595e-04,1.099147951551999059e-03,7.926334094295033744e-03,-1.933485080272151144e-02,-1.813660173307650100e-02,5.158058465423906447e-02,-5.466379543437970001e-02,-3.437460660316490196e-02,7.856608047030468056e-02,-1.042663650989701096e-01,-2.971954610941722197e-01,1.590957084661527854e-01,4.712798347159540685e-02,-1.051421544377141720e-01,2.253741031472186185e-01,9.266502761387974962e-02,-1.786750777398711174e-02,5.862084488458509934e-01,-2.731159475232333017e-02,6.648365826780062715e-01,1.338339652787299237e-02,5.325459420655510477e-04,1.860593241129702285e-02,-6.484807767139252714e-03,-4.222250168299452461e-02
9.503049300145368654e-06,6.157712640430671826e-06,-4.024156564118536801e-04,1.199788553252478362e-03,-4.416147029271902001e-04,1.451111346393338213e-04,1.308717480055375916e-03,7.467930023073234523e-03,-1.574215249703950562e-02,-1.795133951788245932e-02,4.509537201874112833e-02,-5.146802376141097063e-02,1.162678883117894968e-01,3.198172929743798298e-01,-8.616282246438752845e-02,-1.436646758782437854e-02,4.233268812403319196e-03,7.075159029913768993e-01,5.786054974219632108e-01,-1.412672983727345476e-02,-1.329072839406922057e-01,-6.657011177951173420e-02,-5.325574381299012783e-03,1.884352925002661869e-02,5.435267839515094297e-03,1.098871044260201213e-01,1.907847158742963494e-03,2.374592215608121309e-02,4.180380153117076343e-03,2.251011907949172428e-02
-2.343357346920625230e-06,1.513487822482461911e-05,-9.151379935832619744e-05,2.309866508370843135e-04,-1.176233322621378152e-04,-2.261541696164675761e-04,-1.315688191883976560e-04,3.898723560028850323e-03,-7.781057184194199901e-03,-6.463624862381952586e-03,1.810356719982720089e-02,-1.894670221141032257e-02,1.098637702704511297e-02,-1.544689071954388543e-03,-5.794885594023869643e-03,-3.432457711751597806e-02,3.660047517983985171e-02,5.211854301851791965e-02,-5.696062743960014774e-02,-9.888846217617945633e-02,2.146991373903719968e-01,-1.479228079266096119e-01,1.441429448179980082e-02,-4.839615751071668637e-02,-2.189348542123751434e-02,-1.915043883437271555e-02,-8.150093519905940095e-03,4.045192013661259856e-02,-6.989873283965601924e-01,6.473966525775995962e-01
2.927597606621429403e-04,4.543433739752939936e-04,-8.350130187653124689e-03,3.600654240188237796e-03,1.189551018007781500e-04,-6.791302719133331806e-03,-7.965439999746458735e-03,5.502328355735762455e-02,9.126111603717483589e-02,-4.474781792943925696e-02,1.026848954824430837e-01,-8.829244178214831762e-02,-6.318439415642761181e-02,3.654447854901245879e-02,-9.234565547268472896e-01,2.691864690270933669e-01,-6.373719131537952665e-02,-1.608898748259228184e-01,4.093446522505722607e-02,-4.934882904761994649e-02,-1.850860207236624958e-03,-4.543504736117341680e-02,-1.387305425373071624e-02,-1.570674077319397788e-02,1.392381077150324324e-02,-2.412975040131198901e-02,-2.336695420106670983e-03,1.339309999206216191e-02,-4.276428700226721745e-03,-1.717291823435391617e-03
2.776576509963183228e-05,-7.654488099409310084e-04,-1.449717982857116894e-02,1.481192009347602825e-02,4.894911436009554556e-02,7.665589928341867351e-03,1.250567583343881184e-01,4.122392310037650276e-01,-9.657951393044100427e-03,8.526573653806768238e-01,2.891490945742586360e-01,6.183634843004679436e-03,1.217306712872668912e-03,1.219158570177421470e-02,1.496555241134905033e-02,-3.704588397764053444e-03,-1.115677371388959331e-02,-1.045813456527691122e-02,7.394240699557838581e-03,7.249295842442077253e-03,-4.042259117989633992e-04,1.500660378560989753e-04,-3.961693297107281991e-03,2.433205980527062293e-05,1.084616722689208225e-03,-4.483929700551172841e-03,3.191852751391109448e-05,1.446192917251513683e-03,4.320950550701500620e-04,1.754802907313390403e-03
2.086811055179207605e-03,1.578070020205716217e-03,-6.220192215208583675e-02,5.297325001132704297e-02,-8.669742868948730058e-03,-1.336196762108873837e-01,-9.092439705934440841e-02,8.683800399475003484e-01,2.381944220047712835e-01,-3.629246207398175161e-01,-1.254680925039285688e-01,5.669257090539030208e-02,1.991367457333367841e-02,-4.809659241047978435e-03,6.413744515336709806e-02,-2.090321846965539909e-02,-2.943740152739462382e-03,1.768059824059077870e-02,-1.410590990567891362e-02,1.042549733678705196e-02,4.796021821929070082e-04,3.503968259651676995e-03,-1.800337067540678506e-03,3.299268012897920853e-04,-1.037524557120176553e-03,-7.583294491130460925e-04,1.355254519015998275e-04,-1.659666722688532244e-03,3.013154272250447539e-03,1.301454580779791079e-03
5.018760310963080867e-02,6.508370159915599640e-02,-9.923135233481875650e-01,5.231870368442274183e-02,1.664781601510686992e-02,2.781971280417136136e-02,2.774255138054568248e-02,-6.220053025328482754e-02,-8.506015581938138753e-03,6.269481309008183983e-03,1.921717124770291408e-03,-6.538879951115458139e-04,3.721876193180124071e-04,-6.150551132221539685e-04,3.854116022800592456e-03,-9.026810779087313455e-04,1.648000461749898242e-04,1.737719277086044629e-04,3.619016138092878243e-04,7.334505082210760016e-05,2.885939203362461979e-04,1.137270722380723936e-04,9.946325194242680698e-05,1.515347362669257193e-05,-4.468813125954432025e-05,1.422114117679135464e-04,1.724863451365446642e-05,-1.166038598790699301e-05,-9.544710964073360835e-05,-5.145110200116658617e-05
-8.323238769038640496e-07,1.179802371226681622e-06,-8.991772562382239445e-05,-3.704310727900468083e-05,8.247389802910643506e-05,-4.400965685473686719e-05,7.197547031869807277e-06,5.232638510438310502e-04,-1.028158259832982757e-03,7.027044474393969072e-04,4.925375448518143698e-03,-4.730422277668519006e-03,-1.378739661333847739e-04,7.918140166280355965e-04,-2.110470261476784723e-02,-2.081637768959367432e-02,-2.142746701061418874e-02,2.595433888111338405e-02,-3.131560631160788810e-02,-4.498816293002032285e-02,-4.170083151186534942e-02,-4.836968702836898226e-02,-2.580559852969614709e-02,1.660680711434272261e-01,6.234253978995638046e-02,5.751260930152703177e-02,-1.839892132443611550e-01,-9.588571139002423083e-01,-2.279830009705914942e-02,4.047973749837643215e-02
6.618121051990627504e-06,-2.622135713607702382e-05,-3.527833036786606280e-04,1.044988742347989670e-03,-1.502580297626679266e-04,-7.960855388623342896e-05,-5.127963577134489644e-04,9.207094995303055987e-03,-1.971087840334642335e-02,-1.220784661035575862e-02,4.074600058372680744e-02,3.853618865035229185e-02,6.278013710421463667e-02,-4.780708757116856195e-02,2.445061328694425606e-02,6.672039770010219917e-02,2.181777403303568619e-01,-4.568106255333605203e-02,2.573931965175307174e-02,-3.396731735019100085e-01,-1.981757769672553571e-01,-2.330034289828608607e-01,4.966554257056288169e-01,5.585023413091598776e-01,-2.794768644143029168e-01,-2.548184824348224131e-01,-1.159266315311025808e-01,9.855610051227912949e-02,2.895804234450111841e-02,-6.291092861968960483e-03
1.035855510625703703e-05,-4.236943964608054822e-05,-4.845955121654977205e-04,1.140393111006510370e-03,-1.190656495604051646e-04,-4.011546517461698385e-05,-8.880711397290360016e-04,1.029358978019083784e-02,-2.835973134806248769e-02,-2.375619771494984211e-02,7.178877546378364949e-02,1.380407086034489972e-01,-1.021978527119493663e-01,4.539764731678361254e-02,6.265444397833411228e-02,7.328471312393811110e-02,3.599614837952104796e-01,-9.504673577675540330e-02,2.694331316593483183e-02,-6.566563071414396324e-01,-3.194175883167522101e-01,6.448492561611421760e-04,-1.052812866896741389e-01,-3.892947981043013983e-01,3.100547017681697937e-01,7.488818291604880384e-02,1.878480186631040563e-02,-1.207840997860545364e-02,8.827188805720198594e-02,8.536735993765454111e-02
3.588011095677980319e-06,-1.380401874512665008e-05,-1.359922192605107706e-04,2.759007261887041519e-04,-5.492248656070923774e-05,1.536061222350975925e-04,-3.249995547263230056e-04,4.568841293109401902e-03,-1.701839652134458760e-03,-2.966504846310822653e-03,7.696447380384495961e-03,1.691494890437728049e-02,-6.768017554891960809e-03,7.398219492847204169e-03,-2.798943002035033951e-03,-6.894730410242395913e-02,3.836427622191353193e-02,-4.757524260690109558e-02,5.422406650141389090e-02,-1.002472680205658551e-01,-6.873415977970605273e-02,-9.276515447188193528e-04,-3.856888944707766859e-02,-1.826471814030697013e-02,-5.822158244568203384e-03,7.470863594237671379e-02,-5.160013518509070501e-02,3.030431199925730582e-03,-6.723696257776117235e-01,-7.149268549945868578e-01
-9.382155184674144197e-07,-5.851104344150953406e-06,-2.427989189429493927e-04,1.679334180008401243e-04,3.354323113704038898e-05,-1.976070111268264098e-04,-5.149679230274440463e-04,4.296805894406945971e-03,-1.466378570318672015e-03,-6.790792401402767717e-04,1.065052552408735607e-02,1.896536365086021192e-03,4.266788608879718003e-02,7.921768755285682473e-02,-6.298555351752765756e-03,4.597440006714995087e-02,3.685696466964468593e-02,-1.105697117039026595e-01,-9.608108700527830115e-02,-4.468540834860555699e-02,-8.942129426870190287e-03,9.372430981718476994e-02,1.616611957110634934e-01,1.913378886796192335e-01,-1.363964671079478386e-01,9.294103216053882788e-01,3.002870551063154328e-02,6.866274084914011921e-02,2.022383984829867476e-02,6.897940575151911835e-02
9.521830173028944615e-08,-1.209377790631928001e-06,-4.863881810763619862e-05,7.810943676686882731e-05,-6.915343027404055896e-06,2.134223088528949437e-05,-1.840532332924939057e-04,1.639520497143665424e-03,-2.142345907106382123e-03,-9.476786581990288925e-04,4.996686975922329244e-03,3.118224666660456067e-04,3.099241238712802538e-03,-8.318992953698105611e-03,7.839064248610898983e-04,4.311368588321704172e-03,2.995273415733765501e-02,4.730348428111832114e-03,2.421434571322840252e-03,-5.309421875044036121e-02,4.033037782161254248e-02,-1.238712394972562303e-01,5.295418198056724840e-02,6.809737828235476464e-02,-3.797839348590344860e-02,-3.253632745354551742e-02,9.671470938815233120e-01,-1.749959462190247006e-01,-2.306502853024456137e-02,-5.179026405980225595e-02
7.205472763704492967e-03,-6.894077231733627270e-04,1.161896462879175376e-02,7.482033747590877137e-02,-3.554648966352641493e-02,7.301322361708618980e-02,2.165011197944825827e-02,-1.824133109833735722e-01,8.501910268063259668e-01,-5.039234337529368418e-02,4.274789210830751696e-01,-1.510110062819634280e-01,-4.727720570008114853e-02,-4.386670582448855965e-02,1.342363693062537666e-01,-3.671258250007520488e-03,1.513696857840575102e-02,1.145691565477954636e-02,1.448734661575944854e-02,3.398163398521619402e-03,-9.145525896814615460e-03,7.865550685773088288e-03,3.549670812248445582e-03,1.448066448069725226e-03,-3.083570708083730860e-03,4.837823578383726973e-03,1.659217542300250598e-04,-1.435264754438594177e-03,-7.017594452666499815e-04,3.913791716630689267e-04
3.776810562890188690e-03,9.023379376737059726e-03,4.771162587486153794e-02,3.805359625408811786e-01,7.289572841464447839e-01,-2.369208670563646701e-02,5.539662558409266246e-01,-9.430421764467782075e-03,-8.216938551777194051e-04,-1.081030048668377569e-01,-4.667098067615378654e-02,-1.655425946179224462e-03,-2.047863954538578848e-03,-3.630313906583477156e-03,-3.335610512279352756e-03,2.813717100185342528e-03,2.233963879981834197e-03,7.600406784827149105e-04,-1.732165850068543634e-04,-1.082092437738743250e-03,7.480173097781209245e-04,-9.824386208896580754e-05,3.475799560012916801e-04,-1.121146703799211350e-04,-1.016579910224382180e-04,9.007652330453623990e-04,-2.361719634880066012e-05,-2.425293751736129694e-04,-1.226996590329072247e-04,-2.718694883033279976e-04
4.989689942430598768e-02,-1.339776108118241604e-02,2.935409475161640871e-02,7.952506231237934653e-01,-3.878460022117862227e-01,-4.434786033799859584e-01,-4.772474795228289629e-02,-8.431676248295624787e-02,-4.929094603403847558e-02,6.757047920854158951e-02,-2.152789124379540439e-02,1.907639513482164810e-03,-2.846352723198174867e-03,2.656176645466268652e-03,-8.800531952328674579e-03,4.367327089627303250e-04,1.233310939418176544e-03,-1.186813593291394659e-04,-5.727139779905140429e-05,-1.860334355694612815e-03,5.213825597454708159e-04,-3.630981431843907344e-04,1.247090489395486228e-04,1.569533494705078569e-04,1.879510517104844764e-04,4.140526868718266544e-05,-1.364110802557507473e-05,1.723064709710626593e-04,-2.187845398564245087e-04,-1.032308061103730050e-04
8.556776896287884293e-01,5.104187469173739888e-01,7.503080991490279628e-02,-3.452298545788656109e-02,4.406687049069131848e-03,1.918845677459762172e-02,-2.076125231855081420e-03,7.586849037152577566e-03,-3.540649211855771087e-03,-9.380551944095285449e-04,-1.731805197607044983e-03,7.817638711154586192e-04,2.680127788093013730e-04,2.300562769550813130e-04,-5.205629117851096749e-04,2.520054405740219708e-05,-9.862060874824019887e-05,-6.211297541358534236e-05,-9.123492463649322684e-05,4.023017088652273228e-05,-5.089390057925880454e-06,-3.281761942264420010e-05,-1.556523437260315038e-05,-8.854102349096463088e-06,1.211940152082015486e-05,-2.909662327046438088e-05,-1.711981929799847353e-06,8.241751252924610579e-07,1.334504519437304132e-05,3.996611596022271161e-06
6.484476489696089211e-06,6.949702964528525230e-05,3.084150528470425997e-05,8.414670533309125339e-04,-9.798023851911032654e-05,-8.764761700813678827e-04,3.650378690976591178e-03,-3.016636592925523840e-03,-1.225719127277511040e-02,-1.543206174109189831e-02,5.413171807954125087e-02,-6.678440333172698529e-02,7.411965245747090605e-03,1.843013672342447631e-02,-9.767699669570306664e-02,-3.347483468792871175e-01,-4.808057508253621992e-01,2.678547135045016292e-01,-4.793426624237511202e-01,-2.516308626259146086e-01,-3.075974652207075777e-01,-1.080244706666602938e-01,-2.308539181645413996e-01,2.528837900948145978e-01,1.791947678065928806e-01,1.331538332007376098e-02,2.840201037729083583e-02,1.316410566624989231e-01,9.306068797229796741e-03,1.255795295920998818e-02
1.051603961761946092e-04,1.334085258682128877e-04,9.250112950352270408e-04,1.211689471002504702e-02,-3.508022361614447984e-03,-6.883432518944067498e-03,2.165863844587577469e-03,1.557611671582016452e-02,-1.538890245496677411e-01,-1.352132795353963302e-01,3.848221706616198889e-01,1.105672699752076743e-01,7.519062849810733695e-01,-4.145638011082536378e-01,-5.070552899157074189e-02,1.358028795940745444e-02,5.960055389540837995e-02,1.145323020262519094e-02,-6.857636585569105644e-03,1.213450378143981490e-01,-1.577049878443987918e-01,1.413372286932564927e-02,-2.945442810126838382e-02,-9.517896026761914208e-02,4.479083894521443399e-02,2.655892232116757040e-02,1.418228473707426260e-02,-1.106391228904391247e-02,-2.024528310336199191e-02,1.971416027661359802e-02
1.779983058406296357e-04,-6.695865916940700549e-06,7.719694923969014182e-04,1.332239125131443741e-02,-3.221171954269594871e-03,-8.294146679408451878e-03,2.861897212636747585e-03,1.292383402132180927e-02,-2.007826112861020307e-01,-2.057660919105833430e-01,5.542193991806960707e-01,6.108079294710238027e-01,-3.522332404933972150e-01,8.599103435042543264e-02,6.063074600674506209e-02,1.076738639216044263e-01,-2.412285433997883033e-01,2.702317163738211792e-02,4.097067721375179106e-02,3.646112796773350734e-02,1.322794974307175409e-01,4.890632313345701088e-02,6.531948020920408382e-02,5.916373001923034419e-02,1.986725820211880135e-03,-1.124091824136797153e-02,-1.390977775103172890e-03,-7.705068178251726126e-04,-1.047254949976207487e-02,-1.037174459247051754e-02
7.563787940879026258e-05,-4.355311876470357150e-05,2.184185809451821326e-04,3.527617984044314602e-03,-1.249913584862226206e-03,-8.803516620029905402e-04,2.790207035668488839e-03,5.428883831365065131e-03,-2.859535865307824901e-02,-4.914251896444189055e-02,1.005965361370984579e-01,2.568973037599057291e-02,6.962963209632437242e-03,9.271846175351308728e-02,-1.165135736108205422e-01,-7.615730575950371284e-01,-2.365794505864744768e-02,-4.151072571172622072e-01,3.962254184463002704e-01,-4.211922955512897165e-02,-2.460876536744176224e-02,-3.437717811665337575e-02,-9.882732151292035472e-02,4.938871636511880589e-03,-1.691712083958413215e-01,4.798986973310640294e-03,3.576701285140670029e-03,-5.066545485821838911e-03,6.520550579534574454e-02,8.699632172720950241e-02
2.144204102537017957e-05,1.274550708054644700e-04,3.763546224595357603e-04,3.413564452431454722e-03,-1.334736136472822188e-03,-4.730681033291455999e-03,5.553142998539934393e-03,-4.354089152006355642e-03,-1.959679422925978201e-02,-5.575967275109503657e-02,1.202236734193836559e-01,-6.206277845756222322e-02,4.043513066758300245e-01,8.117471930564337246e-01,1.126482292326778933e-01,1.479319901375288349e-01,-6.186968947574458116e-02,-2.554702352359316531e-01,-1.778390985042913319e-01,-2.771129973055554748e-03,4.491643109599457312e-02,-7.507116285148120703e-03,-1.766860990480944096e-02,-1.911740013577433589e-02,8.054078373265525365e-03,-1.298220821905530509e-01,-9.974364968527008914e-04,-1.598186596105807475e-02,-5.802048863751226547e-03,-2.051863755825465360e-02
3.017558274070146784e-06,4.550108080858363056e-05,1.068421627757536961e-04,1.046517015232995701e-03,-3.114344946863092500e-04,-9.663032677491480019e-04,-2.118538211505988176e-04,3.806213560617856522e-03,-1.712584268320482481e-02,-1.538103726607577965e-02,5.170255903674454007e-02,-1.130573565351798010e-02,5.642263949129067840e-02,-4.681019349794259682e-02,1.528327567085860025e-02,-4.293648837401552176e-02,2.562449651160107452e-04,7.455977200931533655e-02,-8.291563245527644455e-02,-1.292738811140828614e-01,4.546374465591582203e-01,-7.795630982263979103e-01,-4.344090063937661866e-02,-2.072613338026636776e-01,-5.584279627118508144e-02,1.341107876785586628e-01,-1.107675242401861271e-01,1.013776619095322143e-02,1.879136298239059699e-01,-1.789095137196666241e-01
