5.465623260481583534e-03,7.605618923421856963e-03,1.164270858399049993e-02,-2.266615917213852735e-02,-4.205101157051417682e-02,1.289831909496627627e-01,-4.358254211417458834e-02,8.608066061212574227e-02,-3.651672441608526110e-01,-1.193404731954156167e-01,-3.788519300238156751e-01,-7.010624669300131728e-01,3.059034276049725776e-01,1.841861602018702443e-02,-2.112115377653006887e-01,-1.510198673283708048e-01,-5.526660701204401394e-02,1.056266132086845361e-01,6.960750383558046359e-03,9.043323169775623060e-02,-6.174063545553365451e-02,-1.504185073558050867e-02,-1.474047107713196032e-02,2.839091382118147724e-02,-2.256752066919731365e-03,-7.987887463215303727e-03,3.281844536619353894e-03,-2.330277643785025245e-03,-4.089298999010430695e-03,-2.700809632163726510e-03
1.995202530257163005e-03,-2.850532662524114368e-03,2.021213552872832154e-03,-4.430130265464075068e-01,3.407024688288978753e-01,2.235790084563419877e-01,7.904722540796068619e-01,8.017868774468014936e-02,-1.077238829058625030e-02,-7.597092771432699398e-02,1.950322046123707798e-02,3.395070834977113958e-03,3.357170289958759293e-03,-4.402363506216787088e-04,8.163223435727602270e-03,-4.387807308085450025e-03,1.214550827229559380e-03,-3.547129550445784975e-04,9.079285156464398385e-04,-1.313637373666086232e-03,-3.074577807948378227e-05,-2.438202714751247491e-04,7.439507615844485585e-04,3.338167358148828910e-04,-1.527760060629032200e-04,-8.280848193159568577e-04,1.576050684916456297e-04,-4.274530862731939807e-05,-1.130467900326939700e-04,-7.990256985953329502e-05
3.746174227190417899e-02,4.909344129894382264e-02,6.267447036610487854e-02,-2.588463697972641087e-01,-3.866459716773033017e-01,8.325375144616955492e-01,-1.962365848894095377e-01,-6.741732166337931209e-02,1.550604050146759672e-01,9.411803048719019626e-02,-1.972541447060376096e-03,6.786324357834203069e-02,-2.522839651604640021e-02,1.440443942276231669e-03,1.844433770669673747e-02,2.089976467387109904e-02,1.258122775406903850e-02,-1.311721582035077494e-02,1.121207626930866312e-03,-1.416544800096672906e-02,1.027946237847710345e-02,-5.258605566382339429e-04,3.013676913472397405e-03,-3.621294172124666678e-03,-3.354808252899992970e-04,7.495452763854494735e-04,8.656424245451305676e-05,5.064176532974239706e-04,8.100815328608030469e-04,6.497934405955174990e-04
5.437498055364975436e-01,8.312525398422554446e-01,9.200904326764185182e-02,1.832332414647993776e-02,4.057873505541221421e-02,-5.273448578019784144e-02,8.559476434531865241e-03,1.260688988008729994e-03,-5.127418743943678268e-03,-2.371369910350938637e-03,3.715162696829552112e-03,2.116537657211202059e-03,-1.035152595505153122e-03,-1.276924607938422071e-04,4.058362986608696579e-04,1.527277869962066640e-04,-8.614134748919076998e-05,-1.554402310539457948e-04,-1.258601381300041163e-04,-1.918205358068870414e-05,-5.796126334456380312e-05,1.251789492031618579e-04,-5.169021805675415796e-06,-3.166098555613111593e-05,3.547225961671169578e-05,6.311229659673275932e-06,-2.693552272606467555e-05,-6.303744727102581229e-06,-8.534982925206752505e-06,-1.367553658068740101e-05
2.256222773755547053e-06,-2.841693019812311819e-05,-1.181450169304781660e-04,-2.479502576170235077e-04,-4.574022766380281138e-04,2.985408640429719073e-04,-1.409273680516289319e-03,-2.300447204114124209e-03,6.766651600060443437e-03,4.552053841508921055e-03,2.371862037786327815e-02,5.016006870985154770e-02,4.134527396900848813e-03,5.926223264642378752e-02,-1.805047077109797615e-02,-2.910501260082339892e-01,7.068170051758847217e-02,3.033322737411641712e-01,-5.648630819844920221e-03,-1.230616687915393331e-01,-4.605905809736590695e-02,6.613586908729268687e-02,1.141526124405607828e-01,-6.721696575832759590e-01,5.556986582646396000e-01,-7.589177343989984836e-02,-6.860814935969497541e-02,1.570197636763100146e-02,-3.619309191954186294e-02,6.274783709853640201e-02
3.716991022098313578e-05,-8.675939321664408784e-05,-3.004647875264390960e-04,-2.891842571969142125e-03,-3.259062545486831990e-03,2.358462912043400247e-04,1.476983720358243614e-03,-1.698012664905235516e-02,5.951947483702118430e-02,2.363735010981649065e-02,1.206168251575257810e-01,1.208350744365824792e-01,4.423745601684803130e-02,1.346475889161064627e-03,-1.025891958777729041e-01,-1.580108918661287942e-01,-1.784723344818863189e-01,2.590387452517780575e-01,-1.156246118030673092e-01,9.573860884279326855e-02,-8.192233194137713559e-01,2.247085291641995886e-01,1.272972309896035770e-01,2.077424362317163709e-01,-8.779493933838924957e-02,-2.789151608948114633e-02,-3.587069420991269991e-02,-2.255842138471541442e-02,-1.274196912267053505e-01,9.330903668706654920e-04
7.802830364419814277e-05,-1.866848528354264758e-05,-5.164114917856549910e-04,-3.232839088049784416e-03,-2.779744872147354995e-03,9.638648717691105804e-05,1.712875618644053074e-03,-2.315101081922372669e-02,7.946781274040327914e-02,1.983084738706908379e-02,1.969534760297462772e-01,-8.424899705821292661e-02,-2.189777655889496577e-01,2.064943044654536097e-01,1.647508491678005213e-02,-1.205506127237708086e-01,-3.935741057391085040e-01,2.804721508564991805e-01,2.725214637837373166e-01,5.797379831528707284e-01,2.562801049238554452e-01,-6.258195217496868856e-02,-7.756191539354327213e-04,2.407275218888633717e-01,2.618777468671718567e-01,-1.093043348671536921e-02,-1.525861816812740940e-02,-5.187820295976583625e-03,-1.667205850153316224e-02,-2.716424129537114637e-02
4.802763785098054290e-05,-8.671989684323597077e-07,-1.489252628113539795e-04,-1.125548002697142076e-03,-1.261080840452521090e-03,1.214891463874917272e-03,-2.989639234458299120e-04,-9.305783936485085422e-03,2.158908452173472631e-02,8.253215066142061823e-03,5.500332689435667027e-02,4.316535077235317958e-02,-4.887282793891890853e-02,9.967701366251538464e-02,-2.059852407210790298e-02,-3.253531406779127666e-01,-2.401591225456703102e-02,-1.199435599735772413e-02,8.158125071806686390e-02,2.968809489605162555e-01,-3.527929320814302602e-03,7.220321901302327594e-02,-4.187099232257812109e-01,-4.786550177241383763e-01,-6.069927390264612255e-01,3.391543155771833962e-02,-6.745790361520037637e-03,1.646471993685631003e-03,3.202040502403842581e-02,-7.095320347420624833e-03
2.735650266185790881e-06,-6.279803399851547360e-05,-1.894422431598018707e-04,-7.662354867903400099e-04,-9.478815876202581437e-04,1.744443862301397748e-04,1.020763939249559691e-03,-9.240992934337886530e-03,1.118480477471235982e-02,4.372473378808607730e-03,5.380614375550298728e-02,5.234656764720267697e-02,1.397573771004281817e-01,3.111682936209868577e-01,-5.024654013098808422e-03,-6.994995324461093789e-03,-3.925007640787413904e-02,9.819931212058512215e-02,-8.850218965064379217e-01,1.607534353317351117e-01,1.789046338587559071e-01,-6.876614710061129676e-02,-6.399011689594474861e-02,3.212797404916468980e-02,2.842630995243984604e-02,1.143436830697168449e-01,3.820784302290737566e-02,-3.085044604330702128e-03,1.307316010829472422e-02,5.101704603895724534e-03
-3.751409627698829786e-06,-2.155792892053429798e-05,-7.578752111824794393e-05,-2.087758970149052452e-04,-2.442427742055058404e-04,-3.468760642909773581e-04,2.121243156079731095e-04,-3.281847808665600257e-03,8.897016750359351689e-03,3.772888045279424157e-03,2.260384892470621368e-02,1.903631960901394291e-02,1.579197101922377288e-03,1.890180395749293564e-03,-5.663886279546233304e-03,-2.830380074116233338e-02,-5.741849663634558676e-02,6.156078251543314200e-02,1.260651164563741412e-02,-1.425325434205577078e-02,-1.810435122925728446e-01,-2.239175900276570985e-01,2.983335439214744155e-03,-1.299419427727488766e-02,4.172242075660147209e-02,-3.069085195690098716e-02,2.741247685979416038e-01,8.701598442856059434e-02,9.042014251045411566e-01,-6.827618229542842254e-02
3.413415306471191788e-04,1.327168831972814849e-04,-6.719942575391573379e-03,-2.708018429506109468e-03,-2.970939021261709105e-03,8.038245499530987173e-03,1.225176089470795399e-02,-6.712051614611934391e-02,-9.380584329703688107e-02,2.250111353253421431e-02,1.195977209479840153e-01,2.258956039213774053e-02,-3.406976411699758067e-01,3.120721920938896443e-01,-8.201560780273884355e-01,1.100677178006072843e-01,2.489885392665025232e-01,-6.551111500770935570e-02,3.854589321604346558e-02,-4.221494868222277347e-02,-6.328408432534453343e-03,-3.525560316916396403e-02,3.714511867144183743e-02,9.994492254035005491e-03,-4.824030402572116252e-03,-2.071461950077588612e-02,6.334800564475217242e-03,6.889842705874509206e-03,1.226506588461368213e-03,-2.254390503397280237e-03
-8.158014314909887228e-05,4.814187819710001094e-04,-5.938678938607245064e-03,-3.406675961101265221e-02,3.328731297306164461e-02,2.890578974691127706e-02,-5.283479631114280234e-02,-6.377136620772891895e-01,-2.059919687110518122e-02,-7.604892737234080213e-01,7.801333426539970584e-02,2.427545535680476069e-02,1.940004223018657048e-02,-1.136098232594740659e-02,3.520422265228919517e-02,-5.752076557812106465e-03,6.371263970785761947e-03,-4.186322581050098794e-03,4.825625111878722485e-03,-6.911473873936111421e-03,-1.232569649854649079e-04,6.513937416350699819e-04,2.456960936083843906e-03,2.589464803582375210e-03,-8.398884049188450962e-04,-4.994369679635696051e-03,-7.874262755321714119e-05,1.048452703445157657e-04,-7.791863923347100386e-04,5.601433399523891220e-05
2.537357948080149611e-03,2.478402625693377093e-03,-4.836726861487688350e-02,-4.463983009449363354e-02,-4.998103708542642881e-02,-7.525010986184917094e-02,1.465853687075777678e-01,-7.276833130524970050e-01,-2.445056536453082685e-01,6.033713894480320361e-01,-3.273100789519739484e-02,-5.657701699217567576e-02,5.429847532324089815e-02,-4.254994307996728259e-02,5.738628385676756982e-02,-8.092606106131317728e-03,-4.585951596310961983e-03,1.121487615999508004e-02,-3.611361080654202390e-04,8.582083624926573062e-03,4.944112763898230768e-03,-8.696897781668697959e-04,1.107372849782331872e-03,-1.130826913341470953e-03,-1.309625705911209286e-03,-4.420959488520810414e-04,5.469055521575978381e-04,-7.656376306027413590e-04,-8.150127219769457256e-04,1.666743660644993833e-03
5.613431025897056004e-02,7.839370050293299752e-02,-9.908046382753690207e-01,-5.459467753912813914e-02,-4.827127537059187207e-02,2.725069424172224530e-02,-2.132162920783233287e-02,4.198423514511262500e-02,1.045862021134672491e-02,-2.489800366303455623e-02,-1.594911364312466984e-03,4.091478491383030249e-04,5.816059511416010394e-04,-1.573951447707529823e-04,2.188570256377064469e-03,-4.489116047865949620e-04,-1.177316058300738018e-03,-8.996091749928192521e-05,-1.947232697559981912e-04,-1.293480490800085262e-04,-2.077651693759102703e-04,1.481839938574625829e-04,-2.591919683194726523e-04,2.788048222392374334e-05,2.342225796835177890e-05,7.136664433947835973e-05,-4.521587607862946156e-05,-8.270411567960868007e-06,3.250631576887855738e-05,-5.548575521081092210e-05
-8.759786663886461037e-07,2.849295230297003883e-06,-4.339673741628529097e-05,-2.048215837884879113e-05,8.343481719096737536e-05,8.111773648180624807e-05,3.109567846430342846e-04,-1.315171550446798563e-03,1.183812980044277518e-03,5.445085329011629472e-04,3.872463158695436600e-03,3.185194590556480153e-03,-5.038172756716494637e-03,6.376253251565573189e-03,-1.741263054438365113e-02,-3.816178245043606865e-02,-1.258419236921247061e-02,5.189344772171128328e-02,4.455091742530898312e-03,-7.592111043552637883e-02,3.282997542612588887e-02,4.144756419218595389e-02,-1.115407149786507290e-01,1.283926835089491680e-01,-1.745427599811609845e-02,9.000626922411762709e-02,-5.872506493551142848e-01,3.311073896687710683e-02,2.463079715218294274e-01,7.367196476354499479e-01
4.988516322432744358e-06,3.184201609283779283e-07,-1.474855574453346721e-04,-9.418140461349180622e-04,-8.423525916640224511e-04,2.048777439994438506e-04,2.935073315401584473e-03,-1.086369982511181144e-02,1.887950688507753980e-02,7.151951785496350397e-03,4.803778617039415610e-02,-1.969580223126175811e-02,1.753090695695148568e-02,-4.581009423397603558e-02,-1.070400719548123547e-01,1.116971796895950830e-01,-2.845762412854734302e-01,-9.081763952855312350e-02,-3.414129380627269061e-02,-2.348801457496990375e-01,-7.857660524891584009e-02,1.362534252526576839e-01,-7.851891053270818599e-01,8.274770079587978611e-02,3.089282049442776956e-01,-2.253992629922986213e-01,1.100254907607807475e-01,1.202719728265263383e-01,-5.976593894967321269e-02,-1.924215134294879337e-02
7.046132509298020337e-06,1.726119258841849591e-05,-2.539448955877316675e-04,-9.766452866103577865e-04,-9.362343245081371397e-04,1.009611757606757867e-04,3.276948957543033159e-03,-1.633757761208995754e-02,2.757800609371248088e-02,5.864847774592544909e-03,9.616457736886359353e-02,-1.564593340984741510e-01,-1.318549212121060132e-01,8.542809813921914408e-02,-7.492796102403170844e-02,1.530515937045934527e-01,-7.206734091044989521e-01,-6.085471784204032723e-03,-4.649613903631318046e-02,-3.987646511458065590e-01,1.047987912988167791e-01,3.929546206019225718e-02,2.963848831541729956e-01,-2.304910184418442198e-01,-2.477022545454088676e-01,4.460813601575426557e-02,6.957219254383652240e-02,4.460774137287575047e-02,-2.598880169579830673e-02,8.089786601386345088e-02
3.890426190115322245e-06,6.029334400558974278e-06,-5.493741677196891185e-05,-2.201819072422956237e-04,-2.879012924557096268e-04,5.367658741001413636e-04,7.578612483688790388e-04,-5.066260551686725330e-03,2.885940680462098160e-03,2.938351658268549115e-03,1.181653233225618028e-02,-1.523015075057005709e-02,-1.020288535328309036e-02,1.641184726387515461e-02,-2.779358611520416772e-02,-4.737076220925134917e-02,-1.071723529170014594e-01,-7.305368097115380599e-02,-3.673223924788520528e-02,-1.076077100957658905e-01,1.656948502804654610e-02,6.042511084112825448e-02,-3.498768214914296792e-02,1.110465959579629361e-02,2.985422715251954962e-02,7.550656756793011626e-02,-6.993626714437457537e-01,-1.093534384197117348e-01,1.887536721057457845e-01,-6.464390582041281696e-01
-1.089707727670668295e-06,1.565383159123152871e-05,-1.259360311226034315e-04,-1.529789182281406697e-04,-1.203901536126684746e-04,6.759894962952045809e-05,1.143386709260324876e-03,-4.828312590885280343e-03,-2.105263337322319395e-03,-7.753786294967509110e-04,9.576599973815229719e-03,3.173711340471882959e-03,5.295909352401138165e-02,7.700469070435589369e-02,-1.056885220815599255e-02,4.251480271342003570e-02,-7.486788289661667345e-03,-1.556003704679252003e-02,1.407485667910556848e-01,-5.971346026166742676e-02,-7.971269378448518628e-02,1.130855162763538396e-01,-1.424322539676198263e-01,-1.354934969260059713e-02,1.508503477976675389e-01,9.392637447379863502e-01,1.429791851206646813e-01,-3.276613690681860064e-03,-8.951079999745099880e-03,-2.053752229561623885e-02
-1.634438168725939252e-07,8.641365451774422798e-08,-2.953183011384480543e-05,-7.114556145150823451e-05,-7.615577293133722538e-05,1.401922443585125119e-04,3.401527463311296339e-04,-1.844084808757352279e-03,3.016071415366277340e-03,6.975739215573173793e-04,8.721689473345697191e-03,-2.838244486480515777e-03,-7.668300140219417964e-03,1.622772079922645298e-04,-1.554271637518135976e-02,2.016897372600985963e-02,-6.199418166271978420e-02,-6.466780759823960792e-03,5.455156630174363280e-03,-4.983067072225628308e-02,-3.079637613159475970e-02,-1.040852195817954240e-01,-9.383890388751763012e-02,-2.347628632461147211e-02,3.665923102553379082e-02,-2.970643217982678677e-02,8.449465158700825151e-02,-9.756297909004779667e-01,3.679310760341694686e-02,9.531860111932353996e-02
7.379421973864663982e-03,-3.294769668984295387e-03,9.701480220003229349e-03,-3.959428442767332773e-02,-5.568429801881166069e-02,1.008820904428737175e-01,-7.531183687313874886e-02,1.815201103094822577e-01,-8.309149593288409630e-01,-6.559273328153195082e-02,4.327803328808895178e-01,1.845601738280546467e-01,-6.206253343455615801e-02,-7.615423543064163414e-02,1.381301766018263322e-01,2.158748481498901084e-02,-2.483930432359679127e-02,-9.441442361016261567e-03,-1.212793681653408402e-02,7.414475875477895056e-05,5.619651185046676579e-03,1.197991538134790361e-02,-3.066997813862059035e-03,-4.678112170415631155e-03,2.825791672272115820e-03,4.283028779891498959e-03,-2.515654794660178353e-03,-5.716601293484856834e-04,3.836027885222403726e-04,4.631622277040109014e-04
2.425744208308825995e-03,-1.436498503735951504e-02,1.716857784705517684e-02,-6.654601266615863819e-01,4.913414371441828798e-01,-1.194276840476150153e-01,-5.396746205451912193e-01,-1.521724571489110195e-02,8.234797356689065734e-03,9.353830853393621525e-02,-2.378858660595960586e-02,-4.526945092929622431e-03,-2.993005391828586041e-03,1.674930272042704157e-03,-8.102107483236425586e-03,2.871677340524150975e-03,-1.586794699624200682e-03,4.911772196518561420e-04,-1.024350952550541092e-03,1.321608494647331499e-03,-3.426568599710190857e-04,2.106757373823105441e-05,-5.353752603770671730e-04,-4.954161980528946560e-04,1.870624307322433762e-04,8.038910016424063087e-04,-6.955326227309839744e-05,1.908531349534920836e-05,1.375395339802701019e-04,2.922365232841464476e-05
5.135660442572014678e-02,-2.411423717497879204e-02,5.443587283144992600e-02,-5.324728632977770992e-01,-6.921829598612359025e-01,-4.524082397919242937e-01,1.130651642184871269e-01,6.583821086228698605e-02,1.389361111876046342e-02,-9.094811227202638515e-02,-2.721289711747139697e-02,-5.655193685057940804e-05,-8.018029738947446070e-03,7.740932183726809655e-03,-6.686824576331127853e-03,-1.724618595348185925e-03,-1.159708267223513896e-03,6.345912425639321525e-04,2.613410045271569260e-05,-2.967856508424615613e-04,-1.280610408533454196e-03,-4.401285942260720193e-04,-6.896601902220884407e-04,4.647534991101922902e-04,2.574945829835887973e-04,-9.758554427830789743e-05,-2.094985440194288491e-05,3.069778743329780056e-05,5.329417866710518733e-05,-2.111679623047498888e-04
8.348912507347374667e-01,-5.473498012080209030e-01,4.651526037565685925e-04,3.973328807549848796e-02,3.542978058352647813e-02,2.129568977999318075e-02,-2.115884284746407176e-03,-4.802490006837921259e-03,5.267674565002935030e-03,3.923931439869506564e-03,-2.015499667487941245e-03,-1.206537866090632086e-03,7.583077759118262741e-04,1.080578616943388067e-04,-4.866499268859624276e-04,-4.163476136301057565e-05,1.528695197418281917e-04,5.838629991988677717e-05,7.907862661526496978e-05,1.302948132272970294e-05,2.021585972969575519e-05,-4.724606560632932368e-05,4.121435378926992276e-05,2.924162319834536771e-06,-2.325904861163270295e-05,-1.158236050737683845e-05,1.489575405687387453e-05,2.318769669621326322e-06,-4.390471582861009177e-06,6.193820784023526237e-06
1.899588316209072465e-06,-1.035849714094894580e-04,-7.058929330290344690e-05,-5.321109095752532504e-04,-1.654447752182597266e-04,-1.867488869120361881e-03,-3.698894410872107918e-03,2.542800792647997594e-03,1.086775825251812093e-02,1.205605663693836045e-02,5.174284375042598194e-02,7.330098789764727396e-02,1.677185333175548049e-02,6.368057063201400247e-02,-8.606044142498681451e-03,-4.552732107159408459e-01,1.282781496277876077e-01,5.181778900845623870e-01,7.112822664020011787e-02,-4.895086426799864499e-01,2.671692343867768660e-01,-1.119458812209051662e-02,-8.094925960512848462e-02,3.338917009963544569e-01,-1.929921912938946105e-01,8.815386131235086742e-03,1.170905981570725396e-01,-1.043452613875160868e-02,-2.986352766387977489e-02,-9.359821257952836981e-02
9.571907029267272033e-05,-5.047885089991485403e-04,1.308124655431261918e-04,-9.611596040143197822e-03,-8.518743947492336821e-03,-1.631338830442936871e-02,-1.185987201846180964e-04,2.417207699016672880e-03,1.583789512856825232e-01,3.879502475576696724e-02,4.134399568762628929e-01,5.393229611098765419e-02,5.936791962156039437e-01,-4.637218101214259924e-01,-4.019793142813253839e-01,2.404617757628244035e-02,-5.602823485957653810e-02,4.903983434261056928e-02,2.767129801050425761e-02,1.179406940979722540e-01,2.005267868709853796e-01,2.885682507556674645e-02,6.629402685075337642e-02,-4.282972091665668279e-02,-1.992902887431427170e-02,2.497957783581197105e-02,4.653348399332705868e-04,-1.162234176704676075e-02,2.871429647930752796e-02,-5.780279617771676192e-04
1.567083971542726354e-04,-4.810002295360844577e-04,1.180062375633583028e-04,-1.050161968539540906e-02,-8.359846805100174666e-03,-1.679394573154104064e-02,-3.206725404021487820e-03,-6.467404289527819636e-03,2.099775747675218240e-01,4.938055666092474455e-02,6.039608303454661042e-01,-6.275471268241440415e-01,-1.640016352646839481e-01,3.168370516243851354e-02,2.251643107689864087e-01,6.528443433976406640e-02,2.894926279632881738e-01,-6.632262552733764020e-03,-6.752390302178735981e-02,-9.250050891615096971e-02,-1.049885751309092563e-01,2.954753061152184598e-02,-3.809856838760682096e-02,-2.442032429973675645e-02,-2.169730038346789555e-02,-5.072779503691705882e-03,-6.175626880075790921e-03,-3.813958479530039480e-03,6.739418226830311970e-03,-2.642143805046995655e-03
7.530711198742530345e-05,-1.353688725930976002e-04,8.356661207617956826e-05,-2.410030567952419107e-03,-2.672487656517745416e-03,-2.161788094567712593e-03,-3.342157504300227559e-03,-4.563080043331261063e-03,3.418040754064501779e-02,2.253673679509286473e-02,1.198551100751862053e-01,-8.971238904825665217e-03,4.446298998829326804e-02,8.557704092834680920e-02,-2.936610387145464560e-02,-6.666682636031812104e-01,-1.055966572438495205e-01,-6.633149795325706810e-01,-2.513307773263190673e-02,-6.397256200103923485e-02,-4.059736179176234167e-03,-3.209258618572892463e-02,1.307571831892332392e-01,1.468559283773122892e-01,1.506956729035523190e-01,-1.873818309152903549e-03,7.593024225427870422e-02,7.538745020484801697e-03,-1.941509733506585275e-02,6.881217257105701202e-02
8.164254911087592882e-06,-2.638206941314487765e-04,1.115903610821209163e-04,-2.065657650060667878e-03,-2.043127970524859314e-03,-6.398584101026560077e-03,-3.851006700517021694e-03,8.870011752050922099e-03,2.515341146644306004e-03,2.101859138140813391e-02,1.308042655264141374e-01,9.289587948917460425e-02,5.535510117261229768e-01,7.050845442881258363e-01,1.227565987799037889e-01,1.858134897836437038e-01,3.887490488055982824e-02,-5.778923459548846592e-02,2.897793338624489179e-01,-8.275993262978320608e-02,-4.967722815186095819e-02,1.551022323193883279e-02,2.292698130399621961e-02,-1.105939054444337807e-02,-2.828685164233166530e-02,-1.404091845661124549e-01,-3.100659087472240269e-02,1.013319896074623295e-03,-4.388923896418396521e-04,2.181678607910898099e-03
-3.697642824350568397e-08,-7.607795100064060595e-05,-4.309130265409521744e-05,-8.106815239095723543e-04,-6.608344041382104277e-04,-2.116475888723250848e-03,-3.616369091411769784e-04,-1.172365448368555040e-03,2.147119670821679566e-02,6.943718666050439393e-03,6.273705950082297811e-02,1.972576237891749198e-02,4.342589837362603733e-02,-3.671774781712865837e-02,-1.423870804381065919e-02,-1.511208834579218577e-02,-7.059629113244902943e-02,4.371478897404647290e-02,3.194213545890048356e-02,-6.725953594752559495e-02,-2.033505163585426490e-01,-9.095702724887331225e-01,-1.121241579406611899e-01,-5.385845104258099592e-02,-1.308176980565985484e-02,8.658209515996670436e-02,-1.345025814838048117e-01,9.944483773393195114e-02,-2.434416804254280198e-01,-9.074401886150765999e-04
