5.319076858948566626e-03,9.833292589618299051e-03,-7.433669035304340568e-03,-3.037658077995783468e-02,3.777027683046479262e-02,-1.362184186870484259e-01,5.710634659235417146e-03,-2.101497299588605261e-01,3.760682711824853697e-01,5.057900741846282910e-02,3.833563509010263215e-01,-7.589280862485141554e-01,-1.073749094503936297e-01,-6.849022387402398104e-02,-1.581194688799612003e-01,-5.816091917213941920e-02,-9.949505541788299101e-02,5.039432470640048400e-02,3.784279866794652749e-03,-8.076311033470551237e-02,-5.407741112649096932e-02,1.171617218122628264e-02,2.556489192476834801e-02,-2.154969337312365868e-02,3.104968210393334316e-03,-3.598290785033389613e-04,3.602256785143013833e-03,-3.260080669744761222e-03,-2.520222169899395681e-03,-1.533674622043906571e-04
2.126895388482615175e-03,-3.444342617246727665e-03,2.882172929012843943e-02,-3.729150662064384947e-01,-4.356614766823823093e-01,-9.451606484820526677e-02,-8.082585329753847470e-01,1.611485515751996320e-02,5.546898016645226276e-02,-5.880234241623924496e-02,-3.414764842711438819e-02,6.782759172368627368e-03,-5.173965875340630696e-03,-1.328388542511706140e-03,5.653348737957018290e-04,-5.615252507160786721e-03,1.135820038583164500e-03,5.558769025091356373e-04,-3.068934828110911057e-04,-9.613646927987024460e-04,7.038635640513396996e-04,-9.776605341873331626e-05,6.531235136023339763e-04,4.559477010318960569e-04,3.310074427884201033e-04,7.937703456079384925e-04,1.679204099416880766e-04,8.126900498011157593e-05,9.500702498063264109e-05,-6.420500036383568350e-05
3.665276175084806326e-02,6.608920101443729878e-02,-2.714781605340897686e-02,-3.065965042077846703e-01,3.327757516817662631e-01,-8.590056438024035179e-01,5.418573039298079513e-02,1.572214769923386268e-01,-1.230301165938232494e-01,2.482385465571665395e-02,1.449017975533149413e-02,7.872857639748141734e-02,8.737520248556666924e-03,2.710872478856775000e-03,1.566470552683137465e-02,1.389379594772045812e-02,1.626919670861405598e-02,-9.555098363243988424e-03,-3.741464113714825217e-03,1.005664989908099625e-02,8.768872195711945386e-03,-3.812079440213853553e-03,-3.179301398264662831e-03,2.981875868218907943e-03,2.635302175784019906e-05,2.853211452624696974e-04,-3.827547681613189113e-04,7.489380307004982326e-04,2.167118214130481137e-04,7.409787504813911086e-05
5.291060633345613384e-01,8.444096885576286571e-01,2.694774479945898429e-02,2.987613899463230707e-02,-4.537213744172365060e-02,5.692474930184777959e-02,2.986321063137480601e-03,-8.061439598027962325e-03,2.229714017799557229e-03,-3.709377643030231631e-04,-4.329516657844261103e-03,1.716623741142743768e-03,2.073510248865482130e-04,4.402705668466603607e-04,4.003323928004902561e-04,-2.307569915381591256e-04,5.063292975126779561e-05,1.141517104327412528e-04,1.249305569274214824e-04,1.567585039386848141e-04,-6.096265040954271513e-05,1.060001012532722070e-04,-1.443455356626185108e-05,2.618247519264059857e-05,-3.403243564675903932e-05,-9.249270315040234597e-06,-8.321385031802365595e-06,-6.711769619473768253e-06,7.723989833055494995e-06,-1.721496306150631783e-06
4.092152009825491471e-06,-3.482053020466136634e-05,9.860426588886979317e-05,-2.558188616231760692e-04,4.444882079089016737e-04,-6.492159868510833515e-04,1.957332251379557790e-03,5.701478723534325610e-03,-1.196652140852227583e-02,-2.466123766079771854e-03,-2.542680345761204677e-02,3.917062072102428516e-02,-3.120532937320415895e-02,-2.492191646866969215e-02,-2.591465804534143214e-01,-1.454282263491133709e-01,8.899291739416653746e-02,3.511292729040629834e-01,-1.543921709765961048e-01,-3.693612590567108694e-02,-8.499667475455835453e-02,6.525349122330838247e-02,-5.655394008819540907e-01,4.991730240548330477e-01,-3.968815992248325708e-01,1.555808663330827263e-02,3.429231507797687178e-02,-5.332021120288827493e-02,-9.497702881868974600e-02,5.588537359661183840e-03
4.180022003494484033e-05,-1.753752221883290627e-05,4.708394348997379901e-04,-2.818096714584132721e-03,2.442904274397284924e-03,-6.205003090745355625e-04,2.012670066509748487e-03,3.961641634380011490e-02,-6.625182583004761427e-02,-2.399652330575370845e-03,-1.068771442040477165e-01,7.253500005758457825e-02,-1.001948076158581391e-01,8.288098302206971246e-02,-1.771284105130902509e-01,-1.151282650801285917e-01,-2.669779915185750419e-01,2.838138681303143951e-01,6.323476094121069369e-02,4.796765102776353457e-02,-6.875758803907326966e-01,4.338097771283551674e-01,2.017560377521467885e-01,-1.760704281587823772e-01,7.419983653482105368e-02,3.274113055671070555e-02,7.301520698014613009e-02,-1.139662799592488646e-01,-1.012142991845568947e-02,-3.337165561071236790e-03
8.734975577138207525e-05,5.817991871472612069e-05,7.615261036600733634e-04,-3.362661093045825247e-03,2.045924368872235020e-03,1.592823296861820383e-04,3.996968853284624430e-03,4.038540355821431532e-02,-7.985861559155157940e-02,-1.893660056226188423e-02,-1.544573530758543700e-01,1.375770932478795859e-02,1.926125485351723732e-01,-7.889368417742877171e-02,-1.002674155259843103e-01,-1.492368095329189015e-01,-5.553254522865809228e-01,1.275093747087950070e-02,3.365844427502260455e-02,-6.384389137050298091e-01,1.904228665521552899e-01,-1.090546762612365911e-01,2.468347833507359423e-01,9.181718337442895672e-02,-2.343315320112477895e-01,2.627001705416822513e-02,2.366457360325888246e-03,-3.640787488451654313e-02,1.249932122588242635e-02,4.379485274017159459e-03
5.117272956865047152e-05,3.153944241450691604e-05,2.922203910927399979e-04,-1.127948428191825241e-03,7.563062974346709605e-04,-4.225359163968016828e-04,2.405705585007255915e-03,1.265108228727232151e-02,-2.312264389647595772e-02,-3.295443372606743533e-03,-4.784838066092439446e-02,4.603699324081048094e-02,2.831884857038384842e-02,-2.707502640001016939e-02,-2.042896593772557945e-01,-2.374094073475778999e-01,-1.143635292385396518e-01,-1.258251275746193887e-01,7.067544512226443809e-02,-2.691507543806624936e-01,-2.940798334340498019e-02,-7.910652842571926080e-02,-6.021425525457259065e-01,-2.754617511773827521e-01,5.769828209939912300e-01,-7.769399638243523754e-02,-2.976161116185379457e-02,5.469854703134667540e-02,1.528052511153293012e-02,-1.621158188983075343e-02
6.061627361060776472e-06,-3.729806442050978728e-05,3.388947704970065949e-04,-8.237257709734530260e-04,5.648249806831489575e-04,3.031365801256294119e-04,2.731181258538010938e-03,1.166990811707294823e-02,-1.911959157171903498e-02,1.131714725643782042e-04,-5.150438250677930041e-02,4.899472873906576820e-02,-2.037030220131064995e-01,-3.061184730401775300e-01,-1.933019966140340773e-01,4.624907897728310763e-02,-4.280562278661836917e-02,3.481925083241581009e-01,7.624043137914504609e-01,1.874415901629150338e-01,2.646181861378459899e-01,-6.437219014112539883e-02,1.601027291075534167e-02,-4.421007403231853178e-02,-9.877465431214879979e-03,-6.114199010767652070e-02,-1.039928846531953553e-03,5.112075003309709924e-03,-4.767973154556650467e-03,4.254864923926398706e-05
-2.983469494468301208e-06,-2.097131790098013358e-05,8.436461650672168460e-05,-1.790753594709941520e-04,1.646383789298489701e-04,1.434347287926747102e-04,2.272696870329432540e-04,6.249305740274283850e-03,-8.949312951143600578e-03,-9.618861005428301506e-04,-1.709732450393321168e-02,1.266122554342018376e-02,-1.488921444791170036e-02,1.259504450864634868e-02,-4.663549057635920508e-02,-1.118898786191067050e-02,-4.361467932380218293e-02,7.900850565890607524e-02,-6.300612638381700506e-03,2.208155909403327136e-02,-2.062572126036395503e-01,-1.560155220724721570e-01,3.572863909781844732e-02,-1.537734830887384045e-02,-1.031057684588145146e-01,1.255298700438442884e-03,-6.537557318358622194e-01,6.926696092840762820e-01,2.684663454732565298e-03,4.303134421477992216e-02
2.728193418741134825e-04,-5.443788877375066448e-04,9.325028072048985664e-03,-1.390523147197341184e-03,4.357076139513282203e-04,3.011473824474236900e-03,-1.368547797308516641e-03,2.851170169841943033e-02,5.349361508062477205e-02,8.178661238894344154e-02,-1.018634254496550567e-01,5.648420559874105240e-02,-3.113545500862787904e-02,5.032781399793214566e-02,-7.037237335631749691e-01,5.785299036807359796e-01,-1.352873998328316674e-01,-3.037073899157286538e-01,-1.228361655157690219e-01,1.074898415727607304e-01,5.098339205775820338e-02,2.752608448403821850e-02,1.912388346631393662e-02,2.189536744069482330e-02,-1.209702096957877490e-02,-1.948646551835633844e-02,1.735915555783237169e-02,1.374994744935427622e-02,4.048056688902267226e-03,1.116172103034333320e-02
-1.015378071521913034e-04,9.321705391897950948e-05,1.493761386953903342e-02,-1.847674801018483332e-02,-4.481047120812212126e-02,1.089266248269986533e-02,1.263912548654250734e-01,6.039475597687493647e-01,5.678812386170685178e-01,-5.310355929077239523e-01,-1.049685400554334347e-01,2.188136882577259440e-02,-1.201224641626318437e-02,4.189702266437473656e-03,1.193025758471622129e-02,-1.252972966273099321e-02,7.883734367361885584e-03,5.772592851149880395e-04,-1.012028728978414845e-03,4.112421233425365193e-04,2.510715486569082720e-04,2.317270417317210645e-04,3.900332420576026107e-03,4.024925304341290394e-03,4.097455364427250377e-03,4.770700934910577888e-03,1.406218321869395923e-04,-4.367641503042165229e-04,2.930780044353633196e-04,-3.283472914669746797e-04
1.942986801943168184e-03,-3.161115449728525185e-03,6.525206251094874121e-02,-3.399484280970631322e-02,2.419224777109230812e-02,1.288341906731063635e-01,-4.919833019405374375e-02,6.037271727842212776e-01,8.835573292435119908e-02,7.665200016853686016e-01,2.628412454216353528e-02,-8.746166382840987741e-02,7.537456023993304409e-03,-1.617730667753560642e-02,5.358475736921734789e-02,-4.309023695106704854e-02,2.455986747277231000e-02,2.506833530568401691e-02,7.665144258956669079e-03,-1.955701270614534221e-02,-3.186429254392071815e-03,-5.864825431246497439e-03,-2.160565456276460766e-03,1.561087067813392282e-04,1.654331160200052213e-03,2.820378983717999107e-03,-5.273079305711299986e-04,-6.186105913787125080e-04,-9.961201092498171705e-04,-1.084984001119608304e-03
4.504281796326499443e-02,-5.662842419090602375e-02,9.932973500049040450e-01,-3.208968143719215238e-02,3.033038433826316937e-02,-1.694798819229130851e-02,3.707504213203786231e-02,-5.265678459345497775e-02,-1.327032113266122561e-02,-3.925993232820690348e-02,1.816211183065220836e-03,1.915496926445725947e-03,-5.898926066143206880e-04,5.356415241493313632e-04,2.935151317621145523e-03,-2.287149182250976069e-03,3.464199228161697706e-04,1.019752945626940755e-03,4.461783182653447253e-04,1.847128774637626632e-04,-4.341746076916287419e-04,6.060759468860304675e-05,2.757356000036465478e-05,-1.958843962650986257e-04,2.271409326716315058e-05,3.087217543008447950e-05,-9.188018904099028064e-05,-4.848239113960094057e-05,-2.070473778935056906e-05,-3.319406446741969839e-05
-1.012873397409865298e-06,-1.860519729272008229e-06,8.035720021020914604e-05,2.172987143200004470e-05,-8.357233536846054689e-05,1.134089139805785401e-04,-7.752321573617459419e-05,2.049155432422064722e-03,-7.507068310253120057e-04,4.827306534752557948e-04,-3.383350515799852295e-03,3.442176006084464012e-03,1.905479977489024038e-03,5.042189307374375824e-03,-2.363359063814314542e-02,-1.923412431766408776e-02,-2.917456152014762105e-02,4.762836414262704154e-02,-9.284651373765877291e-02,5.725680815610421914e-02,9.269842178808315736e-02,-3.523409973819077723e-02,3.363662019215540172e-02,-1.390316143905523660e-01,2.318485998946380119e-02,-8.850866749997238214e-02,-4.906484599157295845e-01,-4.624941168331836439e-01,-6.871167085756066939e-01,1.362447293685214444e-01
6.292969197904470782e-06,1.369557853864555226e-05,3.068424913751138707e-04,-8.456980387436055253e-04,6.026522217617077005e-04,7.178048667945254252e-04,-2.181604739117618962e-04,1.488125213702917726e-02,-1.879298215986290391e-02,-8.688851317611698049e-04,-3.663629929694211390e-02,-4.485278185866807543e-02,-4.210757436474892035e-02,8.435075732967105278e-02,1.022375767544256714e-01,-4.495407515001929866e-03,-3.991985310013984600e-01,7.040417014358890668e-02,-1.240404604610405304e-01,3.360858974184217640e-01,1.455299901770124582e-01,-1.245083141667253090e-01,-2.629722091054302324e-01,-4.044772999131163171e-01,-2.458168766111366588e-01,5.782331881386673089e-01,6.895722748647740985e-02,-9.503780777167080557e-04,4.960995215831772581e-02,1.123290163164241406e-01
1.241324879018676670e-05,4.122499536093610621e-05,3.903133782541071692e-04,-1.082864888704336689e-03,7.288242572814609879e-04,-1.471093432700467502e-04,-3.771818520457657356e-04,1.654538657956393724e-02,-2.483031446692608030e-02,-2.311796804041393438e-03,-5.216331419282425885e-02,-6.898904087866822299e-02,8.087198575487915264e-02,-5.851493369317516818e-03,1.365732490600384264e-01,-5.239915536691864412e-02,-5.256189288466183163e-01,1.248494660997869488e-01,-1.975792695871531335e-01,4.412544106442653491e-01,1.699633364922150391e-01,2.566757077105171966e-02,2.705649648575061267e-02,3.687397856335395963e-01,3.397994504558683460e-01,-3.307006604116229931e-01,1.075422017603910457e-01,1.630381532305358594e-01,-9.378881878354901336e-02,-5.155992188696572123e-03
4.030154985609835397e-06,1.166457129862369233e-05,1.420041990290859006e-04,-1.821402304480030613e-04,1.780202569525162371e-04,-2.764970144412622110e-04,-7.356877189528091133e-06,3.560477667815001909e-03,-3.060927300930599195e-03,1.925977035731774685e-03,-5.860213562281364232e-03,-9.477664698103370478e-03,8.598499843247404961e-03,8.995579129838010210e-03,-2.425367157801552181e-02,-8.052458800903049274e-02,-8.997627812850163276e-02,-1.425728538892085534e-02,-3.722445694268985972e-02,1.441336662068092300e-01,3.808287053261281974e-02,5.243659905510377091e-03,-2.927776387180975465e-02,9.000461791734713779e-02,1.038943716783245416e-02,-9.870876256849088481e-02,-5.005456070296256943e-01,-4.672875340488931162e-01,6.869978321344064609e-01,-3.172837391271790541e-02
-1.813409970436210143e-06,4.885834361334021838e-06,2.246694625127605531e-04,-6.672931110160476825e-05,-1.579299110942596193e-05,5.448667565980900305e-04,-5.921786548699419867e-05,7.691977362391720814e-03,5.070728535368105791e-04,-1.883759604332105016e-03,-7.570778496476407091e-03,6.131035773087378793e-03,-5.868704914212187485e-02,-7.353023293872866517e-02,5.826312701379222220e-02,-6.628492161861794518e-03,-6.509375084625403096e-02,-2.115284832669555096e-02,-1.245915664600554112e-01,4.043439844637962410e-02,1.630764075877520758e-02,3.226066048755420190e-02,-1.490116064009144037e-01,-4.786083756490523977e-01,-4.416758940945176293e-01,-7.048024948431743653e-01,1.187256156346738062e-01,5.559455523860832443e-02,6.395811091036562868e-02,5.593728943107015295e-03
-1.312045925383598128e-07,-2.780263940545750251e-07,4.150048670537446110e-05,-5.330343663728589234e-05,3.229048874330746680e-05,5.762765573132132887e-05,-7.978956538741013925e-05,1.815261780324501067e-03,-2.171502342058661411e-03,-1.352189686183163789e-04,-5.487895122221986451e-03,-2.424878233624215128e-03,-5.801781673162372411e-04,1.226728676680385009e-02,-9.625840316514718605e-04,8.907352889878651994e-03,-5.419848116594293275e-02,9.806441706391010732e-03,-1.718318001396633779e-02,5.611664829216565786e-02,-3.062680332034454361e-02,-1.161743393211800840e-01,-1.323720257658688587e-02,-5.450208894916767910e-02,-5.140805772608484508e-02,4.534063068543237041e-02,-5.376234863018909682e-02,-3.995464485564898666e-02,-1.138347157869180060e-01,-9.764850433554959075e-01
7.368180948788395287e-03,-1.266552417397008882e-03,-8.876517721443672598e-03,-5.057948307534070737e-02,5.463530446867755769e-02,-1.060589249376847759e-01,4.153491094629119251e-02,-4.241438855729017798e-01,6.305557484132102708e-01,3.074933008133374224e-01,-5.051178920557373164e-01,1.927395254838359384e-01,2.961083855129552356e-02,4.666733173283763025e-02,1.036612876526955412e-01,-4.357174522454627941e-02,1.239977196735863631e-02,2.569910905638828763e-02,2.019801800165322084e-02,-1.309426054241145249e-03,1.991399908210746226e-03,3.512817140276497559e-03,-6.761150825266385236e-03,1.644523178414282645e-03,-2.691199879702206935e-03,-2.594500866511503844e-04,-2.981482276304277777e-03,-8.622785412733342727e-04,9.050905634825049827e-05,-8.323710183854367717e-04
3.297404651181072913e-03,-1.515521614252626249e-02,-2.365422227028575464e-02,-5.842835083998005885e-01,-5.727514735623964182e-01,2.511156070178454519e-02,5.624380789586820306e-01,-4.711237305684393140e-02,-6.751046271904000140e-02,6.951450317373041032e-02,3.351845499046977872e-02,-4.900546949317694315e-03,4.316844353623582042e-03,8.902230557450674072e-04,-9.350889600105542765e-04,4.376153880420588678e-03,-1.238601929532246295e-03,-7.107638590860210692e-05,3.306641568359764880e-04,8.825475350776683901e-04,-7.785728457870084085e-04,1.669600970576947134e-04,-7.567707697603335247e-04,-4.918571052511431455e-04,-5.489822738060913488e-04,-7.816789074625193597e-04,-1.283689205669282841e-04,-1.748883146676045915e-05,-6.785341071546230709e-05,5.715327102811623662e-05
5.113029313659004510e-02,-6.130944420690033307e-03,-3.732252144288832063e-02,-6.455789706918451110e-01,6.006895231329324458e-01,4.492590246328087566e-01,-7.471071535384608830e-02,-4.769007075383119298e-02,8.910544079359275504e-03,-8.812243972352233612e-02,2.675640154166687018e-02,2.123084713616279259e-03,1.902547803919599385e-03,-1.186518329697638452e-03,-8.402755070353956635e-03,2.807367957904680772e-03,-3.515483327924111279e-03,-9.246612741622074923e-04,-6.741314675489638603e-04,1.418988878894770263e-03,-4.054771050861687783e-04,2.763783397284852276e-04,5.869183928241341903e-04,-2.741153638534283036e-04,-9.432713754086042158e-05,-2.011993670292054723e-04,1.400281703199433381e-04,6.326827447730292439e-05,6.575066317638568621e-05,9.615953914499057319e-05
8.449605184855752960e-01,-5.282137260059415196e-01,-6.639567586181184533e-02,3.930016911519698675e-02,-2.143649386670412951e-02,-2.304167369260701898e-02,-2.110548177408002202e-03,7.727362568636077234e-03,-3.689326025084845376e-03,1.630882713869178779e-03,2.497987910812192285e-03,-1.286002340202725865e-03,-2.095799172655339756e-04,-2.850017867269865669e-04,-3.347097165594688619e-04,2.237491660383380014e-04,-3.752941588430662021e-07,-1.289903534805855105e-04,-9.520951811680967167e-05,-6.012010985234983256e-05,2.987243694376215890e-05,-3.563059290863610390e-05,9.784935262676390028e-06,5.667107952096253824e-06,2.328212836401951925e-05,6.816673306574654086e-06,1.257029990935752090e-05,-3.054922585339481324e-07,3.653111631490785038e-07,1.754398091229036488e-06
8.068730521780145720e-06,-1.226065998023932030e-04,-1.622723166634668318e-04,-7.257197347057726695e-04,4.752178185311870038e-04,1.028584317231584944e-04,4.482184839906634861e-03,2.312900629937968654e-03,-2.066366584597854536e-02,3.571764295877513412e-04,-5.520268718724637841e-02,4.755285934182291313e-02,-3.095640432618973134e-02,-1.506700744309112834e-02,-3.550971242144282947e-01,-2.432410537194312494e-01,2.699839149549749240e-01,4.886157642596340445e-01,-4.370768335571630359e-01,-3.919173662651112555e-03,3.266013556162449261e-01,-6.195916961939773593e-02,2.924635884347383530e-01,-2.334022803399892210e-01,1.762717999966784688e-01,3.297399857995504668e-02,6.410641790721464950e-02,7.753077986260507870e-02,1.080162749350827289e-01,-2.526221248293179095e-02
1.097521863718977617e-04,-3.385142826033110783e-04,-1.017924287002509344e-03,-1.099035021658729440e-02,7.483812427337370628e-03,8.828607055461091049e-03,8.734442072003398283e-03,6.366874375481113013e-02,-1.871719563637234962e-01,-4.072084518462826264e-02,-3.905248581287173448e-01,-2.920798146205922929e-01,-6.098660073623060063e-01,5.394673345848572943e-01,7.206877160007253702e-02,-2.154624947790752948e-03,2.510190052828469714e-02,-2.321355759477904818e-02,5.063541716468689807e-02,-1.271416185851577951e-01,1.498135368371558140e-01,2.071958493257541889e-02,-1.154770619627512422e-02,6.731447623003004865e-02,1.469377073414135024e-02,-6.584218997974065901e-02,-2.125028980051916344e-02,1.771931639859997132e-02,-4.809216156287563458e-03,-1.290385857480370012e-02
1.945478122046261928e-04,-2.302021239506737429e-04,-9.365972673582676367e-04,-1.280939444273449142e-02,8.187405275518153461e-03,4.509004090782960626e-03,9.758666735114307142e-03,7.131567242550496122e-02,-2.298196099441944529e-01,-7.963994947164954041e-02,-5.849242079981966658e-01,-5.095436086070345150e-01,4.264125575259001266e-01,-2.770282822442620696e-01,3.615678104060685016e-02,1.277355600056943041e-01,1.839439713989102498e-01,3.972466384055119842e-02,-2.440924202666210768e-03,6.980109500591707983e-02,-7.936793202513262036e-02,5.119545791862393364e-02,-5.655513536351447490e-02,-6.074323894226182213e-02,9.039959723291650720e-03,2.928217586181026608e-02,-1.610478689525200388e-02,-9.743907434461518413e-03,6.695145518313755199e-03,-1.208541042770004594e-03
8.283922976482195274e-05,-6.503311535751322709e-05,-2.766984088823425613e-04,-2.866505804043550584e-03,2.190237018699746872e-03,-7.596904281755601515e-04,5.626015174317514252e-03,1.318756903133744100e-02,-4.310269994304782859e-02,-9.553023481253269554e-04,-1.047997740522381566e-01,-3.461371348276520016e-02,1.160670709637955968e-02,-1.695182303022707906e-02,-3.054605355986266813e-01,-6.752982613179751015e-01,6.871216170088156883e-02,-5.045060349602137340e-01,1.098554506518571450e-01,3.101039198195043034e-01,-1.642936074502519611e-03,-2.569237117067348780e-02,1.514434680032026304e-01,6.400461812209669310e-02,-1.701003805198180452e-01,2.623366286132442979e-02,6.051969342234052307e-02,3.798288451615667444e-02,-7.682122869328583681e-02,1.344942854798791658e-02
2.015842139327965129e-05,-2.176656528679824919e-04,-5.236759189405801275e-04,-2.990638736383731660e-03,1.867538290889054564e-03,4.646680641001075390e-03,7.709108371868845719e-03,1.085989401345079661e-03,-3.538557672527982423e-02,2.738716624740343639e-03,-1.234348867919146109e-01,4.529166107146619796e-02,-5.722047702116884738e-01,-7.048336550182708882e-01,1.172665438176895003e-01,1.421742162264369273e-02,-4.954920469394416549e-02,-1.631950847953434480e-01,-2.884579069145307151e-01,-6.724298919789441220e-02,-9.001995507305181332e-02,-9.858554895950230948e-03,2.576925427458796880e-02,6.548262692325848566e-02,5.201971889246884834e-02,1.002381218506023242e-01,-1.474021296418625074e-02,-1.580555549672891386e-02,-1.878514700798626777e-04,-2.128270729416504008e-03
1.896786557218185983e-06,-6.757960208743657318e-05,-1.107622475365236081e-04,-9.491455387604693771e-04,5.814929585516447107e-04,8.663970954510634816e-04,9.597207113055249584e-04,7.382108991236789770e-03,-2.252870589255331901e-02,-5.279165234046866682e-03,-5.740173498969872862e-02,-1.556544344670029480e-02,-3.944159215460127377e-02,6.407098537584875186e-02,-5.026057987605189042e-02,3.143139517621174744e-02,-3.531386333944305875e-03,1.046029005034923576e-01,-4.528732294724505808e-03,6.217572440801420741e-02,-3.998454567890858957e-01,-8.487316730029575984e-01,8.128182487898540087e-02,4.725028076906558072e-02,3.134282769729713342e-02,-1.034199528248656436e-01,1.777391921411406173e-01,-1.679044464784972268e-01,1.986181247245186535e-02,1.045835802155113264e-01
