5.177973189717590373e-03,-1.064234978391473581e-02,-4.594471728450264664e-03,-2.871640737807074767e-02,3.523254812005264386e-02,-1.345089299725629739e-01,4.030480999570183742e-02,-2.348582717399657072e-01,2.855565156590661458e-01,9.069792241786797660e-02,-5.301298764453339363e-01,-6.744808440277385575e-01,2.132479369247786694e-01,3.048227700182390421e-02,-1.341112179846546404e-01,1.203693367869978631e-01,-3.879509899842896459e-02,1.140372289146993484e-01,2.937440199326491266e-02,2.830335434076223372e-02,-3.116527984140408242e-02,-3.929210246340977819e-03,-2.146280008193595171e-02,2.545580537524804940e-02,9.795561057067518618e-04,-1.335105669257846250e-03,2.178703803473235577e-03,3.285193230917416753e-03,-9.887435582845245565e-04,1.771294418828221263e-04
2.226070966977920611e-03,5.362854192851700987e-03,1.248525533666843337e-02,-3.905802976326784859e-01,-4.177533352431014868e-01,-1.194137292884784457e-01,-8.034362435585725715e-01,-5.156688928200019867e-02,2.630644401730296983e-02,9.584604020190447271e-02,1.843365711898988651e-02,-6.253562280825504397e-04,5.175905790895819064e-03,5.981231065574918807e-03,3.399561201031387446e-03,2.503907586695132675e-03,2.652045188664248297e-03,-2.027993717133067219e-05,6.894211068359312267e-04,-1.339109958189298958e-03,1.063595821724775976e-03,3.425429995164437744e-04,-7.877055028427762417e-05,-6.623416694587429916e-04,6.506139282222792855e-04,6.316892583250950958e-04,1.628976046512005101e-04,1.823436230263973581e-04,-2.234753057954702690e-04,4.266061977278981970e-05
3.559205954113034420e-02,-7.082490281926891174e-02,-6.186249221553211108e-03,-2.952648473473811208e-01,3.332502621457417713e-01,-8.607245782428583070e-01,7.597344828618000923e-02,1.790542808603401426e-01,-6.140180978083142199e-02,-7.105309681580725123e-02,1.854372610965036514e-02,7.675642839722383870e-02,-2.652920790429879119e-02,7.024405317584366849e-04,1.044814830191023898e-02,-1.980888405854435222e-02,9.811923558726707434e-03,-1.752881352367231804e-02,-3.993307262906284176e-03,-4.399002459272529676e-03,5.977944327339380221e-03,2.633871776541387918e-03,2.698792496837554376e-03,-3.639954254135043671e-03,1.889367031966073700e-04,3.132260847196471497e-04,5.913395635743274486e-05,-5.057284169304107624e-04,2.740032846940576475e-04,6.921434153235969016e-05
5.074396491554222788e-01,-8.565065830913485279e-01,3.691504239845260632e-02,3.544952217760875823e-02,-5.521071829266002706e-02,5.616168989049347138e-02,1.098166496609324656e-04,-7.920115359010332021e-03,-8.200036381035414983e-04,1.354116605518263178e-03,3.530309820108161641e-03,1.248546283709307033e-03,-1.787230486572665192e-04,-3.984381120232274821e-04,4.676901381456742514e-04,8.975700985268030496e-05,-1.288383895576599358e-04,1.350298294187717799e-05,-4.699768822969220739e-05,-3.799064658684044591e-05,-9.586771857963944472e-05,-1.057650237100671412e-04,1.109498502607558940e-05,-1.064588933562690938e-05,-2.464128145654002029e-05,-9.343787597238528943e-07,-1.692991242435983872e-05,2.012895213720553701e-06,-7.465286113881842867e-06,-3.977979482664670747e-06
4.317318066898658165e-06,2.795129928465355865e-05,1.644663878844261780e-04,-2.448822270625244674e-04,7.143723076592509505e-04,-4.114615256309478485e-04,1.156110955608300947e-03,7.145309210991251242e-03,-5.196597499302998968e-03,-4.102236968265023272e-03,3.420212154832717039e-02,4.480189273448154097e-02,3.004532940063664448e-02,4.332840892931351384e-02,-1.176951898605373137e-01,2.145580725313723791e-01,2.205034876902901564e-01,2.935263913598373797e-01,3.313550819155614696e-02,-1.325103203720245093e-01,-1.327096719519517132e-01,-1.440119889029307376e-01,4.691657454668669014e-01,-5.324065190718767493e-01,-3.722469036177028512e-01,2.928589681646536769e-01,-2.550003010150514449e-02,3.430113899278589701e-02,1.118880961764315979e-01,4.210925283836066541e-03
4.141327318442482059e-05,5.965092930274403359e-06,5.831654075203361251e-04,-2.800604562651995682e-03,2.995453830430822549e-03,-1.884092596840658464e-03,-4.127402493969723266e-03,4.222857624271671856e-02,-4.295121097296446949e-02,-1.980821193435364919e-02,1.335227398097427742e-01,6.167266814484666931e-02,1.072177332642259145e-01,-6.294110510650655077e-02,-7.186789773961164973e-02,1.912907821216197901e-01,-1.755091533155213601e-01,3.948688491381220911e-01,9.465025021511799808e-02,-1.953866954043482485e-01,-6.301553163034776528e-01,-3.512339746261320395e-01,-2.871872798424262574e-01,2.386019539314050697e-01,1.037684476433777259e-01,-1.529124194547807659e-02,-8.638695468250812137e-02,6.722962118594644210e-02,1.812718939545518784e-02,-7.403935116520270372e-03
8.160703132416065200e-05,-5.698553460976648753e-05,8.350316433233655753e-04,-3.643927858802571956e-03,2.941651328266756214e-03,1.097848410828930997e-03,-3.623994543699289757e-03,4.578131372089249557e-02,-5.254799804841832345e-02,-1.899097711435393174e-02,1.683469444220964117e-01,-4.172170251775811356e-02,-1.364565456670623900e-01,1.825785695856712854e-01,-7.743956063683579694e-02,2.071394348583811829e-01,-3.719412631270146985e-01,3.769344345765470172e-01,2.897534417397479301e-01,5.339373375108599218e-01,2.310898502259410570e-01,2.034681409255256479e-01,-2.182417019275943726e-01,-1.359969328666891901e-02,-2.029320785339522593e-01,1.734679770297184453e-01,-1.576354239904687038e-02,-8.888250196816148765e-03,-6.830267382262713780e-03,8.711043684273828483e-03
4.931723829228122744e-05,-4.154301890625282997e-05,3.670280631448128209e-04,-1.144905669289061336e-03,1.367970584896269692e-03,-7.461859648925221224e-04,-6.199557500005700543e-04,1.469359414424862946e-02,-1.606203398904221258e-02,-6.695701374720271389e-03,6.131922282365767640e-02,3.095017719188495470e-02,-1.032671577944507292e-02,8.261237629585366227e-02,-1.150223111295358702e-01,3.011560136768809404e-01,-6.600435588260740449e-02,4.422222891857072874e-02,1.039219342456467049e-01,2.915103313589370582e-01,-1.561756517140728065e-02,-9.723682254898376176e-02,5.978572632319925084e-01,7.415348719907118025e-02,5.010477628501953662e-01,-3.961024468138941712e-01,8.227001248000910885e-03,-2.218452346378518847e-03,-2.275735517454592974e-02,-2.539376684638613296e-02
8.999276784552825398e-06,2.380218747933347321e-05,3.787438078036964545e-04,-7.592615775275329652e-04,1.025511406020463562e-03,3.072450811197484952e-04,1.722142070477484003e-04,1.295189378937963189e-02,-1.084616656339466856e-02,-1.413657094102316152e-02,5.879302879191569686e-02,6.590527533582794806e-02,2.429676426730603134e-01,2.575962295282457348e-01,-6.405970256014725805e-02,9.281899270731160112e-02,-2.002843008325308483e-01,1.859212578040516650e-01,-8.663854851212002828e-01,6.400202243109640032e-02,8.627745465320427187e-02,1.426582004397196693e-02,3.613744161356646691e-03,3.786816790164081875e-02,-8.898129804051707614e-02,-7.956213039967462153e-02,9.200739545007146497e-03,1.670856776787385534e-02,-2.228995228986958496e-02,-1.100908347054803133e-03
-2.631510707010289870e-06,2.073685135638815430e-05,9.504849685844954073e-05,-1.593326255425459156e-04,2.440358133786104267e-04,1.022544950574930334e-04,-5.971070127820054217e-04,5.837300877784982849e-03,-5.659882080936274804e-03,-2.985398962726711937e-03,1.987405521058446811e-02,1.191513315645698068e-02,1.283437607131097773e-02,-9.974125833455303389e-03,-1.445643958241207491e-02,3.176143851375905214e-02,-1.998419970171195700e-02,8.503422619605199850e-02,2.093790073389256365e-02,-7.675795116144468189e-02,-1.793493902256513006e-01,1.829319435266436311e-01,4.153214824380284387e-02,3.207221950820679512e-02,-5.791865795568622993e-02,-2.935911076109248841e-02,7.545566010080594355e-01,-5.585697063328401990e-01,-1.432005990989314581e-01,9.737891624705316551e-02
2.808034211117880607e-04,4.883006140588370871e-04,9.667514900682022336e-03,-1.505878751215944042e-03,4.526248330392489052e-04,2.522618344595535609e-03,-3.938549287163467874e-03,7.251617785798076914e-03,9.927470645413533079e-02,-3.863393557657479604e-02,1.108203995018402915e-01,8.042164933956320871e-02,5.496520599631214699e-02,-4.927075198978503323e-02,-9.298744480745886332e-01,-2.595884630557449557e-01,-7.075897321826114805e-02,-1.428810914761359518e-01,3.941688362562530135e-02,-1.936234089527970326e-02,1.127981454543828567e-02,8.622730042239191636e-03,-4.992843370671834480e-02,-4.361383543225820503e-02,1.536297475212119925e-04,-1.336355453584319591e-02,2.570730439361077271e-03,-5.169195639858221438e-04,2.511057567964326311e-03,9.600864606855108452e-03
-1.081916914479813719e-04,2.119832272727357125e-04,1.346894333733470762e-02,-2.109101390782431792e-02,-4.593436937603801590e-02,-2.405916761656664085e-03,1.209651032534776183e-01,4.139654491101220080e-01,3.296058126437910740e-01,8.254133999007797762e-01,1.426669155945367307e-01,-1.564304437362359088e-03,1.086913545812044808e-02,9.998889817804881494e-03,2.053857937037343109e-02,3.307740716171981080e-03,1.102457964677442705e-02,-8.401752712226734365e-03,-2.664131692674182907e-03,-3.246275263173975089e-03,5.662501799011365440e-04,2.286007392173766608e-03,-3.833418932778866629e-03,-2.983772029855599750e-03,6.825115476394961328e-03,3.992031236152607070e-03,4.599560509508270794e-04,8.867918922314933870e-05,-1.337327239148436431e-03,3.160736652410037705e-04
1.937156128116658983e-03,2.735928431051824327e-03,6.486135329048703380e-02,-3.237079038465912051e-02,2.346091998521584662e-02,1.366824946517155026e-01,-9.873626536570728751e-02,6.159799635482385849e-01,5.613591033002609532e-01,-5.104848629971983076e-01,-5.953387627149647754e-02,-3.796606210015435884e-02,3.504820089394481471e-03,-1.815176943998821112e-03,6.885303076861573612e-02,1.755104202216237544e-02,1.746244114148775770e-02,1.109981789324474694e-02,-2.221592497392572811e-04,8.418063008396863001e-03,7.175244576030361486e-05,2.665639065990150873e-03,3.516552101033812872e-03,4.711106751093521207e-03,2.090130161956579163e-03,2.262502175124633547e-03,1.098152157793159424e-04,1.083714522843591934e-03,-3.950994963424304192e-04,-8.698215768030460870e-04
4.621481110840914425e-02,6.950044012000665405e-02,9.936129848719854607e-01,-1.787016915510217588e-02,-5.372869522260626841e-03,-1.241908530099021697e-02,3.318573413785262660e-02,-4.700705711451592245e-02,-4.021223355693185481e-02,1.776558357185512374e-02,-7.070498264437197330e-04,-9.088717970671641218e-04,-1.886953504486504408e-04,2.171996903084821482e-04,4.207924161005115529e-03,1.170166060865342975e-03,2.177084622341669275e-04,4.501055056117141324e-04,-3.178955981918450214e-04,-2.753605832040065650e-04,-2.374638405613382387e-04,-2.187356182368612129e-04,1.616224742828678812e-04,1.573973291047292653e-04,-8.715409006634487093e-05,3.285225984621804909e-06,8.233936224841796760e-06,-1.521069664041774098e-05,1.705517422098374477e-05,-3.285715717948600045e-05
-1.366104354752481255e-06,4.741219402699138766e-06,7.754545647651265303e-05,4.366687132109482950e-05,-7.111972811171578463e-05,2.055119555954332863e-04,-1.756645376054823387e-04,2.109179917911866830e-03,1.368208532179224831e-04,9.511781616179709655e-04,5.410613219325260959e-03,3.193983570704586519e-03,-1.513601909266606722e-03,2.926616325190471712e-03,-1.318432994004522379e-02,2.288131629962934788e-02,6.588848410651974678e-03,2.770508865773015431e-02,4.550570557905567540e-03,-5.317779620380397310e-02,1.069675268612319263e-01,1.955079902935711635e-03,1.587140527725007478e-03,1.828306251894603052e-01,-3.118400619436820925e-02,-7.076827557661118095e-02,3.664921812404733567e-03,-2.449487505904653362e-01,9.399475935301441210e-01,-3.487743289368305799e-02
2.643921822992098740e-06,-6.177303230452107425e-06,3.473455507801144308e-04,-7.688434783487556367e-04,4.867975543188666544e-04,-2.425620057915616335e-04,-1.991823136991400633e-03,1.673698272127336489e-02,-1.285223638661336584e-02,-5.137760424151845487e-03,4.362154215827529491e-02,-4.805562367178494582e-02,3.439734147455394270e-02,-9.478036212998947052e-02,1.820068158673545863e-02,-4.082643507933802346e-02,-4.334178835049460332e-01,-2.711951227446932761e-02,4.164528382142575202e-02,-3.250487944673922658e-01,1.955922559986240372e-01,-1.068094529055506857e-02,4.124678860579722994e-01,4.374567145693167847e-01,1.489498306029121873e-02,4.984816515720821850e-01,1.196134656380750359e-02,8.008246432604927689e-02,-5.614222238800627152e-02,1.699600429655564737e-01
6.906796129687915611e-06,-2.433920970714703518e-05,4.093452966162400113e-04,-1.078183467367154662e-03,6.396124758753425101e-04,5.897224244579701716e-04,-2.027914072865141023e-03,2.026415099656365612e-02,-1.364966507469157764e-02,-1.037624711003687882e-02,5.096454443242459664e-02,-9.756574888963406855e-02,-7.247919774314666441e-02,2.725648411588411577e-02,8.254433418652666610e-02,-1.943125410248249668e-02,-5.444546824369089766e-01,3.308014835168367196e-02,9.160635205435223305e-02,-4.539236133189257782e-01,1.967499460099388087e-01,-2.904981528241120173e-02,-1.011928437069412184e-01,-5.100502616805426825e-01,1.248092961741256585e-01,-3.357725646991738810e-01,1.009002677105517859e-01,9.642165424862252088e-02,5.765099052897718762e-02,-3.088623741307203185e-02
3.142512370303975734e-06,-1.140203199630975304e-05,1.655976968776210324e-04,-1.680598051425744900e-04,1.948676527297849253e-04,-1.846355720778729715e-04,-5.503271711171793231e-04,4.266021093686032072e-03,-5.897895470421406043e-04,-2.344241113403663142e-03,7.854464765353333031e-03,-1.301112123563128928e-02,-8.227626805888163530e-03,5.455180112112456049e-03,-3.609412156036581436e-03,7.779479861357928294e-02,-1.089379643121323876e-01,-5.753990229607587603e-02,4.559426773157318653e-03,-1.097440780961480566e-01,3.925240037797164683e-02,-4.521399871285744498e-02,1.815582150503178629e-02,-4.636556987847971489e-02,-4.243708252910320666e-02,-2.473836668043237486e-02,-5.859606132275976265e-01,-7.563450048879992726e-01,-2.009212401577797624e-01,-4.566028426853070699e-02
-1.727271753086745796e-06,-7.949152066224736082e-06,2.233110015437103537e-04,-5.324302727585826029e-05,-4.281760876217800317e-05,1.016826407366020607e-04,-5.096370374267660639e-07,7.148385310763748224e-03,6.793319540315054120e-04,3.477919152236391351e-03,1.007254757699503102e-02,8.830501923455627220e-03,6.799589688283712297e-02,7.430447178337863667e-02,1.885379180009945366e-02,-6.493538040117727284e-02,-4.615322533627370938e-02,-2.662284130220097036e-02,1.759977215553312213e-01,-7.043071395016775593e-02,2.857660050630493956e-02,-9.042416730588860585e-02,1.826424009568856366e-01,3.190023264756932653e-01,-6.900552503714799668e-01,-5.511215996482399238e-01,-1.978666908931540208e-02,1.044560248102323619e-01,-1.045765390410158674e-01,1.274429602966971158e-03
-2.862244356344146268e-07,1.327478104553016142e-06,5.859985618133618194e-05,-5.005007780077716327e-05,4.005151488497256189e-05,-6.088599901388779982e-05,-2.882341345095424529e-04,1.961121457779975083e-03,-1.335351931034359880e-03,-1.252687240409304764e-04,6.013803909259448841e-03,-2.730901642808082792e-03,5.131234328388541545e-04,-1.230731454732175191e-02,-1.041018132921193474e-02,-7.187749250065441665e-03,-5.739792387016007941e-02,3.752577739137977816e-03,5.831577626643804670e-03,-6.335758995068047073e-02,-2.383434436503743814e-02,1.040823701334064183e-01,7.369200747652632222e-02,8.736694820451641752e-02,-2.168506546824671907e-02,1.028366009146269855e-01,8.063495166805330350e-02,1.144962688639048105e-02,-4.434366503799055254e-02,-9.737413944832437052e-01
7.432395888978351496e-03,-8.910039560158927729e-04,-4.580075971971311020e-03,-5.180316168515562009e-02,5.385005329754777997e-02,-9.388614209339631034e-02,7.266121408856711372e-02,-5.783259826823103911e-01,6.532017554096368750e-01,-5.551502157771849577e-02,4.264817757738695869e-01,1.234466754082417100e-01,-4.486826565060113986e-02,-2.888352341979463778e-02,1.260580916741532720e-01,5.608763341637933988e-04,-2.112069403561625362e-03,3.895579968599022311e-03,-5.920625903546396229e-03,5.564339738164882261e-03,1.764074632614480789e-03,-4.792319108190131946e-03,6.849993371960904319e-03,-2.199585309794420255e-04,-2.017017689288506770e-03,2.787202464978451267e-04,-6.389171545148124255e-04,-1.150863782140204182e-03,-1.023182295887268195e-04,-1.089274621913456382e-03
3.346629678630569978e-03,1.559820085930970976e-02,-3.191757781077409623e-02,-5.875362704668838365e-01,-5.695012956089001710e-01,4.396323547820857325e-02,5.584701885487940443e-01,1.248138308157671628e-02,-3.844903451839112862e-02,-1.142419880931654641e-01,-2.489140611393211508e-02,2.871213976420749006e-03,-3.986018466751195012e-03,-4.503370617078804317e-03,-3.598838041524092361e-03,-9.663759482801926540e-04,-2.608278199231852269e-03,6.854245364893083977e-04,-4.030596031698265762e-04,9.660186986879812972e-04,-1.004057988245291196e-03,-4.289965480805977356e-04,3.648427596119222329e-04,5.710259261132584170e-04,-8.514535606761371991e-04,-6.267406906085996919e-04,-1.081110918950984597e-04,-1.436624861668695874e-04,2.326736212764352995e-04,-5.175809386618935210e-05
5.107092181941821213e-02,-6.866111181341229622e-03,-8.331488403395037601e-03,-6.379531486951349750e-01,6.162894373010806559e-01,4.397491109841651924e-01,-6.502828754109440945e-02,-5.272731661989033675e-02,-5.049916309038066098e-02,8.092522392779816220e-02,-2.959616863481785015e-02,2.367730202481618026e-03,1.928467285892410338e-03,1.130075448618403627e-03,-9.600437513139678178e-03,2.172982536379971261e-04,-3.021117465731129256e-03,8.603329527230839120e-04,4.879854397427704337e-04,-1.400921364856335749e-03,-3.814824093101492415e-04,-1.016674743233716234e-04,-3.204247113571047118e-04,-8.486660854164452205e-05,-6.581557442302134837e-05,-1.432461381912514416e-04,1.895874994858570527e-05,-1.625798257251730749e-05,-3.080072000094336627e-06,1.302911116095064031e-04
8.581328856802727945e-01,5.060720484574574574e-01,-7.457595762441780740e-02,3.421598874018023928e-02,-1.499956561964935729e-02,-2.156289409722410289e-02,-1.857331731265283179e-03,8.060258459978460535e-03,-2.955487351612291714e-04,-2.198995752895529371e-03,-1.579871563737990370e-03,-7.974259107670973084e-04,1.701247166081667269e-04,1.822949572182243621e-04,-4.721325044066227512e-04,-7.462619304815085641e-05,9.187331002923163634e-05,-5.918951489422915349e-05,2.462264750936545726e-05,2.519312156687371186e-05,2.824265873452744090e-05,4.010643578219765242e-05,-2.716157563091990660e-05,-5.142885854582552056e-06,1.643367631856211452e-05,3.528815966907160105e-06,1.639400706693740467e-07,3.953447284904815969e-06,-5.430016146406355391e-07,2.291581343887549482e-06
6.587186144545354474e-06,8.570362386282625612e-05,-6.151483847805271695e-05,-6.417755304367025104e-04,7.944474959471226625e-04,1.031572225859488578e-03,2.919040806366914563e-03,2.851377571388518089e-03,-1.089242022449353128e-02,-1.143993581935384696e-02,6.026093151567892686e-02,5.198266395306746362e-02,1.811372203641710421e-02,5.692538253133233583e-02,-1.489972751384430749e-01,3.212882711207782349e-01,4.369468914407649840e-01,3.549648797301888647e-01,7.865385433683898253e-02,-3.995468779411958660e-01,5.152865050376317368e-01,4.753957635856993075e-02,-1.769707332680289791e-01,1.950525780237209461e-01,1.358867836449632882e-01,-7.559044162247387233e-02,2.259292062963103725e-02,2.442721640306572128e-02,-1.385623427773553795e-01,-5.125813592657958197e-03
1.049314703527112221e-04,1.388792823328580301e-04,-4.951635347565133379e-04,-1.055772260265671128e-02,7.920195959145101550e-03,5.649512376471007777e-03,-7.952501593239336836e-03,8.378045614203655234e-02,-1.386449445111503087e-01,-5.380359736586357716e-02,3.891792613892281483e-01,-2.764322042124806589e-01,5.235117224141785375e-01,-6.356988378259523786e-01,6.482592675419104888e-02,3.692134111868939500e-02,3.599976406084488822e-02,3.447796026384735910e-03,-1.174350018145967761e-02,1.527712771628050303e-01,1.448550141922746448e-01,-1.901278300947716396e-02,-9.004487445529700193e-03,-8.799523037477079146e-02,-3.168717573104065655e-02,-5.435418218684990449e-02,1.747655368207188392e-02,-1.975255021349573911e-02,-6.215813764981854492e-04,-1.917277015994328995e-02
1.764893366542154881e-04,5.407443339961751571e-05,-7.278049537204674818e-04,-1.346283714281344517e-02,8.907153523380737306e-03,1.240734601541670229e-02,-6.625749841804221170e-03,8.409687931174573972e-02,-1.469048436823308657e-01,-7.202359869553787153e-02,5.049138341493620841e-01,-6.360260744878434291e-01,-3.312504435569029737e-01,3.134169418259387663e-01,-1.218570490295729607e-02,-1.798431383551680751e-01,1.771415924614973547e-01,-2.478141311812676745e-02,-9.118371927874675820e-02,-7.330639761956156408e-02,-9.693088931005698627e-02,-5.931044902524263557e-02,5.017800389301704106e-02,6.072649665030546012e-02,2.733969397346725644e-02,9.604422681237194739e-03,-5.397785525378214454e-03,-9.828985246258829453e-03,-3.955161071256882779e-03,1.594697552103742019e-03
7.936629881892678191e-05,-3.040773484458678634e-06,-1.200147586308948047e-04,-2.879420387299231471e-03,2.990036639977287046e-03,6.433849827923005492e-04,2.401463757357473938e-04,1.453364764819795041e-02,-2.553837973483935944e-02,-2.463090026564869819e-02,1.122866915203339921e-01,-4.854558089537281546e-02,1.777434064974273489e-02,1.021528548370498751e-01,-8.870304742398039954e-02,7.119810171124220100e-01,-5.151968956575284780e-02,-6.185206685066696464e-01,-4.461161270109641197e-03,-7.416703794842820219e-02,-8.510319499816548783e-02,3.864977455343081986e-02,-1.509328802779272283e-01,2.955779108036252212e-04,-1.320221328736743416e-01,8.486327007351621154e-02,6.215909867296127295e-02,7.956166800516605020e-02,2.782580932190486731e-02,1.229708244894383434e-02
2.443139774885906025e-05,8.606268850269915220e-05,-4.128219246369456874e-04,-2.357757519459836512e-03,2.055458413382226911e-03,3.563434489812020677e-03,6.144252817552095687e-03,6.630984518357569031e-03,-2.906667600930622555e-02,-3.301576857994360098e-02,1.160915550151531694e-01,6.791442613527483296e-02,6.792469383665021843e-01,5.890075621441245302e-01,1.049980980219143850e-01,-1.828546784667116898e-01,4.680974366734828168e-02,-9.876255791312409105e-02,2.929088626635688031e-01,-3.769240999383516311e-02,-1.146145211052307031e-02,3.578258355775353755e-02,-1.628342819022558438e-02,-5.176780655077699994e-02,1.165652674274046952e-01,9.495081378071205946e-02,-7.242784084932532736e-03,-2.335504347746296047e-02,1.957665483551250529e-02,-1.316288551467716637e-03
2.643698380493251679e-06,5.014147396436302318e-05,-3.143254323610346666e-05,-9.173470572651244975e-04,7.196932035081120369e-04,7.435072353704819158e-04,-7.479573411250974024e-04,8.084858660056650284e-03,-1.558535602601275605e-02,-7.352802832494076575e-03,5.391665942872577583e-02,-1.768769682577891675e-02,3.667367538956789463e-02,-6.933735144974526032e-02,-1.594515880297925348e-02,3.711655699130041175e-02,1.555375824002273172e-02,1.121250808638569463e-01,-4.194908823869719638e-03,-1.790962159149072641e-01,-3.103045445075028885e-01,8.604137108280316415e-01,1.054377032176152390e-01,1.491459980660169056e-02,2.552454809617190137e-02,-1.161092345764276057e-01,-2.382783819519243840e-01,1.231153567966113971e-01,4.419436802995684727e-02,8.811139114280057416e-02
