5.053437105585549885e-03,-1.024784039648467780e-02,-7.237818464501795564e-03,-3.794304568781580594e-02,-2.797924509956563333e-02,1.335876150159980569e-01,3.386610808943543629e-03,-1.000874872770394636e-01,3.751313585114587901e-01,-1.467336751102435721e-01,4.087622988643189181e-01,7.369361219470018654e-01,1.626632325220911668e-01,1.302443438916069118e-01,1.663620172470293146e-01,-7.184166424139201701e-02,1.706072071331671269e-02,-8.235319025914834834e-02,7.284836368453822403e-03,-9.828243835364507131e-02,-5.456547010455930352e-02,-1.524187143757415805e-02,2.551206167558823026e-02,-1.920209135705370357e-02,-1.123312727331796795e-03,2.520901095397922505e-03,3.087264296223019792e-04,-1.240671800097158280e-03,-4.316638426157236481e-03,-9.424302630411444904e-04
2.002807626651807379e-03,3.284617047260586487e-04,-9.565670479605610510e-03,-2.833321071226934662e-01,4.969807101777175551e-01,1.128703997137587081e-02,8.140437903508599415e-01,-1.754447212992688021e-02,7.210449930175610866e-03,-8.657635745186108289e-02,-4.333227699228970470e-02,-2.298915193319542999e-03,4.097860772735607317e-03,5.025622443095882456e-03,-3.925018321305579101e-03,-6.314144140192088674e-03,-1.824757142914305592e-03,5.465588923230810334e-04,-1.023066748788033090e-03,-2.795147080847550764e-04,5.348029303213569724e-04,-2.589784236601369604e-04,9.477194850993734014e-04,5.477625125513696513e-04,4.253067318623998086e-04,8.036080505530952735e-04,8.148123145056283183e-05,-1.187510638040597481e-04,-1.521798649808492972e-04,2.122904692232075049e-04
3.496767999858252374e-02,-6.930675736097254014e-02,-1.999136639730593121e-02,-3.714822150709480297e-01,-2.418891329087196340e-01,8.652040422706104295e-01,1.793364764541589829e-02,1.360249659053973381e-01,-1.314789521481294077e-01,6.726340353638125824e-02,1.182259531688559066e-02,-7.817979722893499128e-02,-2.000316730660428588e-02,-1.214820481933068588e-02,-1.636987904036730015e-02,1.504211591143836922e-02,-6.836717479855502523e-03,1.296304746853388715e-02,-4.003679953334960892e-03,1.369639808497343826e-02,1.002701619586544510e-02,4.542666022878429945e-03,-3.185244037130485588e-03,2.541487632450456849e-03,7.351819294506206420e-04,2.040994845401950344e-04,6.541009419065311938e-05,-3.318646201396028834e-04,7.645483522419455578e-04,-7.696131147887669169e-05
5.060468004461354807e-01,-8.579685086261416016e-01,2.243921707963432086e-02,5.230640333785384344e-02,3.995897494127118726e-02,-5.342820721965037961e-02,-6.492055036603352342e-03,-6.838072885866106759e-03,3.099486790022010305e-03,-2.424468089971882527e-04,-3.812410573470053146e-03,-1.545890598680685606e-03,-6.585976042496123378e-05,-3.884497608576232912e-04,-3.878133824953606699e-04,-1.831702821696186401e-04,1.416034738201558463e-04,-3.434793262145069680e-05,1.018334693967372714e-04,1.029843648856853080e-04,-1.110843629153157011e-04,-9.613316272280548157e-05,-1.395880597992521818e-05,3.166366365593023757e-05,-3.626953347349048159e-05,-1.934895929541427534e-05,-6.067898654602090024e-06,2.627646346269479034e-05,-4.567372121900880181e-06,1.379041108215565109e-05
4.656091981247663763e-06,1.647231579871293213e-05,1.836259814656710280e-04,-4.022413819200545146e-04,-4.748830347982929906e-04,9.576998639184755016e-04,-1.918404707581480026e-03,6.012786460989153099e-03,-1.025559635098914450e-02,4.687819273411416958e-03,-2.963287627951140604e-02,-5.132452160241469941e-02,6.991583206805220517e-03,2.854301899672233647e-02,1.684124609753683832e-01,-1.866902265760620461e-01,-1.015938765082783773e-01,-2.942764271235789320e-01,-2.029949223215761489e-01,-8.239592349464525123e-02,9.367631350047866956e-03,-8.073992622608650027e-02,-4.090751376816428864e-01,6.129054233989983391e-01,-4.343227027595809586e-01,1.883558115315288606e-01,-4.969019756888265471e-03,6.019307985253791182e-02,-5.687244869983188941e-03,-9.963553476406464271e-02
4.534289876869493949e-05,-7.165775375654164602e-06,6.435935155257156790e-04,-3.347202830820161443e-03,-1.818104941075460688e-03,1.815538429729141165e-03,-1.358034263155821937e-03,2.038985064644973158e-02,-6.158778055921711181e-02,3.377693358990679906e-02,-1.135525605847156616e-01,-8.452976029544174985e-02,9.162668981462152029e-02,-1.208966313098911588e-02,2.096705712149447287e-01,-1.007724939267818087e-01,1.185897070258686015e-01,-2.890444551156771125e-01,-7.408731739453619514e-02,-2.103640389137832051e-02,-7.709352231191484162e-01,-3.757814411842999580e-01,1.862121713850429794e-01,-1.365753932383417524e-01,5.155276965012293988e-02,6.358110165050584461e-03,-9.053370425532778973e-03,4.765433500982175358e-02,-1.192494522040569715e-01,-1.544641193680431832e-02
8.585353893562570665e-05,-8.252314136547794028e-05,1.050697522509889915e-03,-3.770834087595736905e-03,-1.437465626617799499e-03,5.186667785763338133e-04,-3.806440432135740730e-03,2.572638571129667873e-02,-7.514752185615802826e-02,2.758234985223946903e-02,-1.796179341262716944e-01,2.633443729140332382e-02,-2.640800842758003197e-01,1.288811171307062964e-01,2.132350388362879989e-01,-4.835536479988346986e-02,3.915544949014220233e-01,-1.036925751695915443e-01,2.684393716421340503e-01,-6.168985855672936003e-01,1.920495480102463182e-01,6.063885913619765367e-02,2.737573967744150183e-01,-9.809911962125435203e-02,-2.750647170955699550e-01,8.667974278967778556e-02,-8.612872313803976389e-05,2.324228131722317486e-02,-1.288779786411902752e-02,9.398294570834455838e-03
4.877116837708385947e-05,-5.381322900070704317e-05,3.933050279394665390e-04,-1.329348299615565809e-03,-7.953790490719356721e-04,1.062312667317355389e-03,-1.943113407987643020e-03,1.231351043538751050e-02,-2.261124191402834327e-02,1.214431083740144697e-02,-5.517092104597665081e-02,-4.726323118182956806e-02,-3.665963829210427960e-02,4.456642814260409341e-02,1.963207803696387643e-01,-2.730116131128151880e-01,3.398677122123409250e-02,4.329460390872759412e-02,1.925316347723824151e-01,-3.334434671646335779e-01,-2.855309162031580486e-02,1.349211702947038238e-02,-5.216560499523662520e-01,7.230368891548152877e-02,6.367484085373046332e-01,-2.036602962081041079e-01,8.339593794517352263e-03,-1.573878767209063029e-02,1.413594846253029245e-02,2.052859267552037750e-02
8.690419122673373787e-06,1.941674940535352309e-05,4.868184503180322939e-04,-8.760258255689185687e-04,-5.391050318630826029e-04,5.461698492937843829e-04,-1.771082182981537903e-03,7.328404102388592564e-03,-1.223767178644163262e-02,1.360278621343262960e-02,-4.252139786948250927e-02,-6.742561866406950044e-02,9.154592196766464518e-02,3.552466712918592728e-01,1.324072629957261105e-01,-2.689049621634829329e-02,-5.884654020606136515e-02,-4.605149350392578333e-01,6.239195726019181043e-01,4.517704271624970458e-01,1.434040884129306470e-01,1.311238115090523904e-02,-1.531834658139181668e-02,-3.685545191653366581e-02,-3.048895046678332110e-02,-8.941095782763601452e-02,4.121030014733676437e-03,-1.421877712749888834e-02,5.772493569907269015e-03,1.326408985932047650e-03
-2.151075548759100193e-06,1.890753215836943406e-05,1.073715250117903211e-04,-2.240013916165666614e-04,-1.094364964118253427e-04,-8.312389740506177099e-05,-2.595795385164787676e-04,3.645324314970155560e-03,-8.355628642930199024e-03,4.058640804875629331e-03,-1.835701715229519013e-02,-1.397359137797727843e-02,6.607630424405486202e-03,4.124667947774557884e-03,3.772585917678158290e-02,-2.793543558624016210e-02,3.599183817165359234e-02,-8.181644451483395530e-02,-4.417254898090446774e-02,-6.571053601015146815e-03,-1.867402869203861893e-01,1.858595317930496205e-01,5.472363688863811360e-02,4.459156970251725027e-02,-2.291348522918220873e-02,-1.571206628589716381e-02,1.460485556443597704e-02,-3.233755254946266700e-01,8.879269845336001943e-01,1.369304586291079373e-01
2.893394722475023362e-04,3.524722406230900254e-04,8.625422385358147079e-03,-2.955288534103175675e-03,-3.426344448841992223e-04,-6.708852873849445453e-03,5.135249616369449988e-03,7.585032061005074489e-02,9.314975701220253035e-02,4.893306453995591165e-02,-1.246276821002044594e-01,-3.161279199314748212e-02,-9.205389089554245896e-02,1.332582307618257744e-01,7.150978010210842228e-01,5.381180246634446052e-01,-2.739072552898854096e-01,2.212873355997397873e-01,-9.448080537917531718e-02,3.729870218975810114e-02,-1.668848931911590333e-03,1.752715162627778087e-02,-4.820556439515864822e-02,-4.404229892037004462e-02,2.212356603871349151e-04,1.467440401917359007e-02,7.106046569792015197e-03,-9.750124901278149972e-03,8.291584318460677380e-03,2.706307911539898494e-03
-1.752173577720198005e-05,-5.022252420597481375e-04,1.373603791082694814e-02,-1.416916523744948114e-02,4.473911331299761790e-02,1.055138910539523203e-02,-1.238621908106526531e-01,4.713361485644589344e-01,5.504119078117125641e-02,-8.428876610471209840e-01,-2.082842208775721460e-01,-1.902800501854074941e-02,3.711346912900947287e-02,4.918201940382561400e-03,-2.864009494223368132e-02,-1.448673119081090276e-02,-1.263491164740767128e-02,8.590906144548488346e-03,-2.076518773580930070e-03,3.886985923435013705e-03,-1.305842936271088420e-04,-1.153368508296206876e-03,6.648766782929286905e-03,6.304196473145952731e-04,3.082498974040767236e-03,4.625520863797725341e-03,7.685700626477548177e-04,-1.449703876637655257e-04,-8.346735372242012913e-04,1.229729438056655338e-03
2.042755281259146013e-03,1.666063097368561960e-03,6.021248987687687765e-02,-4.792960854010331478e-02,-1.735289497884788534e-02,-1.611678401544988648e-01,6.709850148313484253e-02,8.426200429029854222e-01,1.718205290964572585e-01,4.386755027945951624e-01,1.390132077721910608e-01,6.626982311212142873e-02,1.973511326806723365e-02,-1.188813205033430014e-02,-6.063538331652546659e-02,-4.625501857155890628e-02,2.019494287279012187e-02,-2.485392840926557365e-02,5.091531288454690524e-03,-8.667778328516223887e-03,4.662559673122723507e-03,2.166668619298579498e-03,8.444612308278975910e-03,4.718770330112489163e-03,1.418870524491040036e-03,2.194897553407999021e-03,-6.640303496076415801e-04,-8.070516741260630586e-04,-2.013689870034436353e-03,-1.699968723796838272e-03
4.904714960428968595e-02,5.272686316398603884e-02,9.937768917225570098e-01,-4.157016673316003830e-02,2.635929433225516622e-02,2.449985831032394298e-02,-2.194524370545510722e-02,-5.952514577438996340e-02,-5.655768368569403549e-03,-1.104460618914273121e-02,-2.813006868355136768e-03,-7.485974213926066155e-04,1.649115622753307136e-04,-7.689456873224465071e-04,-2.512736482621986869e-03,-1.894821110157465707e-03,6.378848122374854070e-04,-3.670410134121602965e-04,3.069687409846500684e-04,7.168731366119087214e-05,-2.293787782935664745e-04,-1.300847738135649115e-04,4.257783711529199096e-05,2.149721463692364886e-04,-6.452914924690634254e-06,-1.804540153802789229e-04,-3.462268005602895434e-05,9.860528811206204880e-05,3.477354172079895003e-05,5.639774465606947515e-05
-8.421037527769821660e-07,-1.363152451612849431e-06,9.296442964712304103e-05,3.441034992454569007e-05,7.626518753814101137e-05,-5.344529519234864052e-05,9.344728151142213932e-05,1.621981205985035005e-03,-1.498050547031031486e-03,-9.753382141384664720e-04,-4.485168115228843275e-03,-2.954843760357494381e-03,-2.130591226618847207e-03,-4.269829172778918068e-03,1.909945900644654387e-02,-2.330026603812131517e-02,8.816549086890515530e-03,-4.489738547345655667e-02,-7.116035272863174832e-02,1.068980594795973516e-02,6.406718179975452732e-02,-3.583894094812732113e-03,-1.930403172053362162e-02,-1.961770309415258873e-01,2.508860601047467956e-02,-8.700450490671263193e-02,2.226640027547879125e-03,4.846960850986851699e-01,3.115453492220478515e-01,-7.801235548865882441e-01
7.089641121656457567e-06,-2.242645162063611642e-05,3.743427407190549417e-04,-8.918425499386370588e-04,-1.818826025318926430e-04,-3.958384012312333783e-04,5.187474176074865270e-04,7.180448501344472746e-03,-1.796366635757057698e-02,3.465116312543715157e-03,-3.713694203845983866e-02,4.483154852086233128e-02,3.462116233803057969e-02,-4.149617949848034837e-02,-7.258904449057678246e-03,5.380871359811892352e-02,2.849325747566915923e-01,-6.008553534232487225e-02,-9.698958377998623259e-02,1.088263017513401987e-01,3.050875442994269160e-02,-3.662322052233646374e-02,-5.899865199498433022e-01,-6.016723730929950387e-01,-2.129337928034184535e-01,3.169996348586707757e-01,6.370033220378525096e-02,-1.368819146201930015e-01,1.549042583753490899e-03,5.758098501633180516e-02
1.001111807761645024e-05,-3.215874281889799150e-05,5.958557404116990265e-04,-9.703244286480740147e-04,-2.191433548637960484e-04,-5.638838324979203670e-04,-1.534385988291820052e-04,1.183511307596837522e-02,-2.237569919488117953e-02,3.782635847805932458e-04,-7.890991194931401553e-02,1.232935517329264291e-01,-1.721565975753664712e-01,6.439630512962148112e-02,8.658221284588103750e-02,1.794795028524453218e-01,7.170045283817911841e-01,-5.755395348066377759e-02,-2.592671567761886675e-01,3.608353696011277201e-01,9.491363583088351097e-02,9.284732435934733158e-03,3.665643995951004680e-02,3.085557585876711473e-01,2.353371031240339972e-01,-1.099696075133722029e-01,4.526262690000586175e-02,-7.291221851304113821e-02,-5.217109056285940821e-02,-7.998055116192687164e-02
3.197566869151400028e-06,-1.006953777668352227e-05,1.444369920879692414e-04,-2.196073743660180032e-04,-1.396596351637821240e-04,6.865407316414872730e-05,1.984701991394297342e-04,4.659717969855348661e-03,-1.864406674641476240e-03,1.262993564123321205e-03,-8.554720941249174121e-03,1.622011001849600273e-02,-1.637767724027172980e-02,9.418029237166645118e-04,4.824455086726066322e-02,-4.226743580082382296e-02,1.045441602275907073e-01,3.854184404107690448e-02,-5.059708833499302477e-02,9.583239385809606825e-02,2.368446420455160364e-02,-2.491720192870903669e-02,-5.879016729656064144e-02,-2.438222464050864707e-02,-5.601149810123183526e-02,-9.975648095575928576e-02,-1.938604820119767952e-02,7.620856454321405238e-01,1.949017733644813344e-01,5.776127245110336261e-01
-6.036281787214992442e-07,-1.131408766475897027e-05,2.478167712142166613e-04,-3.291530411567092503e-05,4.644767798973481346e-05,-1.319273975035929205e-04,2.978610423708359656e-04,6.099269576619627091e-03,-1.535161636586539723e-03,-3.017751032683208863e-05,-3.942109343063064132e-03,-8.176033932346931515e-03,2.829676286939222102e-02,8.885118263930454063e-02,-4.286038327810712256e-02,2.070671010520767907e-02,3.403310071794148767e-02,5.187124838904830920e-02,-1.063834229747293025e-01,-6.461998344805794381e-02,-2.592987978205171795e-02,-8.140973539772715373e-02,-1.592697954867104415e-01,-1.110828898318890479e-01,-3.873353326240087102e-01,-8.654923467549205940e-01,-2.977442307364250654e-03,-1.500144365925910606e-01,-5.420632264374482950e-02,3.383159404933620221e-03
3.273693320172305276e-08,-1.868718061430874147e-07,5.306343249074753701e-05,-5.648996572845539600e-05,-2.992523091308826123e-08,8.865999918871143132e-06,7.667049948749416757e-05,1.355317380591769018e-03,-1.992454543691834883e-03,-6.300185801490946558e-04,-7.188894247572529678e-03,5.310268261316695645e-03,-3.454610436217865101e-03,9.242843161932541788e-06,1.352359000204062141e-02,1.058090123449350814e-02,4.978354477093935998e-02,-1.669566534154921095e-02,-1.774805736404929182e-02,2.437819976110413428e-02,-2.921298989494651097e-02,1.132684893725587755e-01,-4.209716431746545612e-02,-2.866913799957075334e-02,-1.624652582740724683e-03,1.090343602551772755e-02,-9.892658715970370498e-01,-1.865587435107900552e-02,-1.855689025990290078e-02,-1.423242662105232183e-02
7.241799224556142930e-03,-9.487627620778591722e-04,-8.770558391931904813e-03,-6.668320728082091642e-02,-4.189692503557908981e-02,8.978026177794376506e-02,-2.278293994016470161e-02,-1.359846376904598475e-01,8.495992554685718456e-01,9.427786023418210926e-02,-4.238493316668276445e-01,-1.828179070724174626e-01,-1.748627421879926647e-02,-6.750912897351679653e-02,-1.162397731295228137e-01,-4.472261676477960052e-02,4.125084467767416163e-02,-1.629236852810125175e-02,1.810403942759443441e-02,5.719619285627482175e-03,2.754446739488561335e-03,-8.028924817015340581e-03,1.442892017592558576e-03,4.790027174298637676e-03,-2.835033487954870344e-03,-2.840307667809104705e-03,-9.570544243298234914e-04,1.254424541885911654e-03,4.825252499632166621e-04,3.602762781896179525e-05
3.042779499266803044e-03,8.637309745612794729e-03,-5.011630461211554616e-02,-4.543535170843319704e-01,6.804678688907668249e-01,-1.688833555383632520e-04,-5.612604437992065876e-01,-2.144884009935387609e-02,-8.628750014242504013e-03,1.009275088209197063e-01,4.580660057558091219e-02,1.786116593413242725e-03,-5.460890872753408100e-03,-3.177040944002887911e-03,4.958148815378394039e-03,4.774007906609202025e-03,1.917972006954157078e-03,-8.865034005286267236e-04,7.894995776070104368e-04,1.137469057555372416e-04,-7.349067422441175283e-04,8.919955999676781324e-05,-1.129752548242239293e-03,-2.447646084864252714e-04,-4.728029191261710917e-04,-8.048004105381672017e-04,-1.053803433135498002e-04,1.193108844845192166e-04,1.647687346484953902e-04,-1.947918891682160110e-04
5.020473419541980620e-02,-1.061033157148271767e-02,-1.570221853948213300e-02,-7.489582007717413559e-01,-4.734811338628739930e-01,-4.420210529200057081e-01,2.491707670528013271e-02,-9.147705691091005675e-02,-3.198678266844835749e-02,-7.918365207594570132e-02,1.423671124638046896e-02,1.076993378152522147e-03,-2.065409665174224550e-03,4.187275051759584317e-03,9.087327822683186410e-03,3.996745466128218821e-03,-2.180959020747359669e-03,6.139700832064142301e-04,-8.475221427231586710e-04,-3.775715697184180522e-04,-1.277392379538950205e-03,1.346178189668437110e-04,-7.577925847382523637e-04,-5.299562047618057567e-04,3.047783853975927605e-05,-3.047675392095561329e-04,8.253306424430402683e-05,1.375298371307032488e-04,1.028385682248230770e-04,1.425363029806011846e-04
8.588784478144846357e-01,5.059743672863302733e-01,-6.806939947537307689e-02,3.363482596294735394e-02,9.468660659350088687e-03,1.951138667172661739e-02,2.995737341199968505e-03,7.058580842474221524e-03,-3.998351693777632380e-03,1.447815220405056268e-03,2.120839745301476148e-03,9.895054251287743134e-04,1.434104282336701338e-04,2.797643287443958007e-04,3.684410938628194317e-04,1.691432012289325411e-04,-1.375675728313860641e-04,7.325084602695906572e-05,-7.392150398150115743e-05,-1.888509708320697201e-05,4.836084490274014923e-05,3.889169466229799822e-05,1.083943882001398254e-05,-2.021726098761330903e-05,1.313188568502782425e-05,2.953058507224562247e-05,4.473671373659738148e-06,-1.425097948331162492e-05,-7.040525573129686768e-06,-7.045322847867068337e-06
6.993700692458028010e-06,7.184086511053881894e-05,-4.186617608744734614e-05,-8.922193178662800404e-04,-4.229631509720096290e-04,4.457339662938469225e-05,-4.360254830763684447e-03,1.708301629208033834e-04,-1.674504955585078003e-02,1.565931736166444738e-02,-5.804672829197028705e-02,-6.248677105567648077e-02,5.826356366380689442e-04,2.482742967196109249e-02,2.147466131181925419e-01,-3.252010445040446895e-01,-1.963881264256740200e-01,-4.321329835548836096e-01,-5.323191398660802598e-01,8.832423882331946058e-03,3.896064250260853901e-01,4.465286451734092749e-02,2.156427858646657869e-01,-2.607669026169222581e-01,1.836607275952647778e-01,-6.868315167424242362e-02,-1.264404950186037496e-03,-8.965443531959181589e-02,-5.458251748277759274e-02,1.148357425528379328e-01
1.121434441460785852e-04,1.714138854250231837e-04,-6.752482379420591055e-04,-1.162444452226863920e-02,-4.340333597055821488e-03,-3.736649269796422923e-03,-9.087740867429881797e-03,7.905096996492222416e-03,-1.659970754849882657e-01,1.154871406495422831e-01,-4.015854653378422845e-01,2.028951983064045117e-01,7.701658205612371688e-01,-2.953429237850728195e-01,9.156530875256793656e-02,9.027092198366615250e-02,9.247419650518608203e-02,1.260883008734322262e-02,6.472210491910512786e-02,-7.826254617082636922e-02,1.739271450412024078e-01,-1.756028134883583572e-02,4.806343953994813428e-02,7.709567085905472128e-02,9.145653187338897983e-03,-3.247510732600745326e-02,-7.001768090865342388e-03,-8.636806800942551342e-04,2.037855715519427957e-02,-5.832724946763222793e-04
1.798844809013634097e-04,8.317568648189710033e-05,-4.261534775817778600e-04,-1.318952386859841008e-02,-5.003612971940981854e-03,-4.089457533045035530e-03,-1.492561401447936933e-02,2.363826235597346961e-02,-1.924619433036760252e-01,1.265279226712905658e-01,-5.697350134654166620e-01,5.657384661850231033e-01,-3.756304072960001128e-01,1.023229699649135238e-01,-2.289441868618663223e-01,-5.722150306619649442e-03,-2.753976669638685260e-01,-3.441728571280161519e-02,-2.447020289143769442e-02,7.296986347669144612e-02,-8.323744042939763832e-02,-4.794593418793842432e-02,-6.186778120086045690e-02,-7.336347057113520517e-03,3.067492704662764386e-02,-4.296122198161087674e-03,-6.108310513675424720e-03,5.726197548507683428e-03,1.260349470662516617e-02,5.321994121777294008e-03
7.531563755151932918e-05,-4.353416775749804659e-06,-1.055942252648135764e-04,-3.528304265098238402e-03,-2.060258443249948605e-03,7.495105473359637953e-05,-5.231189943174233831e-03,7.318637793473871909e-03,-3.167746034744282208e-02,3.481475030316185520e-02,-1.051508579338733818e-01,3.457195350404754924e-02,-2.978880457530782080e-03,4.876999356800702096e-02,3.150955753551822891e-01,-6.511413827139451715e-01,6.623871559111010887e-02,5.450307281049358021e-01,5.507532363602261199e-02,3.145387794395638759e-01,-1.459839095268835284e-02,2.128996954142734974e-02,1.026888842150250336e-01,-3.065375021630359353e-02,-1.762349596306467814e-01,5.510148048469224596e-02,2.198315626290584662e-03,-7.484040833561821093e-02,-1.674431172310495916e-02,-6.504567129231379752e-02
2.324845554953263111e-05,1.073487220557403833e-04,-1.994673755961502302e-04,-2.567721465722818189e-03,-1.296704145551485447e-03,-1.307029020293207569e-03,-7.913222024325938103e-03,-5.202130965998964102e-03,-1.934351900152570664e-02,4.919460230359768566e-02,-8.795685216750739888e-02,-1.005860119504753819e-01,3.245944463786001322e-01,8.361782405805675555e-01,-2.182850043966876874e-01,2.585440719645093130e-02,3.644510802353996548e-02,1.728433502230792840e-01,-2.324144054681977767e-01,-1.368944746318880024e-01,-4.371954582986756904e-02,1.503659292370523870e-02,8.199187991614497253e-03,8.234401870579844893e-03,5.197121006740337140e-02,1.281953764277090901e-01,-9.509192580825686020e-04,3.157495988099286860e-02,3.501817301050386393e-03,1.514165734063262041e-03
2.563791006930679681e-06,5.333170334422967460e-05,-6.215534079457618372e-05,-1.036876632194905093e-03,-2.981044036793146839e-04,-2.004201809438118363e-04,-1.220994322961219385e-03,1.812404238397340162e-03,-1.920079294638316753e-02,1.336285866079072598e-02,-6.049065814960789128e-02,1.240346319734594860e-02,5.518951502443557311e-02,-3.018153719851137187e-02,3.393975594979529997e-02,-2.559338494491576743e-02,1.170931572998659166e-02,-1.147794577016424400e-01,-5.009057015655306311e-02,1.424717472935213905e-02,-3.195247562878416048e-01,8.867158021198777718e-01,-3.053568595369744038e-02,-2.594150262103540189e-02,-5.552072251202772035e-02,-4.931878973194105814e-02,1.196002481213764568e-01,1.056667186290482646e-01,-2.279045969335935506e-01,-3.090548637839490506e-02
