4.903293762312165190e-03,1.041094748165416993e-02,-1.232120948884374290e-02,-3.211864239121958731e-02,-2.958148605172503109e-02,-1.341915166608708965e-01,-1.524540616392893420e-02,5.607360257028499995e-02,-3.539856319941211971e-01,-1.411264246084328045e-01,3.827165522243911044e-01,-7.664638976428785888e-01,-2.060466971268531955e-01,7.391412351811658954e-02,1.324853613688482812e-01,1.116607116989678794e-01,3.666356511092767889e-02,6.922619377524849571e-02,9.144571154410556513e-02,-1.163406305003663634e-02,-6.083583985551370421e-02,1.867057358447337181e-02,1.794675291008534460e-03,-2.380438974144744382e-02,-7.531463409405748412e-03,2.800429207096625118e-03,-6.685653899430297770e-05,2.224034880824535005e-03,-1.224252271877459240e-03,1.975811688478204412e-04
2.381824926958833310e-03,-9.967824335525908401e-04,-4.090941559519556403e-03,-3.270628982791552453e-01,4.802583166487465194e-01,-1.180955641218733865e-01,7.977609114877931562e-01,6.355817433636617997e-02,2.060278302044159585e-02,-8.165529638449621486e-02,-2.752453068554848795e-02,-2.753994049703664421e-03,-4.361011802987171254e-03,3.780964425396987540e-03,-6.595881513108929096e-03,2.985095007769013407e-03,-1.623722623177400711e-03,1.582678103239114808e-04,4.541383339614999824e-04,1.557732336445109443e-03,2.135818011227565258e-04,-8.162081761266547263e-04,5.443192878489179097e-04,-1.450887671447096316e-04,-4.948241580298662562e-04,4.114896075822654952e-04,-6.198664609782565747e-05,8.281237738206170937e-05,-7.832700131608260263e-05,-1.789105573028223798e-05
3.392994816433164695e-02,7.153993714000243809e-02,-6.600881439970548992e-02,-3.416051049654472149e-01,-2.644115782009328064e-01,-8.673628295279710576e-01,-9.888639706216367786e-02,-7.470749966843256984e-02,1.451001506018970988e-01,7.882091500208457391e-02,1.836055426770917499e-03,8.007558740740677861e-02,2.315379461853349363e-02,-5.071763038691196046e-03,-7.901196119908167684e-03,-1.614234990583997970e-02,-9.796782633176657346e-03,-1.145378486372687632e-02,-1.213495884942342520e-02,2.216931416158230816e-03,1.025773729933544126e-02,-5.426095016946810845e-03,4.379958469398278370e-04,2.349483105688382825e-03,7.969830114427764369e-04,1.528176772460311441e-04,-5.324904964890250694e-04,-3.052748530834630469e-04,4.804195856503525367e-04,-1.661969324107130306e-04
5.004635083169900467e-01,8.602587471741108827e-01,5.128738815438815130e-02,4.460600407829369562e-02,4.225974254694175869e-02,5.506544047684209381e-02,4.869440210499219020e-04,3.139027889022677487e-03,-5.060564302324881310e-03,-1.171508002049260425e-03,-3.513552742733116411e-03,1.782404019081139032e-03,1.569228983832115587e-04,-3.015851192473447935e-04,-4.515403904812839210e-04,-9.006420850141175726e-05,1.472780017705561223e-04,4.653341976306255560e-05,-1.027415846396989552e-04,1.740045432352288371e-05,-6.782340733832175510e-05,1.339781984812700585e-04,-1.220650290204894292e-05,5.669191087853414233e-05,2.499655423038246998e-05,-1.839097344476490844e-05,2.352251051028144777e-05,-1.262864146756937836e-06,-1.573180026700904811e-05,7.299444217873770110e-06
4.195036924083280459e-06,-1.556400696529994468e-05,5.866510007614820956e-05,-4.769090809515018738e-04,-5.550575606798689287e-04,-7.749783881789655939e-04,-1.499480175446573369e-03,-2.386616531854496900e-03,5.643643264841250763e-03,5.741765043357067305e-03,-2.629287630176601817e-02,3.877530546508063669e-02,-4.192640399793794506e-03,5.152453821767918191e-02,4.992579731914121438e-02,2.507627589617102415e-01,-8.119343778608960338e-02,1.788821717495887031e-01,1.331661671324318175e-01,3.032081365396516182e-01,-4.348287766178784985e-02,3.859369483864365930e-02,1.763461650735826669e-01,6.285022507045014972e-01,5.467220424118075517e-01,2.128275430082237629e-01,2.581915425507140885e-02,4.515761957502246321e-02,6.563366204845519358e-02,2.678231301502449757e-02
3.991314712746211183e-05,2.385671228829316690e-05,1.553257444850739794e-04,-3.781497241801025800e-03,-2.113930083355295732e-03,-5.319714363225188118e-04,-7.571690091834449394e-04,-1.092689975462826646e-02,5.236288154063636902e-02,3.051235820841912555e-02,-1.059935947080836577e-01,8.648394717624849348e-02,-7.368225387238859503e-02,8.425091882896506559e-04,1.072131188166315224e-01,1.435011802194074704e-01,1.895227428871641417e-01,1.208119585257172446e-01,1.413621144804485530e-01,1.876710702311832624e-01,-7.110183416018556191e-01,4.824463071427378402e-01,1.348895948172960657e-01,-1.958746373693766030e-01,-1.579210658221854024e-01,1.049321316942036396e-03,9.793594941548000588e-02,6.787358573654141136e-02,-5.508884537343198932e-03,1.436921901832616776e-02
7.758537943823351534e-05,8.081898237688922484e-05,4.353516014545418238e-04,-3.940737817625024689e-03,-1.807479149197561931e-03,-3.823860985383744759e-04,-2.482501926780832004e-03,-1.637578823447788726e-02,6.222705541154293502e-02,2.974246924563904784e-02,-1.976466628661311120e-01,-4.757871501813550758e-02,2.441221032191391027e-01,5.992341351586169540e-02,1.024177022179179192e-01,1.949816931944540199e-01,4.189522282332592829e-01,2.361204346247063879e-01,5.291281170741357620e-01,-3.934226324955675813e-01,1.936623285300006214e-01,-5.963957468344198432e-02,-7.160353799739500695e-03,-2.525437041092730150e-01,2.167277711157502840e-01,1.543891818689825668e-01,7.497907327758695888e-03,4.774946646469039289e-03,-2.252399758574250271e-03,-1.066468443808943865e-02
4.500348832879921406e-05,6.276168639112491817e-05,9.280994924250214595e-05,-1.498077605553232994e-03,-9.402724804942924923e-04,-1.083181601282063537e-03,-9.625517283942151359e-04,-7.706623933759796166e-03,1.462989923486895417e-02,9.903534611994712147e-03,-5.484153915568241305e-02,3.900444019842800453e-02,3.609474632801823457e-02,3.948487196752787504e-02,6.848613908891443280e-02,3.328599474249138157e-01,1.609650104457251846e-02,3.394861813348654805e-02,2.035806355383451005e-01,-2.512046734816332227e-01,-6.211709094512295193e-02,-8.472759792063312700e-02,-2.103975235955197753e-01,5.639629465753016602e-01,-5.277008663816296075e-01,-3.412567905960025016e-01,1.234935203602376651e-02,-6.477083460853339664e-03,-4.779801190456366838e-02,-4.871060495387565144e-03
6.325350248126554747e-06,-1.107901855312846356e-05,2.061726829445574506e-04,-1.079047509242618205e-03,-8.832098237160651176e-04,-2.205449277471043272e-04,-1.114249922157978549e-03,-6.676212993293993876e-03,1.033168580582039496e-02,8.778422676080041911e-03,-4.627455414495538349e-02,3.590525446458542325e-02,-4.334424243110897995e-02,3.312089118498512397e-01,6.203847349425248986e-02,1.040034300539825624e-01,6.491116045059295604e-03,6.741068159076720745e-01,-5.867830591847503774e-01,-2.427193795544845545e-01,5.869926245843662621e-04,4.562660332684733561e-02,-5.396336377476750740e-02,-3.636099915574746849e-02,4.836424631504885469e-02,-5.612008745130174503e-02,-2.027563296137036009e-02,2.524097004400015394e-03,-1.128931964845736324e-02,-7.436322911715899375e-03
-2.273469705714394394e-06,-1.558007063938613863e-05,6.323032031810121563e-05,-3.152104404339926749e-04,-2.053543203845458647e-04,3.647100175373277874e-04,-1.101700174584562274e-04,-2.620043187916921458e-03,6.730373294724109265e-03,4.768323275592804313e-03,-1.812620184179503102e-02,1.437955624916389431e-02,-8.169577986459746269e-03,4.285787887327588246e-03,1.710228280730612116e-02,2.719693484140004586e-02,5.653474081424580272e-02,2.480902240789053734e-02,2.956938118654795639e-02,5.184386887782027609e-02,-2.084362711292683246e-01,-1.651411716250856254e-01,6.567659236669504130e-02,-1.660377096467465646e-02,4.816514567993242235e-02,-5.859708268093390821e-02,-6.341007998688906744e-01,-7.116841644054258120e-01,3.544373034883711165e-02,-2.022518954948740368e-03
3.160134058473773773e-04,-5.326532565320226320e-04,5.828523542116320968e-03,-4.883981607546127035e-03,-2.927553963865439559e-03,8.814469933454911798e-04,1.783176944501647238e-02,-8.039749094910016158e-02,-1.036487183977124471e-01,4.187019614637767922e-02,-1.211394183485165060e-01,2.913354781452626163e-02,2.116375575458260272e-01,5.365129073572932894e-02,9.133998601505268766e-01,-1.523049044437487787e-01,-2.002154961578926640e-01,-1.244409612301065476e-01,-5.579747828496402218e-02,3.747711526883543663e-03,8.887794601446608739e-03,-1.708233528798889372e-02,5.975551486588345090e-03,-5.038168110695979279e-03,-5.631348309873876988e-03,2.629845969822198690e-02,-2.608248026430300300e-03,-3.170940746698065055e-03,-2.497282835919775973e-04,-9.730642519008720834e-03
-8.046365570177659899e-05,1.001324510494327579e-04,7.783170179769793515e-03,-2.206517893543420705e-02,3.925180683868471215e-02,-1.172695436703613710e-02,-7.309430884552682584e-02,-5.942979234454968118e-01,1.332995591362708468e-02,-7.838031994336024377e-01,-1.495308093163930652e-01,2.425889122905889803e-02,-2.778501199857711518e-02,7.313100786388967078e-04,-2.941910271841403565e-02,4.801786560977017171e-04,-3.260322961600653231e-03,-5.827922347541435004e-03,-2.196592796310160422e-03,7.098652652229273628e-03,1.632418613403999750e-03,3.155703780885578738e-05,2.453850938763458504e-03,-1.773977508234026845e-03,-3.176014734645922228e-03,2.848794847744737235e-03,-3.160220666196819839e-05,3.382252583146282544e-04,2.451632014197016205e-04,-3.600170121969001390e-04
2.254758459525325279e-03,-2.359968147028610689e-03,4.290767732838086240e-02,-6.303834862393610516e-02,-3.594457882343290306e-02,1.071676015306576718e-01,1.369489248058213815e-01,-7.814140903605555355e-01,-1.240060176529902830e-01,5.589419523547783930e-01,1.035912733732752972e-01,-6.807908608959813146e-02,-4.214326444304702241e-02,-6.029545494383540920e-03,-8.091190861475083818e-02,1.434159699099822084e-02,2.015176657468955614e-03,1.192584549061503386e-02,1.085110593852612812e-02,-2.934324937472417710e-03,3.202802740326151764e-03,-8.999710636349823271e-04,3.815175783237958942e-03,-2.008188253414390761e-03,-5.112297340009611200e-04,8.728757504641611450e-04,-1.076342712718382022e-03,1.924623109654905687e-03,6.231961661460481061e-04,1.277984792226972630e-03
5.668695722215966182e-02,-8.223546139146566125e-02,9.854037126751146181e-01,-1.160943884301467582e-01,-4.431353274583536839e-02,-2.337759961064345485e-02,-2.517291167878405941e-02,4.443890231338639557e-02,-2.521638619382756113e-03,-1.972667963224785173e-02,-2.014878829822013516e-03,1.312052093776173208e-03,9.502658343281044034e-05,-2.547345362901545416e-04,-2.115643487530037125e-03,3.127462135287397511e-04,8.674219947094921309e-04,1.877697642603404085e-04,-3.899747175730964866e-05,1.359840427357161883e-04,-1.938612137618692143e-04,9.228853703611388361e-05,-1.231038869538534112e-04,4.997927481065376300e-05,-6.605109295720536226e-06,-1.926361759534181938e-04,2.978128175166869289e-05,-4.273777657322499714e-05,-2.854634881747880074e-06,1.267414489777064248e-05
-9.297908561471668374e-07,-2.035604625834965042e-06,3.667286331568250953e-05,1.465629715007310382e-05,6.257649513165760321e-05,1.104960510463733530e-04,2.019179528100331004e-04,-1.219768902957481336e-03,9.964878506265981324e-04,6.966543561401153384e-04,-2.884536459664532610e-03,2.899494916374048981e-03,3.044654934441034470e-03,1.271857130422357325e-05,1.416267442144409326e-02,2.678838856194223905e-02,-2.945392415135537727e-03,3.321682243555804104e-02,1.640977925214042940e-02,5.982732193950829336e-02,4.815489045523354411e-02,9.750783580245512075e-03,-1.342033091147206425e-01,-5.937906660055079777e-02,-1.241284969005147613e-02,-1.196779944429315623e-01,2.900556223799838906e-01,-2.262265994098594801e-01,8.783659183403221826e-01,2.209693589779418710e-01
5.467446242617005247e-06,9.947000986442774392e-06,1.894324922351273447e-04,-1.160620796971243568e-03,-4.089746892326946172e-04,3.503169394292840770e-04,1.066819183516500924e-03,-7.197119598502481168e-03,1.709682385772196000e-02,1.053420619575474830e-02,-3.963009483606039912e-02,-3.399190202871842786e-02,-2.872746156460661074e-02,-5.281789855727071770e-02,3.558963039894697672e-02,-7.027173592181863715e-02,2.838406100372582452e-01,-7.232517731509013892e-02,-1.220232789911170068e-01,1.344208669921845845e-01,-1.489269456765952293e-01,-1.572175313805962774e-02,-8.321844210180773249e-01,9.257712501974769970e-02,7.944504068906027561e-02,3.384338084214692510e-01,-9.151660168287643893e-02,5.144633805445399111e-02,5.060842827964835006e-03,-1.132117021996786183e-01
6.975516036327183102e-06,1.047212926142991096e-05,3.426569901420993807e-04,-1.106640977780363718e-03,-4.812221994597675042e-04,3.984579733654163274e-04,6.338686051257333724e-04,-1.207670682692736988e-02,2.555492745317245254e-02,1.695526154363624638e-02,-9.718389329078097605e-02,-1.500425447929427392e-01,1.867594287330706648e-01,1.607535694636981483e-02,5.801636605587057877e-02,-1.290290344675800727e-01,7.115081492645537464e-01,-5.988297767943712158e-02,-2.617080585489975353e-01,3.513510909115031278e-01,2.026413293076307631e-01,-2.942204016699537586e-02,2.741941918808893375e-01,1.693728120421324757e-01,-1.560746503476675984e-01,-1.667182968900414175e-01,-5.089466187513708856e-02,8.319347346665247056e-02,4.802653915068959972e-02,-1.620425090033482743e-02
3.179100547847352442e-06,9.036030606367347843e-06,8.723742161858546789e-05,-2.559650052353848047e-04,-1.654129000709770681e-04,-1.654071298120181875e-04,3.508996835817050782e-04,-3.552839653938827478e-03,2.595414465390429200e-03,3.499229606439239505e-03,-1.078821921944839689e-02,-1.747948502768636309e-02,1.303033280782454895e-02,-1.956784931595957535e-03,1.194212276033425335e-02,5.331909533260235229e-02,9.461333789662623728e-02,-4.971946115851088449e-02,-8.384644437742176659e-02,5.672017928405833492e-02,3.823505691345938790e-02,1.712944678396691135e-03,-3.823736512826434591e-02,1.758146300174351709e-02,4.935918551006302640e-02,2.018660021348006595e-02,6.682632019601992823e-01,-6.184549916966580740e-01,-3.619391020360885891e-01,-9.259520484278964403e-02
-1.783527916485149126e-06,6.444267222042458554e-06,1.323589014928875371e-04,-2.817205060187214513e-04,-1.465315096375750716e-04,-6.228014646714583231e-05,1.013604602635973006e-03,-5.907688622407879925e-03,1.789743735558326160e-03,1.367423966228844753e-03,-7.396099485425652528e-03,4.570954462001038457e-03,-1.738783475691865060e-02,9.577244254521932731e-02,1.651229388725239042e-02,-5.256171491472323015e-02,3.554354927444801360e-02,-9.808276554658174051e-02,7.341226392336837325e-02,5.102354306413430657e-02,-2.339933715383260213e-02,1.333107618112094606e-01,-2.560544212578088064e-01,-8.373784533826808540e-02,4.875368183465413341e-01,-7.876226922258990903e-01,-2.345760435450443618e-02,7.285263213547860106e-02,-1.168593810535894645e-01,-6.792775035179998699e-03
-4.970080794837178130e-08,-5.236157160374800404e-07,3.535107161676065906e-05,-1.086987705564560939e-04,-3.759385009040826074e-05,-5.040909783507603706e-05,1.286040679174697886e-04,-1.467906275889395472e-03,1.922320576454118095e-03,8.983029156683544191e-04,-6.479586209705801188e-03,-3.513561073993057456e-03,2.712891416187103704e-03,-5.965089832526775625e-03,1.593497674322212967e-02,-9.916940571267733595e-03,6.021746106695669010e-02,-4.284798064654525909e-03,-2.908345676728648493e-02,2.060993711308554618e-02,-5.266853367645434741e-02,-1.160591361846997072e-01,-7.132120698264191039e-02,-6.826949011904445870e-03,8.159314090658051355e-03,4.187701617510225516e-02,4.542396335166914816e-03,1.936587406669190020e-02,-2.388547356729772420e-01,9.560251646869579734e-01
7.121098049441131062e-03,8.860382288795778504e-04,-1.936331858365461858e-02,-6.221245681252262488e-02,-4.763005776251288959e-02,-9.117668245872620481e-02,-7.022672417694647735e-03,8.287995880652473946e-02,-8.737160890033704996e-01,8.264508518033402903e-03,-3.855875775518539106e-01,2.032966459016609384e-01,7.031262293298332598e-03,-5.183495839227163227e-02,-1.440522009126762870e-01,-1.412546048188256277e-02,2.760171636466736758e-02,8.133174550310996384e-03,-9.737968030014702153e-03,-8.321729471124767439e-05,3.360119177184385606e-03,9.259113252185766432e-03,-2.304632855239556726e-03,3.532212424525686591e-03,2.245015566288920215e-03,-3.879694997712460763e-03,8.990626543237665615e-04,-6.704995870550779086e-04,1.934966147935549918e-04,1.283475556566797925e-03
3.327927810392996254e-03,-1.010888237565710224e-02,-3.964074064502721290e-02,-4.859518871414971186e-01,6.504796253621140112e-01,6.707958806417178843e-02,-5.688617647098425101e-01,-7.991390682328536679e-03,-1.748464052434792193e-02,9.691616073501566064e-02,3.292837026088298730e-02,7.054535563118893328e-04,5.914942024794296246e-03,-1.600603528918743794e-03,6.775267838595516560e-03,-1.766598636432566236e-03,1.416143674016212333e-03,2.093331324425286744e-04,-3.559920619749725877e-04,-1.320898002865081690e-03,-4.876186873799834916e-04,6.046888012841880166e-04,-3.836892875544921453e-04,3.700873328297504773e-04,5.685937752005572245e-04,-4.171817031836467572e-04,1.976189074168014864e-05,-1.224893365343094113e-04,3.409338711419433818e-05,2.568685612468860237e-05
4.933420615418147859e-02,1.207424417458469179e-02,-1.028166100892448642e-01,-7.165018923729403744e-01,-5.160230590526974082e-01,4.325601723665084553e-01,6.499563620309072032e-02,8.229711568622090356e-02,2.999999977239920998e-02,-8.635463236866346148e-02,2.327041229084530691e-02,-5.173441281483450241e-03,7.767453598693269991e-03,2.708026878247473974e-03,9.633540593459328019e-03,7.646057606872524613e-04,2.081098836801755251e-04,4.552384866730795564e-04,2.749828173674693393e-04,7.129182526048907743e-04,-1.065593546521117303e-03,-2.850974664991768508e-04,-4.135906543201300087e-04,1.746733490883988122e-04,2.446992812645073405e-05,-1.148388365892828077e-04,1.424502118816532205e-04,-1.278825331715265209e-04,-1.056396865931993239e-04,-1.164333288752763786e-04
8.617662194990203250e-01,-4.977048953988597590e-01,-8.583855471511056545e-02,3.984705710452349919e-02,1.514811647856654023e-02,-1.975435284680498657e-02,1.316662292095324835e-03,-5.647721083721666396e-03,5.219511278155079294e-03,2.816620312937601327e-03,1.692005734386633868e-03,-1.007822775020182160e-03,-2.936661381403088606e-04,2.367550712222282348e-04,4.588395368530827161e-04,4.643873895803888880e-05,-1.488132682040366433e-04,-5.925319975520482581e-05,4.831393763229103983e-05,-3.093678851203980444e-05,2.835476586151489917e-05,-4.698651192301619186e-05,2.172494107086578991e-05,-2.434125176832719755e-05,-1.102605262359603672e-05,2.864540801594560234e-05,-9.094639485846098782e-06,7.491759264550124641e-06,2.195392939241564149e-06,-4.222587098398624315e-06
6.455084709353483523e-06,-6.434139669706766403e-05,-1.261930168066647325e-04,-7.779802372997701677e-04,-3.647450952508228322e-04,9.520866150506259807e-04,-3.963614420449170124e-03,3.486508322451685720e-03,9.700542667479328252e-03,1.343865096000005505e-02,-4.942839266906118301e-02,5.168336312086673628e-02,-2.026095824596033101e-02,4.368383440593881506e-02,5.565203506350381579e-02,3.792699338694092703e-01,-1.820212128877758961e-01,2.662730573846142645e-01,1.629392278896831248e-01,6.401800129901384917e-01,3.146687637234563129e-01,-1.250729986467668808e-01,-1.593246995966792479e-01,-3.139682605241433389e-01,-2.145015957474393220e-01,-5.949432901326751760e-02,-5.474539664042018389e-02,3.029201527395573856e-02,-1.096386134671015061e-01,-2.830549951274092396e-02
1.021074654302987702e-04,-2.035566189525399110e-04,-9.169399038398281469e-04,-1.238522812005820456e-02,-4.998038031820742876e-03,1.048428818194369928e-02,-1.183524862034921431e-02,1.819825870587218897e-02,1.423900483318251697e-01,8.092056443460389492e-02,-3.837558701624608770e-01,-6.310951981933822508e-02,-8.023070304810323572e-01,-2.846586729695932960e-01,1.847534107376838097e-01,-6.461062553675910036e-02,8.564297879984025808e-02,5.449497560240325333e-02,2.946312560227572208e-02,-7.394233180723694399e-02,1.883246080858023974e-01,2.286547860938840590e-02,5.164945585902817882e-02,3.782495658459903570e-02,1.131743530709808376e-02,-2.652479858960098136e-02,-1.436438980250314031e-02,-1.662226320099382398e-02,-2.178549783449966470e-03,9.124378677983749700e-03
1.642760164580273346e-04,-1.126038997473263054e-04,-6.529239781425389940e-04,-1.255183122877614500e-02,-5.230380805125133849e-03,8.849063022289880773e-03,-1.992250947288938534e-02,8.091567699060974936e-03,1.810287673397917019e-01,1.019039550724141763e-01,-6.379822656584521745e-01,-5.565368366976191083e-01,2.876857496476030729e-01,2.026529787827726151e-02,-1.993978847603572468e-01,-9.711858585924099119e-02,-2.998556035050284896e-01,6.074293080812451923e-03,-4.043921725677801504e-02,4.769287366943709972e-02,-9.551755498326751359e-02,3.417609621643658002e-02,-3.213363449572273489e-02,2.977719879201634265e-02,-2.226663974378529157e-02,-1.176512942478804245e-02,3.543406096460771908e-03,-1.372945457306568029e-02,-5.681989832633667012e-03,7.716202486870702738e-03
7.129949866650290278e-05,1.625110838654647672e-05,-3.046721546314307876e-04,-3.222043612969623799e-03,-1.894599037849562309e-03,1.478713341574689746e-03,-4.550170880841216021e-03,1.716837993999704081e-03,2.536062974589457786e-02,2.516847600727134190e-02,-1.176517968664296115e-01,-3.552558581170141977e-02,-3.146535508197319253e-02,4.154603907776689697e-02,2.700321591439678454e-02,7.153042379181036026e-01,3.937763030859837282e-02,-5.131956895966001131e-01,-3.584126268441769625e-01,-1.370144616954792338e-01,1.242420016075205906e-02,8.537602269575226763e-03,6.072843266913161703e-02,-1.540620613410843831e-01,1.257353418356384478e-01,5.747918011501630675e-02,-6.024336829022220591e-02,5.529715678961120290e-02,5.303936587340924574e-02,7.566518500361696896e-03
1.559436017974435033e-05,-1.064318533697715331e-04,-3.537468102336679163e-04,-3.171908564227574143e-03,-2.113475231375616659e-03,4.259292673707693391e-03,-6.831468259600626848e-03,9.275397754022701377e-03,1.633814923745238387e-02,3.197060129265227868e-02,-1.149284760786179888e-01,5.206471424691497263e-02,-2.668060712504618515e-01,8.791997640130152503e-01,-5.185773772052166414e-02,-1.505595644175571624e-01,2.785721423184206111e-02,-2.422526396036644158e-01,1.706925260197877381e-01,5.962914788123176157e-02,1.913175682498707494e-02,-4.453540580858701692e-02,1.699460588468270500e-02,1.397610578843921404e-02,-7.364878399562578559e-02,1.098102367801444684e-01,1.569935408059723245e-02,-1.036809541469174874e-02,1.607335234118259168e-02,2.961573335518004769e-03
2.328910594687592493e-06,-5.405946812206314535e-05,-6.044036119845403078e-05,-1.176774592190091024e-03,-4.261249362653893292e-04,1.523028702212020575e-03,-1.936167974236764318e-03,3.505045066955382463e-04,1.581625050216424466e-02,1.186065189291532311e-02,-5.648856505973331998e-02,6.262904419532449272e-03,-7.731023435113883180e-02,-3.214894790067528152e-02,2.271817285661437841e-02,4.797562710306168057e-03,5.287986993250698431e-02,5.308624751614859916e-02,-1.639422405265486549e-02,4.357056192062363359e-02,-4.351666090114241214e-01,-8.204064958228959314e-01,9.055061555067199508e-02,-9.795454136261719236e-02,8.405069852910082573e-02,-9.052398016890994548e-02,1.941470671936968984e-01,1.824991477267907114e-01,3.592358534544880244e-02,-1.151526440186435435e-01
