5.043294984385702541e-03,1.071694353598640591e-02,-1.301679882791631840e-02,2.988314069813250567e-02,-3.358774788304857983e-02,-1.266804128014309416e-01,4.461110889074381552e-02,-2.940138016198714718e-02,3.391544482100136704e-01,-8.464259547011721008e-02,4.668477548993134052e-01,-6.816156849029153530e-01,2.863509587654344823e-01,-2.041065856157561476e-01,-1.176304407839087462e-01,1.023950784148508625e-01,6.507694690972216922e-02,-8.020706817494921426e-02,1.883633293143724061e-02,9.815456536515447528e-02,-6.714361609866431602e-02,3.999264928445950100e-03,-1.243573112635085187e-02,-2.355848405395891132e-02,4.740503899652828007e-03,-8.807333087396430893e-03,-5.702989959307990138e-03,1.646060610679371625e-03,-4.543581719951643970e-03,2.135571527263399345e-03
2.988681513187783911e-03,-5.056380764455361068e-03,-1.144650128856915076e-02,3.632255270252034984e-01,4.257692957842083015e-01,-2.751694086636554681e-01,-7.746088226952337896e-01,-7.230421906193842951e-02,4.369595402151470317e-04,-7.434022803729310735e-02,-8.292514086680672150e-03,2.825761070001446898e-03,1.301588104277533881e-03,-3.555630150988562310e-04,5.430605563892893992e-03,4.236593948797861761e-03,-6.632411252101416406e-05,-2.141039746581443332e-04,1.699227020803438385e-03,-1.254362836004488938e-05,2.601199090245547474e-04,-4.549067457225099858e-04,6.224961486765175469e-04,1.433902023164731663e-04,3.309546719410865964e-04,-8.880611626414874026e-04,-2.184189342774956540e-04,2.229619762961329829e-05,-1.727982548356511109e-04,3.656442054380901619e-05
3.488461853742127333e-02,7.282685486911227857e-02,-7.216970940296225934e-02,3.079556489802816044e-01,-3.148296551892605377e-01,-8.314793855927695709e-01,2.536448123839633029e-01,6.623933945246369970e-02,-1.326371388629311310e-01,8.274223170296154950e-02,-1.516549853525486595e-02,8.327434574076618412e-02,-3.490594251497330242e-02,1.542809155285301478e-02,1.118835217657473437e-02,-1.702160454459366798e-02,-1.487837851621016429e-02,1.303985286472932742e-02,2.420212355780395171e-05,-1.484967899922309299e-02,1.139562031569931778e-02,-2.861716830694435807e-03,1.649136770719501289e-03,2.313888644742746227e-03,-3.507077155849896077e-04,1.036455897942372729e-03,3.080264197589514287e-04,-2.520046960999300931e-04,8.750401866974603319e-04,-3.447010688476870375e-04
5.120837276556166051e-01,8.537498160270207137e-01,3.423005800628416834e-02,-4.088585638447898157e-02,5.540612966766843284e-02,5.292464189099557736e-02,-1.120046346559292090e-02,-2.679402084916661375e-03,4.218253373334666934e-03,-1.305890073486195950e-03,-3.666383778987041160e-03,1.015122325925955525e-03,-1.915032427796027495e-04,7.480401314180346040e-04,1.608349522371821979e-04,2.424592847608262445e-05,1.603945301117269044e-04,-4.838967397146785518e-05,-1.517551375108790667e-04,-7.301466391287281439e-05,-6.951231380518761293e-05,1.080419710062779242e-04,2.494223368597293247e-05,3.841735589967007442e-05,-2.556177310561247846e-05,8.028019960297259891e-06,2.256172639496928367e-05,1.035833260864951981e-06,-7.260209786950354970e-06,4.457032091684485104e-06
4.240298184000810672e-06,-9.826606752748013950e-06,9.538247245801090822e-05,3.944778389944496636e-04,-9.041111146824841894e-04,-1.471885759058394027e-04,1.469433366262381776e-03,2.882981473466715659e-03,-7.378221457981437408e-03,5.485292712294112917e-04,-3.256021319257720870e-02,5.326797189330651633e-02,-5.317162917741334593e-03,-8.649745996837021611e-02,-8.177993210618000886e-02,2.218095840250704220e-01,-1.244028986244938989e-01,-3.585707781318615006e-01,1.210074311497324889e-01,-1.541247102774745241e-02,-9.972754861748962460e-03,9.054844178885647354e-02,5.095676585170789696e-01,4.343764162006664709e-01,-5.029030405809125082e-01,-1.979508586019308458e-01,-2.083247779913643960e-02,-1.600524342577579456e-03,-9.817792520419592328e-02,-1.220539567651467705e-01
4.135311772227480821e-05,3.777016630211892556e-05,1.378386744685815616e-04,3.274138511347482374e-03,-3.147684009582142357e-03,-1.992245970882365515e-03,-7.605050451478945076e-04,9.169658608187632870e-03,-5.691974729780817366e-02,1.796025423372854535e-02,-1.285888731422541731e-01,1.063791535568881924e-01,5.579434967820436075e-02,-3.485876276084712289e-02,-1.450250328988017257e-01,1.367464605765481012e-01,1.990898309724443704e-01,-2.533966231765907295e-01,4.340942588963715015e-02,3.058183817957427220e-02,-8.092523606214122589e-01,2.914499857005979355e-01,-3.336396582924814475e-02,-2.094143458094744614e-01,1.323966404101485084e-01,-2.207441700245052485e-02,4.273725478334981787e-02,7.878989850429484517e-04,-1.143371166652260434e-01,5.849353493422881391e-03
8.496128286057112223e-05,1.283308933221643828e-04,4.337826829710644838e-04,4.168238681591345321e-03,-2.871279477844183078e-03,3.204560241498735033e-04,-1.465081538286060496e-03,1.542341742534611426e-02,-7.508582893704762729e-02,1.387201942473518558e-02,-1.820272643760633968e-01,-8.031090117978760545e-02,-2.848914783551903529e-01,-1.516013935697423931e-01,-7.682763876126091906e-02,4.318269205701422836e-02,4.460346464863962912e-01,-5.891902013081797007e-02,6.923546979965608528e-02,6.878128108006865693e-01,1.981784737548217545e-01,-6.323653982004914798e-02,-5.038834360877795214e-05,-2.553773649733544482e-01,-2.205675888805251617e-01,-6.624961332240500433e-02,1.944867402382161048e-02,4.595308862620695566e-03,1.328766783484588120e-02,-1.431644386675213695e-03
4.685050804053236627e-05,7.532229491364814383e-05,8.974792551008364415e-05,1.413229664181838438e-03,-1.577227669965741361e-03,-3.732732519691394301e-04,4.808041135549976394e-04,6.738051356360998979e-03,-1.978112251527907456e-02,5.705124879227987077e-03,-6.302451188170900276e-02,3.007118674018094059e-02,-6.437257858330298899e-02,-9.311994398471377943e-02,-8.065748447222592654e-02,2.779222896615427540e-01,1.199578483767915760e-02,3.566234872421186752e-02,-6.086019502955322680e-02,3.493809750435396544e-01,-1.958895462965559026e-02,-6.156034840568527094e-02,-1.081953315470614296e-02,6.439853766326602003e-01,5.726841801470037296e-01,1.481896592398550538e-01,-1.304659602394248096e-03,-1.807310150162872928e-03,-4.222962572826011694e-03,4.408434515624090611e-02
9.259639003743409862e-06,4.481910807019176137e-06,2.239786003404554645e-04,1.020390497092492311e-03,-1.401625494256204633e-03,1.851622332097454604e-04,-1.209331434037693278e-03,9.255691125423145746e-03,-1.377408267403254158e-02,-1.512192674649300277e-03,-5.290014339836518475e-02,8.316775593290293145e-02,4.817008761294278713e-02,-3.477347409561938330e-01,5.164184910968250969e-02,3.331080776894940892e-02,5.031657753152112694e-02,-4.306525377596042148e-01,-7.828478929980631218e-01,-1.105343138856939161e-01,1.488802365120581173e-01,6.408671321196848965e-03,-1.234865974740494421e-01,-4.995830841223592583e-02,-2.691719158650824131e-02,8.943751623338688783e-02,-2.509300531908500650e-03,-5.674526949375708305e-03,5.893288107560058948e-03,3.429495313481157465e-02
-2.476966796133977744e-06,-1.710202422985302785e-05,5.564118388525789616e-05,2.819249711174698792e-04,-3.001328454640805193e-04,2.480077035987549548e-04,-3.040619123646873278e-04,2.603934593775866172e-03,-8.195832594204019439e-03,2.697225754881449594e-03,-2.132168130698111619e-02,1.783861896465986641e-02,3.616631253720698456e-03,-1.208517411107455468e-02,-2.061485746194473626e-02,2.982465861541878233e-02,5.799301283349117542e-02,-8.140080217261676243e-02,3.717627031732519821e-02,-3.113339322697137451e-02,-1.856635132606254401e-01,-2.194240742539471933e-01,2.589734119263119999e-02,2.851211831998298057e-02,-7.238607410881144066e-02,9.509762553870768076e-02,-4.685361214982506350e-01,2.182929062848603177e-02,8.145847929417266986e-01,-5.827159066598040088e-02
3.176299141600134120e-04,-4.014752187260520145e-04,5.754415539833936805e-03,4.799209055628897783e-03,-4.400950843514347607e-03,2.581524052052418554e-04,-1.540492743093906450e-02,8.500296291932941950e-02,9.878453631695165160e-02,1.635000993560137630e-02,-1.266151254670924431e-01,2.027802022900363019e-03,-2.514242608097785325e-01,-3.668426784132545193e-01,-7.858130529294184985e-01,-2.219981013573134598e-01,-2.254241542909995177e-01,1.757194907890007873e-01,4.017480363801776387e-03,-1.348845526711577036e-01,1.760733731703263303e-03,-1.615761728503439798e-02,-1.686962913964343280e-02,-2.313026094813254094e-02,3.627065089633191991e-03,-2.394584511908720223e-02,4.634093719540563136e-03,-3.214782385495106552e-03,1.323637308376920778e-02,6.812310256076081587e-03
-4.345675886590650032e-05,3.362363472880991141e-04,8.321613548166500313e-03,3.003940509541289106e-02,4.120618371450099349e-02,-2.495897156194740694e-03,5.860626664474634373e-02,5.948417544406379154e-01,-1.003825364031566969e-01,-7.914232345743018593e-01,-4.346489105597044905e-02,-2.914074718094519616e-03,2.345096149415329748e-02,1.775407348371106295e-02,2.539063112060985575e-02,1.027182990297456459e-02,-4.375811122261714058e-03,5.164232455061174010e-03,4.844781611288459348e-03,-1.958513719309839824e-03,-9.212361427693604348e-04,-1.396161768882410144e-03,2.085233546856800433e-03,-3.316713323374702229e-03,2.873217440167405955e-03,-3.540289333831701715e-03,-1.796243169055589237e-04,-1.917587720491517036e-04,-3.505461740906570117e-04,-5.820014377212870188e-05
2.275951509023043350e-03,-1.573269653512177936e-03,4.138432624960625833e-02,5.582803117909800744e-02,-4.547590657451797136e-02,8.286506929867813731e-02,-1.565470770553051005e-01,7.854715960470178837e-01,1.032605526684245295e-01,5.678468474152503775e-01,4.060054063568811072e-02,-3.880619386474577770e-02,5.086632444378996754e-02,2.992118654525132565e-02,6.426746814518916051e-02,1.767235327977313003e-02,4.830759973969760319e-03,-1.614078337694067888e-02,2.228696878618104549e-03,1.483725304699436316e-02,4.277710356527287400e-03,-3.926442125326033228e-04,3.559514793776653516e-03,-2.205059214733824571e-03,7.886774047912210482e-04,5.829980738032310410e-04,-2.871910032688640944e-03,6.702213986170555207e-04,-2.761892942062037053e-03,-9.934610643617764955e-04
5.823822855623821820e-02,-6.350205600282712859e-02,9.854857298545376398e-01,1.215128584896866260e-01,-5.730351759799116873e-02,-2.040642137168154763e-02,2.477794375205323932e-02,-4.377376007853672063e-02,3.721186657745135726e-03,-1.942386917290062076e-02,3.143272234751145675e-05,5.571406843532524612e-05,1.124895703253362198e-04,8.296967252056939917e-04,2.169709812857875762e-03,6.674760150021100862e-04,8.996358153867284888e-04,-3.623506671607266191e-04,-4.705698972146674027e-05,2.235359078164024483e-04,-2.689276861381941896e-04,2.908121301181459603e-05,-2.697553402044832656e-05,1.327052234866318132e-04,-7.011048306603487873e-07,1.239333020227364720e-04,4.805664915262876141e-05,1.242873790010378690e-06,3.337943053321963037e-05,-3.820011291774761810e-06
-5.915278801958021373e-07,9.728986510406754883e-07,4.522951112079490914e-05,1.453636481662345322e-05,6.120170968196693255e-05,-1.344661979986857815e-06,-1.865096112412855181e-04,1.081720123613945242e-03,-7.966033414919315237e-04,-5.406831560700671620e-04,-4.234305679033750942e-03,5.532305201318222024e-03,-3.874490831480155960e-03,-1.109767609056959772e-02,-1.771468817980910090e-02,2.996059267215004512e-02,-6.407475742485082247e-03,-5.037135566082158455e-02,5.075708400186356578e-02,-5.388177550550342365e-03,4.674875628837103780e-02,2.901620617662363510e-02,-2.026757106775841366e-01,-4.696635164349581906e-03,3.026223128224825309e-02,1.581976592581263996e-01,9.873761519188935243e-02,-8.843747753831135427e-02,-8.651270605271750222e-03,-9.516836274067448365e-01
7.655114397856561443e-06,2.641415622581477052e-05,1.749528810579029602e-04,1.096764329126202059e-03,-6.566726706477321899e-04,-7.280455019325341370e-04,-9.621409833787847614e-04,6.201992401599425511e-03,-1.935819093637362182e-02,5.330422918173446586e-03,-3.915494157394090041e-02,-2.898611371339156542e-02,2.004477522030416112e-02,3.507869483392904442e-02,-4.117052257894365797e-02,-6.100789010643856841e-02,2.580047277624174518e-01,-8.606297656721920500e-03,6.509310761727075956e-02,-1.304892527064487051e-01,8.477876559064210366e-03,1.298073223706147916e-01,-6.810738801130996611e-01,3.965616295073900455e-01,-2.246763422665274124e-01,-4.451126938984356629e-01,-9.768346436167726909e-02,-4.699315308806835401e-02,-1.746187309146229825e-05,6.186963930500133380e-02
1.185971562022651487e-05,4.601581723151269241e-05,3.021498759342920422e-04,1.384257071387358330e-03,-6.810980255707025548e-04,-7.112097520943033669e-04,-1.703336525965268257e-03,1.221282299546680959e-02,-2.953012473034562213e-02,7.003207587981767450e-03,-7.260893111072769246e-02,-1.621422445574696170e-01,-1.809209580769475523e-01,-4.378951762061124992e-02,-1.666267813045301319e-02,-1.189774700421358661e-01,6.699104502825889984e-01,-7.215779411781690633e-02,1.359140667657769419e-01,-4.966482301858115567e-01,1.580487797282136564e-01,4.411793873775601837e-02,2.779867157038664605e-01,9.161799154011834867e-02,2.034810268266335764e-01,1.700973975465639165e-01,-8.059678468648219518e-02,-4.540501706928243980e-02,-8.666370808183436469e-02,-1.255728728502439502e-02
3.818062048706224197e-06,1.585982809964255045e-05,6.533466500012412152e-05,3.180135795462006002e-04,-2.619012660358814603e-04,-3.398998563050104667e-04,-4.539371966433070125e-04,3.779497289965560829e-03,-4.029121935449917272e-03,3.651534683239273868e-03,-8.535336216789856170e-03,-1.974505780271781918e-02,-1.534428041392512168e-02,-5.826179696964358529e-03,-4.992395703728820175e-03,7.324859062760621931e-02,9.166246769314101428e-02,1.137834705018147055e-02,2.182731409071310066e-03,-9.889197069696098463e-02,2.118539642399582326e-03,4.289693260942368386e-02,4.016527180454296936e-02,5.345140926955870009e-02,-1.227029310584946790e-02,-9.007784426926539190e-02,8.405510109358769189e-01,-5.991213879899731642e-02,4.962644254434482871e-01,6.740948558438332461e-02
-1.506957186658782256e-06,7.082833695328254191e-06,1.220519470650952931e-04,1.790604388506668353e-04,-2.402490244382367835e-05,3.493855062556324164e-05,-1.225964472580903840e-03,5.545511401471510046e-03,-1.170616106667268742e-03,-1.921942465280998677e-03,-9.111012333223903262e-03,1.246944209830951403e-02,2.358058447549707740e-02,-8.193214125998762865e-02,2.210225398581981346e-02,-4.382432323889128706e-02,6.752490740390732112e-03,5.114358370643688756e-02,1.326964378981459747e-01,2.820449264381108545e-02,-7.565306287499566629e-02,1.387747558344585852e-01,-2.349083219853890236e-01,1.869450192212631923e-01,-4.174479625059244747e-01,7.972367932739958807e-01,8.752615995980179975e-02,-2.300253255677680783e-02,-4.503221019286375582e-02,1.838523944965276546e-01
5.856017834179202844e-08,5.279293280573954164e-07,2.948948283969148932e-05,1.031312188342936890e-04,-6.485183435612176968e-05,-1.236269369134839413e-04,-1.587255709185191889e-04,1.382187901414118261e-03,-2.483669730599803293e-03,4.171059550956249555e-04,-6.852551756755478722e-03,-4.525139600244952771e-03,-4.969298000538514143e-03,-1.270705061206631355e-03,-9.453021890489295836e-03,-8.346485711152916778e-03,5.781081113160801283e-02,-1.398422324773104623e-02,9.305084259429861199e-03,-4.710417838785389832e-02,-2.047128097295241797e-02,-9.469496596161552926e-02,-4.874158231718436762e-02,4.132140368322571866e-02,-2.233688018105164583e-02,1.374117655710810522e-02,8.473700793128158271e-02,9.831465827334265883e-01,-2.429867237320456133e-02,-7.342160654656515462e-02
7.084294475681434007e-03,1.244583087736602115e-03,-1.967249223351094298e-02,5.769726639675975405e-02,-5.736964065484850134e-02,-6.988083155137644886e-02,3.801849252145357572e-02,-2.138591920810097372e-02,8.666617392062938574e-01,-9.553760634222910331e-02,-4.303830531834219597e-01,1.084209270485762683e-01,-2.821404717490006916e-02,1.173877489812091279e-01,1.147590884674045686e-01,6.825985947231039824e-03,2.602615864739507567e-02,-1.128281158044400906e-02,-1.301519199031793243e-02,5.956108467394756467e-03,3.733044155580530262e-03,7.861383812786885972e-03,2.682829401040785940e-03,4.805385237163936618e-03,-3.726220741282842107e-03,4.069606172713779828e-03,8.064102180093530008e-04,1.047152513684014656e-04,1.082146813321726919e-04,-1.183613042812027821e-03
3.805302192230772089e-03,-1.491870261847114479e-02,-4.366835211230298691e-02,5.665525322674556108e-01,6.008619315537816474e-01,1.562442103461962328e-01,5.302362865637149092e-01,1.344084225945526775e-02,8.437419462188115726e-03,9.908420252373438541e-02,1.222050616598899415e-02,1.143349323132634033e-03,-2.922865859865572159e-03,-1.751117435441637560e-03,-5.691894490154545717e-03,-2.818392882004608531e-03,5.693639357524422516e-04,-3.504646211877198445e-04,-1.628019829934919914e-03,5.879493832639755876e-05,-3.626563796218948378e-04,4.685609757392305424e-04,-3.390394580983107677e-04,2.695866572609223813e-04,-3.489827364172831789e-04,7.144969261088196348e-04,1.015320195132723079e-04,7.936260937285113625e-06,1.232420031365250804e-04,6.051417260859651753e-06
4.921433747415383808e-02,1.607561987344422599e-02,-1.092391096031214148e-01,6.524398221054449332e-01,-5.862305667288832955e-01,4.206646711010899597e-01,-1.486533625839366601e-01,-8.581171274889910772e-02,-3.411375581717458055e-02,-8.210953983692431679e-02,3.989249134374455580e-02,-1.987310586038216163e-03,-3.965587021448840552e-03,-5.196585530324731271e-03,-8.588312586421153680e-03,-5.098571108399719198e-04,1.057376015788675334e-03,-3.119354657925967685e-04,6.283240202749367691e-04,-6.605088787178126780e-04,-1.331294621171148383e-03,-2.351540650533150622e-04,-4.395781846132862315e-04,3.019209447287817048e-04,1.427981949308545497e-04,-9.305242045482930817e-05,2.571721979418871212e-04,-4.858063128833052193e-05,7.059023621863179973e-05,9.060319146596565400e-05
8.547720140450864035e-01,-5.110276015051112841e-01,-7.805337126544806270e-02,-3.851902170409027965e-02,1.395086394350614212e-02,-1.923277379987087601e-02,3.423942947247212657e-03,5.279720487843017618e-03,-4.860612179308335806e-03,2.987595281408898362e-03,1.455047884649033610e-03,-5.325709611726432181e-04,2.520908945118252955e-04,-5.080146383982900608e-04,-3.336782362828245364e-04,-3.294652486109495395e-05,-1.607115512295959449e-04,7.606823342650263222e-05,5.986019086096420577e-05,-6.329422751982694976e-07,3.948931624417890258e-05,-3.299451967598566440e-05,-4.770480229465938070e-06,-3.013902103708797936e-05,1.300184031424698135e-05,-2.159789177645955196e-05,-1.096589625316973542e-05,-2.934934914666419128e-07,-3.895328891232904078e-06,1.874514392984173211e-06
7.074920557604866805e-06,-6.218832209175128212e-05,-8.047852947858345231e-05,7.626133267027074064e-04,-8.111538071810902011e-04,1.798530980818369672e-03,2.813394746699701080e-03,-3.279381315740646351e-03,-8.948115810155669522e-03,3.847104242526342820e-03,-5.856365848373946970e-02,7.061594842479149148e-02,4.427900825643407180e-03,-9.776463235996371570e-02,-7.147520638199746090e-02,3.805256526010191709e-01,-1.932863419679270167e-01,-5.019904607080483139e-01,4.746073436367633791e-01,-1.399513379694272697e-01,3.310530518675596778e-01,-9.540615070503025413e-04,-2.522935694484648161e-01,-2.390953513744615289e-01,1.996638581306951210e-01,5.640775899633568291e-02,-1.196914819778550736e-02,1.646878300377596985e-02,2.256726317892552430e-02,1.529712241386042004e-01
1.061166098620301240e-04,-1.454286403398626949e-04,-1.020107879562017752e-03,1.162748511094258141e-02,-7.375447714623440537e-03,4.618418667313234187e-03,8.312714282370111361e-04,-2.406921781962570450e-02,-1.614912245600128859e-01,4.067402292302875477e-02,-4.171286421534485811e-01,-6.805703654196691710e-02,7.593969166602122511e-01,2.060533901604821305e-01,-3.206424378043484791e-01,-5.724039710123082075e-02,1.062475822333755204e-01,2.002035618433061978e-02,-3.056303542672336379e-02,7.940313146913523246e-02,1.926405755249705753e-01,4.193964247348533347e-02,8.142943788960364804e-02,-9.947994210487448585e-03,1.043172770397200397e-02,4.683661106113617273e-02,-5.915482622641719118e-03,8.019437630504559072e-03,2.595796628713941540e-02,-3.666671147592483627e-03
1.871857308901375065e-04,-2.927106349696876083e-07,-1.001040602502109101e-03,1.398073697938704597e-02,-7.354133119863511155e-03,8.748962914983927919e-03,2.051873018315836380e-04,-1.450894263627497231e-02,-2.133945145528853282e-01,4.985441345058395923e-02,-5.449518617837543211e-01,-6.513093641866327665e-01,-2.270733006544127519e-01,-6.660604411744170533e-03,2.384709888549721990e-01,-6.427000107246591543e-02,-3.071893218515839852e-01,-5.808251981863853108e-02,-2.457336629254483137e-02,-6.352389996873637756e-02,-1.109019671845292432e-01,1.704368451279565655e-02,-3.647272741256057244e-02,3.037324171499761888e-02,1.673327163610703258e-02,-9.867532271035523925e-03,3.232574978256119985e-03,4.227049429815054292e-03,5.502046506171136275e-03,-1.022847050670563787e-03
7.376455217249386581e-05,5.002652975042543677e-05,-3.825577392081349736e-04,3.408206259937460441e-03,-2.994333860257003283e-03,1.673779701299000664e-03,2.281796030341021360e-03,-1.908445954300498583e-03,-3.731378470712973933e-02,1.900089484090875316e-02,-1.153435330247539192e-01,-4.006616097926266051e-02,-1.204779774942107452e-02,-9.529409748397664470e-02,-2.575753377366208144e-02,7.651735477186203394e-01,8.513483942076836841e-02,5.071728619342464883e-01,-1.495534961786445516e-01,-2.172181793740685929e-01,1.283790944727909375e-02,6.779638326639240119e-03,-1.568430047910517391e-02,-1.365458309771965251e-01,-1.615563161502650835e-01,-1.400913932971584175e-02,-8.064787617092664118e-02,5.124366601882799667e-03,-4.005079857181361586e-02,-1.923096694271664991e-02
2.036049036954534885e-05,-1.063725744037751452e-04,-3.997865245347872521e-04,2.700899576078631074e-03,-2.322143649988997992e-03,7.126586820392795223e-03,2.286876925323491194e-03,-5.482897299119398118e-03,-1.368365266334565893e-02,1.010023015428149554e-02,-1.362528793026413221e-01,1.522501562452892310e-01,3.016534886996706799e-01,-7.588605724113203221e-01,3.704383294130382254e-01,-1.606076493325958310e-01,4.158107046544685936e-03,1.980267988078615315e-01,2.572204231735287783e-01,-1.833422315930815279e-03,-4.045115104884707685e-02,-5.843086643548650941e-03,4.972794873980804914e-02,1.042821892323591952e-02,5.386928492171363242e-02,-1.200025123553350725e-01,-1.139413450149051642e-03,3.960535078825390062e-03,6.346545217875167871e-03,-3.120654386715063580e-02
2.216787335098720850e-06,-5.279411079919950995e-05,-8.538030061224174982e-05,1.171288085248643144e-03,-7.269331383392694298e-04,1.049390407726528193e-03,3.427727336625937616e-04,-1.070881595599515760e-03,-1.905510719274437770e-02,7.051328821504641159e-03,-6.286326412196363567e-02,9.982137666333353379e-03,7.388150505163121329e-02,7.736385210253755515e-03,-4.079790947661366546e-02,2.871440364453502203e-02,8.031786386818511037e-02,-9.759211670029706298e-02,4.316562888229241723e-02,-9.249027661235653675e-02,-2.232701263593782348e-01,-8.936986489736338246e-01,-8.369935909173921440e-02,3.087250556588200592e-02,-9.975206896609856155e-02,1.447585742555084626e-02,1.546471690223810980e-01,-1.275453638396132072e-01,-2.323065189520561458e-01,1.777145325576716048e-02
