5.072061513764544033e-03,-1.127743741313865303e-02,-7.414350715464002387e-03,-3.045404817789333987e-02,-3.185026290002572480e-02,-1.381034519111357661e-01,1.013043772494244370e-02,-1.390502855470203136e-01,3.075880113147647088e-01,1.434741801380788606e-01,-3.676708749671675491e-01,-7.493558405905161868e-01,-2.801493602269138905e-01,-4.529716852318450143e-02,9.832114742154048070e-02,-1.745881088077451682e-01,-4.244606906401458130e-02,9.234803455288577434e-02,3.241392335860143054e-02,8.249778449201548847e-02,-8.608200301396234932e-02,-8.557951796815474119e-03,-2.812403143014215179e-02,-8.787695401969587705e-03,5.778807876810601943e-03,1.009714007373745288e-02,-3.216075109918756052e-03,-7.773707648220220916e-03,1.032060839644338875e-03,-3.738810172375540020e-04
2.555351068705006938e-03,5.896861302535911890e-03,3.870831814557502536e-03,-3.397336822238287701e-01,4.601473728936448238e-01,-4.265312385681597346e-02,-8.146080221910316777e-01,-6.460860307888700339e-03,1.534420074369651464e-02,7.450203760434098710e-02,3.769693060797089240e-02,-3.476217013500248424e-03,-6.930990600935347211e-03,-2.723839653822248547e-03,-7.349722199797096775e-03,-2.340931685023565304e-03,1.576388182680915715e-03,-7.454765671424896717e-04,-1.081136096421606198e-04,1.331795447400186761e-03,1.911900900524423545e-04,4.286566027940473945e-04,8.109173689661005940e-04,-7.816674644022057056e-04,2.681146732772631122e-04,1.094932155184803009e-03,-2.450354431358171044e-04,-2.820573940746546899e-04,2.242915472735975313e-04,-2.053130491184485096e-06
3.467735866958883417e-02,-7.440740009928838161e-02,-2.384626059169784110e-02,-3.121632194142466843e-01,-2.805115127933186514e-01,-8.787310316156345946e-01,6.229938494345629504e-03,1.253730222621923518e-01,-1.181440799305529116e-01,-7.373198128794576645e-02,-8.314692209168774578e-03,8.294902605388587702e-02,3.352452587739729317e-02,-2.763441456648870788e-03,-4.440776076358542331e-03,2.167761991360824675e-02,1.060322728058440446e-02,-1.412383487578991979e-02,-6.172751815294277161e-03,-9.221350815504210721e-03,1.422175521679002429e-02,3.175329021139836148e-03,4.413845563986513315e-03,1.142439758189874738e-04,-4.392807329903191662e-04,-8.674194743388087070e-04,-1.816808621248863548e-04,1.051675041806369960e-03,-2.476819722416865482e-04,2.351056318533749530e-04
4.954960477750821601e-01,-8.629727991558254763e-01,3.352556334965100387e-02,4.517924885505799487e-02,5.779197314861914125e-02,5.609731186746593629e-02,6.660451072575477270e-03,-6.350341638570237285e-03,2.625645060217279749e-03,7.220011963024332942e-04,3.694490660362219694e-03,1.818586147672790953e-03,2.078904551999249169e-04,4.549635341496103538e-04,-4.428192468520877109e-04,2.537295038018904606e-04,-1.571232403378798939e-04,5.901534840137662673e-06,3.826489877761979125e-06,-2.268781290341446619e-04,-6.352891065162078095e-05,-9.261612105642543175e-05,2.234531950880008720e-05,5.382313506966469109e-05,-3.475657164608762057e-05,-2.428424132103196767e-05,3.040166980058667742e-05,7.563960776825635134e-06,7.879665918380341039e-06,-8.391144421019085451e-06
2.726469102080546064e-06,2.509652361615866313e-05,1.346574298022196344e-04,-3.783428797619726807e-04,-5.018193160561594621e-04,-3.873001741137549708e-04,1.485736200113966935e-03,5.332964625156719728e-03,-6.186183244528010300e-03,-1.665306391765673149e-03,2.680124696752357247e-02,4.615625371934966442e-02,8.071581915475561225e-03,-5.391013035053070918e-02,-2.981354975618536601e-02,-2.667439519071682641e-01,9.820532625638982160e-02,2.517785079309003415e-01,-2.126123068192759813e-01,1.232368023103338622e-01,5.410667171017105592e-02,-9.497448599771056432e-02,2.547589288979199562e-01,6.024620421894845146e-01,-5.629989564761614940e-01,9.371038314538138181e-02,7.710076867494755626e-02,-5.503150717554183662e-03,-1.304845862405358825e-01,-8.808371758622953254e-03
3.421330725373616547e-05,3.203463164945698764e-05,6.141897548185237766e-04,-3.220131914322432211e-03,-2.278287760784649622e-03,-5.584119024320451921e-04,5.193963914786421725e-05,2.782945855178234340e-02,-5.222722247886598529e-02,-3.245535326147728356e-02,1.043975137621897115e-01,1.168006015978039075e-01,-6.977300757252767605e-02,-1.394001375099060283e-03,4.779927468465648699e-02,-1.804974354356370658e-01,-1.999447526711914391e-01,2.661230424003426243e-01,-1.962308315915408941e-01,-6.929945917994181914e-02,-7.954955612871159598e-01,-3.212016546904610248e-01,4.572289937248792679e-03,-1.283839803816941849e-01,9.580151041465857775e-02,1.447985529056407088e-02,7.203881158571361076e-02,-9.500031273611034277e-02,4.217410149787021757e-03,-3.061527868549506273e-02
7.289906463735426059e-05,-2.857450673227292083e-05,9.971532932565294917e-04,-3.535468852365857093e-03,-1.640298444945541018e-03,1.500930091714392737e-03,2.488731232552410157e-03,3.767717094798649774e-02,-6.888258978043945713e-02,-4.186867574193203767e-02,1.991139872571396630e-01,-6.908968977587012783e-02,2.502315412105436954e-01,-7.952103426104625838e-02,5.537013168761491244e-02,-1.082880040704710112e-01,-3.803480971711877268e-01,2.714160982003320788e-01,4.857593136840165915e-01,5.065411008770133172e-01,7.123338669072767915e-02,8.459914417907219916e-04,-6.888071333059928025e-02,-2.711081601409781605e-01,-2.510687693837325707e-01,6.501013861867160903e-02,4.788248698895878480e-02,-9.248914097712468765e-03,4.116101004259077080e-03,7.289527863629761094e-03
4.519514487343547653e-05,-4.898367876673292596e-05,3.819294505544913211e-04,-1.380432175029378808e-03,-9.239555352762422345e-04,-4.150709054209439169e-04,1.582137079619903505e-03,1.281886262782154333e-02,-1.866725207985960727e-02,-1.083285081430908174e-02,5.656207004102568187e-02,5.072776987578273694e-02,5.938063886925089296e-02,-5.765109505965975573e-02,-4.052861546812035892e-02,-2.924228995866412495e-01,-5.328972733180172699e-02,7.146334965508404843e-03,2.382505818599900127e-01,2.494122591487531460e-01,-4.154070021017753495e-02,6.046059519779441171e-02,-1.136402402865219069e-01,5.794218437837653779e-01,6.318996203617831542e-01,-1.413129261881443388e-01,-6.336257871364954497e-02,1.603116118510103036e-02,1.282196728295327028e-02,-9.614457880201870347e-05
3.418975119217031714e-06,5.286731522697686646e-05,4.013895985725281202e-04,-1.052153739495553884e-03,-8.487095430641700307e-04,1.147718784124520568e-03,1.027980279839349345e-03,1.289062904789229844e-02,-8.494178556896433280e-03,-7.607855956408466486e-03,4.665413119236860168e-02,2.643279571225832375e-02,-6.305600973937956766e-02,-3.384884790822165757e-01,1.259336697176759688e-02,-1.060737313375377799e-01,-2.094794297776287825e-02,5.066085372501440975e-01,3.239530275383648017e-01,-6.732917815128404149e-01,1.596179803738475567e-01,7.494944573302007862e-02,-9.758080079136081941e-02,2.057355119700890120e-02,-2.359866248077794758e-04,-1.016517631267751659e-01,-1.020489365790705526e-03,3.182619632518414302e-04,1.132249675613259711e-02,1.378611669103340731e-03
-4.372679227139863568e-06,2.728305331890363338e-05,1.075476879027545266e-04,-2.133314133611745615e-04,-1.365411513002660773e-04,3.879052412916048813e-04,8.055648509667313667e-05,5.206900290305424214e-03,-6.967729817897273976e-03,-4.020730984786558861e-03,1.780445661891365619e-02,1.804933615917778122e-02,-2.206271573495475601e-03,-6.861547212926741518e-04,1.238350044244215103e-02,-2.734349719485202473e-02,-5.388356659679081201e-02,7.482072160596979493e-02,-7.232972233332306267e-02,1.571715941518973467e-02,-1.622164924236289552e-01,1.842516155688359025e-01,4.139944215600720005e-03,-6.748355234769839138e-03,-1.079587430564950545e-01,-4.171511121079761811e-03,-6.720558108857591639e-01,6.582215225131677894e-01,1.052220842491557035e-01,1.280402929394611200e-01
2.767391142142939142e-04,3.944902200346517935e-04,9.224108449326012121e-03,-3.200684611854048844e-03,-1.208261173696727978e-03,3.775322600454843625e-03,-3.246135340860392682e-03,5.366006936973856389e-02,1.014678626866681171e-01,-2.594200151751719155e-02,1.098735382731662324e-01,7.407639401319701666e-02,8.463317795459529558e-02,-1.441984302650856919e-01,9.274539440870651630e-01,-1.366152030406786178e-01,2.030406388418935781e-01,-1.376999894695773441e-01,-5.140065096298956741e-03,-8.200294437959880283e-04,1.831177409054312579e-03,1.656769459466765279e-02,2.469215053232394052e-03,-1.629114913459637354e-02,1.464543054106604405e-03,2.602248381705350028e-02,-9.809382339657001047e-04,-4.007166049429131301e-03,2.627616422229155872e-03,1.461543075023613754e-02
-7.741409641804280822e-05,3.697814679528780147e-04,1.356904159859964251e-02,-1.628148576736051026e-02,4.203814409277423225e-02,-1.163152026637625028e-02,1.121320729721521914e-01,5.285260015757854424e-01,6.569430320355286457e-02,8.137438022407630367e-01,1.907750174004345656e-01,-3.953973610704747572e-03,-3.074936830627034851e-02,8.542695183597306952e-03,-3.698914565205650012e-02,4.818414116295622468e-03,1.223737121583203663e-02,-1.228970401092724374e-02,-2.177933771220803751e-03,-2.021515290005706286e-03,-5.309917832002731619e-04,9.049406012291008128e-04,4.499312214111200227e-03,-6.190330788358651762e-03,2.106054047623804638e-03,6.158016894596478157e-03,-1.135009942813064790e-03,-2.080256201843644175e-03,1.469455627583212765e-03,1.658048620731185656e-04
1.975613043823792447e-03,1.563370912626264181e-03,6.419183977760478665e-02,-4.601905292370268852e-02,-2.382701857391104211e-02,1.268552986586702902e-01,-5.179205766509304559e-02,7.765580293057955386e-01,3.162633968655029770e-01,-4.890094710330820105e-01,-1.562169443901773036e-01,-5.182426745421539471e-02,-2.324948304303782465e-02,1.034245387044494327e-02,-6.444082430971603825e-02,4.644508529180207783e-03,-5.814104642165895606e-03,1.324371845433022776e-02,2.268674587134676093e-04,8.814314903315372332e-03,9.406279772706309340e-04,1.217277482961204565e-04,3.277804260335317153e-03,-3.621046717076800659e-04,1.295601494666820050e-03,3.026854527941896951e-04,-1.171219490946751171e-03,-1.528012256830158953e-03,-3.259574108185833989e-04,-1.496274665167623150e-03
4.723550594214004361e-02,6.295591336888868572e-02,9.929938521846690680e-01,-4.347756838351064107e-02,7.094528730601649610e-03,-2.479814205312996442e-02,3.072712807840993418e-02,-6.050969715135704613e-02,-1.666487254898330397e-02,1.691702897063535396e-02,4.831240416352269168e-03,6.483423717981173524e-04,-3.411675835377504773e-04,6.404663967934412202e-04,-4.149381302276383340e-03,9.043189654880617705e-04,-9.340783444532486631e-04,3.338192603298655850e-04,-4.168207847968575429e-05,-3.629156595732634149e-04,-8.327575792821009348e-05,-7.660006993123966439e-05,-5.627393164467824136e-05,1.155966836637665720e-04,-6.639083622732687841e-05,-1.474722739999398977e-04,-6.228107570478986824e-06,9.145546576197091345e-05,-1.596323405813691567e-05,-4.613030820393643948e-05
-1.317448852204442889e-06,4.677643389672587002e-06,7.910048816106319278e-05,2.763975898221853250e-05,1.077033486431234132e-04,1.816606225156728997e-04,-6.819371500386776084e-05,1.921914673535670207e-03,-2.814388895047668926e-04,7.223280045278582858e-04,4.224326600592128583e-03,5.456999315128789954e-03,-2.094487660517508655e-03,-1.214358119612472938e-03,-1.394982095850649860e-04,-3.029224680904129413e-02,9.463332462453720798e-03,2.156832640669954781e-02,-5.149488391193798170e-02,1.556280929532605044e-02,2.378124339831541936e-02,1.677232346335039061e-03,-1.199880019084348659e-01,-1.154726814818749364e-01,8.395120280641771293e-02,-9.598150178179606917e-02,7.467049266959721598e-02,2.349255797251828537e-01,-9.435163596967832689e-01,5.229384854645043219e-03
3.175604962577053194e-06,4.439029872507960706e-06,4.338404733346803771e-04,-8.561627091248436364e-04,-3.047343751385227033e-04,2.739196204674303821e-04,-1.246377637866385047e-03,1.443361483861948721e-02,-1.730767762565222148e-02,-1.034386342447522235e-02,4.158715197963260696e-02,-1.606186213876846514e-02,-4.571496859678640667e-02,5.234225860484349735e-02,7.248596118415100154e-02,1.187316096143540001e-01,-2.686502188211118414e-01,-5.658819730361081685e-02,-1.927769402851668423e-01,-6.789573922609895562e-02,2.748542004369538064e-02,2.003688864787097137e-02,-8.240618878781368339e-01,2.362162657389912934e-01,-1.609922603444347566e-01,2.674423507149692458e-01,-2.733060849813567436e-03,-7.889422027233468360e-02,1.767170699181214860e-02,1.266690878145687871e-01
3.863116404024966419e-06,2.465813861264417804e-06,6.463021478530807645e-04,-8.458088643140372013e-04,-1.948170787721984149e-04,6.936107888487119330e-04,-8.458590723449478698e-04,2.062317651888637485e-02,-2.403469545115775874e-02,-1.524210413774600668e-02,1.037137414451028417e-01,-1.695727507018470193e-01,1.511925450344545618e-01,-1.779319144417445793e-03,1.694196491338058053e-01,1.642986670499060609e-01,-6.826415827679465087e-01,4.666489001000806436e-02,-3.822053199899689280e-01,-1.328829039443165660e-01,2.666562236182794532e-01,-3.644363173228676311e-02,3.323879296910837167e-01,9.008431825411035432e-02,1.828804857778579263e-01,-1.063011151381717256e-01,-7.959669540055697157e-02,-6.999852620248987745e-02,-3.638898141567425970e-02,2.097973875448063547e-02
2.816488742363040524e-06,-1.251354067645278769e-05,1.954082365137124744e-04,-1.918813157007148121e-04,-1.414340498024600496e-04,-1.839068116202753655e-04,-2.791702107508055590e-04,4.951056468438548054e-03,-1.862314220124232107e-03,-2.066964343952950450e-03,1.138266131875521024e-02,-1.959013768434942487e-02,9.227656519417069131e-03,3.701145006954393527e-03,1.034897976182123230e-02,-4.871366131755631990e-02,-1.077485987055259997e-01,-5.790616786659367327e-02,-5.009072645991412970e-02,-5.395470517471353394e-02,2.878336382601410712e-02,-2.082490139183360012e-02,-8.364775895730175437e-03,1.963267516350010455e-02,4.707032004970819472e-02,2.821368468649138386e-02,6.817827247357760578e-01,6.757733917448295324e-01,2.237274178280025672e-01,-1.454784069761278983e-02
-2.020911348990594949e-06,-2.564977609279340023e-06,2.443712380033252274e-04,-6.688957541587405009e-05,6.001823396837325386e-05,4.505169355770848602e-04,-5.129272625314876960e-04,5.893923712426005039e-03,1.623379895908896484e-04,2.346573948741463665e-03,8.012684360775021788e-03,-2.950633342174470430e-03,-2.560373807043328162e-02,-8.400155043690368806e-02,1.315544390821356616e-02,4.556356435598449967e-02,-8.541583451318361317e-03,-7.940450609071962595e-02,-8.229961369291820261e-02,9.541743403873775842e-02,-2.685761419545982728e-02,-9.108245110388150934e-02,-2.227357820545934619e-01,1.591398867960372443e-02,-2.418904563923293394e-01,-9.162421001471291460e-01,2.714827323741998005e-02,-1.312953951847962639e-02,9.895197021412013849e-02,-8.735526592787132283e-03
-6.449623233539382051e-07,3.259166774526296329e-06,7.363441997339096375e-05,-4.462688820067234254e-05,1.009690531504282404e-05,-3.075081502118959113e-05,-1.730341914161124498e-04,2.233493381012142433e-03,-1.953626680325182881e-03,-4.556718314577469942e-04,7.157458675155178515e-03,-2.193317755847565926e-04,5.361858832141074309e-04,6.680778924042597711e-03,2.762234409057580733e-02,1.230085845850532010e-02,-5.820288369821553093e-02,-6.034051339604552507e-04,-4.181435251904735279e-02,-3.513537378546097417e-03,-9.722199318903591847e-03,1.251437871358365150e-01,-9.430972121920118412e-02,2.380943341329846280e-02,-3.479401808077232927e-02,3.145714656560066880e-02,-8.353824043950665301e-02,5.262150920151576622e-02,5.084395373227768369e-03,-9.780804324971648089e-01
7.427650646087412788e-03,-1.989275390107701769e-03,-9.831286906341770576e-03,-6.229769904943042308e-02,-5.122680260928572094e-02,-9.355624225109665515e-02,3.731180398470652221e-02,-2.510798126366356464e-01,8.394932136515381726e-01,-8.229279721375078530e-03,4.043515188683397543e-01,1.730250019867726752e-01,2.689576585422196603e-02,5.942670872890656875e-02,-1.169880729291116195e-01,5.344974239706032360e-02,-2.636253232021322848e-02,7.659677844506233325e-03,6.469502033307465531e-03,-1.294818421079092959e-02,4.471950710701815684e-03,-7.674319421211884575e-03,1.914086942794890507e-03,3.483105435031248667e-03,-3.097205767561133152e-03,-5.107094945429280393e-03,1.159453133729841396e-03,1.950247185430697711e-03,-2.341784787823052584e-04,-1.380842683582815533e-03
3.919209175696132877e-03,1.910592816835042854e-02,-4.652132215025607531e-02,-5.236301502347430192e-01,6.285591299111048524e-01,-4.178111503552828752e-03,5.631786440274573202e-01,-2.748842148720516063e-02,-1.585815976714684272e-02,-9.040900992068698350e-02,-4.114799008265074276e-02,2.943288602457769503e-03,6.862345226716642585e-03,7.389639455991374364e-04,7.180765063034380211e-03,7.933592339383803774e-04,-2.112797446799233054e-03,1.099964745075802421e-03,1.455018901055793598e-04,-1.084387831151209514e-03,-3.479270749333688000e-04,-4.453429524706063931e-04,-6.527094387477040899e-04,1.011576755574465332e-03,-4.274763801886025355e-04,-1.029024150836568841e-03,2.070840977527978112e-04,3.217769768705348930e-04,-2.284126124784905266e-04,-4.421220852453757198e-06
5.121904029061673247e-02,-1.804409160093442543e-02,-2.264942323259819951e-02,-7.072677358375886181e-01,-5.522525858258107156e-01,4.213953474050359249e-01,-3.342727654903394213e-02,-6.511745384660999614e-02,-4.527971499517507298e-02,7.635344673197723420e-02,-1.903294626218194133e-02,-7.414109556469263354e-03,4.816363516117359508e-03,-1.486586711067332429e-03,7.858204379829550335e-03,-2.899084281726478640e-03,1.460238607671806579e-04,4.521416997006471195e-04,-6.130509907927333057e-04,1.493956645412559828e-04,-1.122855307684526372e-03,4.756096819326996461e-04,-8.305254164408094972e-04,1.372773013071585519e-04,-4.732866118854215100e-06,5.749588943679209159e-05,1.603614215443452797e-04,7.231084901590909950e-06,1.008902797156785959e-05,1.248461065295463507e-04
8.650547634606622349e-01,4.948924869670788818e-01,-7.094879602616459280e-02,3.508464281919907585e-02,6.933498580323999537e-03,-1.903993211390556106e-02,-4.163006863407908015e-03,7.122342477668647080e-03,-2.847319165640057291e-03,-2.229929654543002550e-03,-2.014997068235033651e-03,-8.622190402256088744e-04,-2.715780499324388472e-04,-3.132982250309248240e-04,4.734287665513505199e-04,-2.197228105435470430e-04,1.527371234592023457e-04,-6.436326693955618690e-05,-6.912414407346459710e-06,9.444175644744201082e-05,2.258177767212478897e-05,2.835996665261983764e-05,1.098237406818371683e-05,-2.737392910499442461e-05,2.278002494223072718e-05,2.756920916187775560e-05,-9.009941599837041070e-06,-1.228536966098819077e-05,1.431348704078717339e-06,5.077627635893523909e-06
5.773178929491687548e-06,9.459558109872240230e-05,-1.112436729768718395e-04,-8.922108053387620922e-04,-3.730446864852190406e-04,1.082203384523566748e-03,3.954534245223670363e-03,-6.472967902012482979e-04,-8.273178782673324544e-03,-1.346590737071916982e-02,5.286570864836174360e-02,6.175224477483683833e-02,5.640035373524807279e-03,-4.719550594496223911e-02,-8.948007445852476649e-02,-4.498939597958214742e-01,1.967418118797117643e-01,3.260083925640901992e-01,-5.111788422200078674e-01,1.947384301625315339e-01,3.588031874090298334e-01,9.935839783767946506e-03,-1.744999160362621649e-01,-3.413939017216105487e-01,2.004386923120778374e-01,3.293631993138629484e-03,-2.530895125111889618e-02,-3.377247998147798330e-02,1.357561860241721374e-01,1.380571580101704011e-03
9.851430353762232286e-05,3.062338552393504697e-04,-6.391293127510163817e-04,-1.200462977200958750e-02,-6.476124294207045648e-03,9.437296516091609952e-03,8.099211069780905270e-03,3.589120995134838926e-02,-1.537307527955090181e-01,-1.232220636041015532e-01,3.599577045968923028e-01,3.752255810972399130e-02,-8.267769004488271234e-01,2.685952150608001965e-01,1.053792866813677842e-01,-2.132151898675473545e-03,-7.297535325538181961e-02,3.406246818435184481e-02,1.128643956568028961e-01,8.221544781546262504e-02,1.615011401805477309e-01,-5.240957058780780498e-02,7.488376591535420013e-02,-2.409459561060349735e-03,7.833520459962186461e-03,-2.168635101596190842e-02,-1.879541288120779516e-02,1.998187460176550218e-02,-2.613804957142797048e-04,-7.284812738021620264e-03
1.579755994096911033e-04,2.152720595189795835e-04,-2.744100232173602685e-04,-1.269462809700478735e-02,-5.708409314231467462e-03,9.589861349895650519e-03,1.206582389013558486e-02,5.615290023750729720e-02,-1.881305256988143049e-01,-1.739239228722863628e-01,6.287973519653718979e-01,-5.771147977468226165e-01,2.403108261257556610e-01,2.429261403785784937e-02,-9.236898894813072580e-02,8.987888760774714880e-02,3.169851037081005685e-01,-2.063334466878029988e-02,-6.327387798130527929e-02,-9.688647017591209276e-02,-9.204954557762837219e-02,-1.012907027349852808e-02,-3.274094760436433577e-02,4.923092871314282970e-02,2.839820689539915635e-02,9.641978556651874385e-04,-4.926134613985422381e-04,1.157377701122090825e-02,1.668484834573256232e-03,-7.995116024506202651e-03
7.328914078835186547e-05,-9.431780010097519081e-06,-4.555579926259156970e-05,-3.232101493155533148e-03,-2.441002705398116496e-03,9.504387549286965513e-04,4.062356647963442924e-03,1.007218722019601574e-02,-2.850812414321409957e-02,-3.977342961808462418e-02,1.111953276151332048e-01,-2.682054457386776405e-02,9.089238823956936886e-03,-3.890747242964059244e-02,-1.527971034573628595e-01,-6.668021349929943442e-01,-2.317992583013487873e-01,-5.775402170733344720e-01,7.560890748356045854e-02,-2.655068596593331276e-01,9.216224208417536992e-03,4.022355680988919796e-02,2.729799056414133548e-02,-1.116488748061982145e-01,-1.659345288252879747e-01,1.364418262463568642e-02,-6.149153804422240188e-02,-6.353960350184796602e-02,-2.853284045304770727e-02,7.558810466598927906e-03
2.054116646103287011e-05,1.726751874408763605e-04,-5.583767767550106486e-04,-3.145958761752151289e-03,-2.041994291397290946e-03,6.339034360863044643e-03,7.774310685426767849e-03,-1.675040226940660093e-03,-1.210509845266196510e-02,-3.590244820386580271e-02,1.109896839089519888e-01,2.091334092955379059e-02,-2.531893069390325213e-01,-8.710381734284519117e-01,-1.281784308010802398e-01,1.803883381737828584e-01,-2.368934115772360072e-02,-1.942227931625236936e-01,-1.240032152501113205e-01,1.988565952337724985e-01,-4.205356245371899560e-02,-9.695839725136360179e-04,4.116020383201231952e-02,-1.891099590425563554e-02,2.619585212640902078e-02,1.266387467444911874e-01,2.380868939848782527e-03,5.059415106497746652e-03,-1.122153332176501275e-02,-1.463711937471912300e-03
-4.176834323792523590e-07,7.367716412553762973e-05,-3.584145685848627463e-05,-1.032477693607561104e-03,-4.099462880375903152e-04,1.000519973936809083e-03,1.345899891346298647e-03,5.123769169817137155e-03,-1.733090574783044749e-02,-1.572117415551379377e-02,5.216761222369423190e-02,1.897660461804246898e-02,-6.798839025584876850e-02,3.540327799487227867e-02,1.165540440186099702e-02,-1.543472959754410741e-02,-5.803753662821461989e-02,8.423553124191361652e-02,-1.271181527061726046e-01,4.314823879353200248e-02,-2.425062260652594837e-01,9.019306311665865605e-01,7.017635087248727532e-02,-1.445036142975640418e-02,-4.692488063357780348e-02,-7.475126901044464034e-02,2.040581737352041569e-01,-1.599884319291498269e-01,-2.146606134586192399e-02,9.326171358630151731e-02
