-4.974109663565252221e-03,8.735000014399627033e-03,1.503922357716618377e-02,3.012028902461177937e-02,3.990599784958195201e-02,1.153645436494048077e-01,-2.465994741834521761e-02,8.183387725648934297e-02,-3.269762731493182084e-01,-1.705807861007962167e-01,-4.395479261746486066e-01,-7.006337325073891398e-01,-3.025125227144036533e-01,-4.173047643423244413e-02,-1.534977764523799137e-01,-1.235325901737472781e-01,4.979620532110931586e-02,-1.171772545254818332e-01,-1.488271799327917783e-02,-5.496827035392266858e-02,6.053904741195914596e-02,-1.320084899061811298e-02,-2.189326678576748036e-02,2.209252234424391795e-02,-5.367133404077341526e-03,6.872431428995548312e-03,1.414650475242735291e-03,4.030358334098074237e-03,-5.020699682876095075e-03,-1.209946372435829294e-03
-2.153480939887296615e-03,-4.272584984531496537e-03,7.926905875247232044e-03,4.271853855587423587e-01,-3.795962795095639275e-01,1.558547005502459171e-01,7.979638076336024177e-01,8.029605422406957405e-02,1.065621574097710663e-03,-7.153799863617590904e-02,2.376562761186611084e-02,4.980197481644169435e-03,-2.090759324961778600e-03,6.781877707877655538e-04,1.063170878821163498e-02,-4.313959396116603083e-03,-1.050548178296691537e-03,1.705977747434148551e-04,-6.397635657960194181e-04,-7.054787567350946685e-05,-6.149459487154367108e-04,1.007926720999666572e-03,3.940984354972976275e-04,2.748543035188978352e-04,7.256806022121000972e-04,7.001167114574471852e-04,-1.137985388565205654e-05,2.400755746019144919e-04,-2.254574003072819309e-04,-1.005048812793878565e-05
-3.424683058094595695e-02,5.904300334363669911e-02,8.933002983673886399e-02,2.959705035434007647e-01,3.629356859137741753e-01,8.474555442991492660e-01,-1.382257417414740341e-01,-6.194789630497397198e-02,1.042197308056065641e-01,9.458179156225153539e-02,1.090260579541294482e-02,6.843576347360466605e-02,3.332581020567143559e-02,8.166787676779389479e-03,1.521681609590261504e-02,1.628405818121511292e-02,-1.215745170828973556e-02,1.711652937176902714e-02,-3.495440093094123171e-04,6.756709238200688840e-03,-1.040011613192244437e-02,3.657274526465411051e-03,3.745600587973269870e-03,-2.732350299182366524e-03,9.542884900024139376e-04,-5.261059703892171334e-04,-1.851497681421498617e-04,-2.336969428166788882e-05,9.154982230471191270e-04,3.338726313903982211e-04
-5.157375813698477085e-01,8.481275854033701878e-01,8.708867175791210058e-02,-3.643840453048247108e-02,-5.553782767524991643e-02,-5.148581976189555570e-02,5.034067111264965699e-03,1.090448914623650192e-03,-1.657776527327064304e-03,-2.040652536407145268e-03,3.057141425144096342e-03,1.950070198369176699e-03,4.434003886428585536e-04,-1.030475556241874246e-04,1.690761840734845284e-04,1.282900577526466658e-04,1.585394534823002894e-04,7.354853251456616931e-05,9.566291262063220233e-05,1.230623981668326568e-04,7.830022772707183841e-05,-7.085225018492775245e-05,-7.621709983221336398e-07,-1.144806565377237583e-05,-5.727122295767379519e-06,-8.815201638479680808e-06,8.830848036060164945e-07,-3.243385892477656499e-05,-8.596041970675844985e-06,-1.080255945957386157e-05
-4.737816768424897592e-06,-1.245757530077295370e-05,-6.201813024383637447e-05,2.831945093181053902e-04,5.516615889119329480e-04,6.207959695239121571e-04,-1.425177813632533003e-03,-2.468691754287399755e-03,6.145457796795832442e-03,4.067511608505533505e-03,3.100894026264160511e-02,4.477529421985925601e-02,-1.449633732551257326e-02,3.053285117610899171e-02,-3.203999243836575667e-02,-2.458720920607460059e-01,-9.765169812774815439e-02,-2.373164077605215694e-01,-2.244705091698319110e-01,9.926050466059947730e-02,5.239315374364784256e-02,-1.476341731605031737e-01,3.043525848578190751e-01,-6.375382766962225389e-01,-4.124830941386615213e-01,3.307620923545003810e-01,-4.533978833725678913e-03,-3.531690813004460111e-02,2.047402669388317595e-02,5.826182482625778120e-02
-3.902429454236255716e-05,4.114625438661964415e-06,-4.617760208237209265e-05,2.680857494057073062e-03,3.077880068483140885e-03,3.487760669156630619e-03,1.153045003140742118e-03,-1.509841664657489251e-02,4.956878772795642735e-02,2.945510540645264810e-02,1.095527350610921158e-01,1.073949894520100368e-01,-5.768515312950851098e-02,-4.533751771455234170e-02,-9.967321620014117645e-02,-1.148872885237811892e-01,1.680363288470108907e-01,-3.011309432522032425e-01,-8.995404109967906903e-02,9.845468384534458717e-02,7.745979606757076308e-01,-3.252779279652394107e-01,9.891374539350516158e-04,2.833862502263741479e-01,9.282742000440412367e-02,5.710672249503405537e-04,-1.045944653884253728e-02,-6.326352153844075343e-02,-5.972047895059189038e-02,7.246910821087880483e-02
-7.931768499276792446e-05,6.453905904627440734e-05,-2.184885312100674965e-04,3.106342641935622931e-03,2.703739639176594607e-03,1.834599994997118243e-03,-7.207896336641464365e-04,-1.942014801374578048e-02,6.356132747505263692e-02,2.347692326338636504e-02,2.089153977806841034e-01,-7.484814293447961120e-02,1.625399599920477334e-01,1.908473076310477912e-01,-1.189583493661156982e-01,-8.065940024378023820e-02,3.752441956376654231e-01,-4.306122992804014005e-01,1.101669077118623691e-01,-5.785962118730900716e-01,-2.064619418771544146e-01,7.901394443010839597e-02,-6.290270179601001321e-02,2.053384818898637276e-01,-2.358161594694942187e-01,1.875346547173480649e-01,1.917130959815846122e-02,-3.962017311039776196e-02,-2.126255407799683764e-02,-3.098604052315403340e-02
-4.609570807754213433e-05,3.366264416079260886e-05,8.292414774335938373e-06,1.093652705404800840e-03,1.254693447076250237e-03,1.627313562659087097e-03,-8.848143014066115180e-04,-8.202173381709757655e-03,1.603075571728536028e-02,1.016360107324695491e-02,6.085159271174815643e-02,4.061735232207328711e-02,2.137857805766710251e-02,4.438003828529257094e-02,-7.786589816884446902e-02,-2.954284401292330831e-01,4.502797727584408743e-02,-1.253730565409829356e-01,1.256899405977010276e-01,-3.055826101503876235e-01,6.730771400959070783e-02,-4.908308576710539682e-03,-1.704596738201752948e-01,-5.471330927214167472e-01,5.347025105077389817e-01,-3.813037135147784862e-01,-2.576446780782019191e-02,7.748438826756731679e-02,-5.910280418361510760e-03,2.353369459805743080e-02
-7.780262961427538684e-06,-2.570492548701926234e-05,-1.171723910223889428e-04,7.903604051250598438e-04,1.101808585939749755e-03,1.147291723406345830e-03,-1.004249439351325991e-04,-1.042468420939141917e-02,9.470431946628613679e-03,1.390505459330510993e-02,4.937927992784719305e-02,7.611782279887742420e-02,-2.329310087664326068e-01,2.615985048189279349e-01,-5.905814951261013218e-02,-1.691508645666198740e-01,4.781052980043046935e-02,-3.205090018754313541e-01,6.312798061130943106e-01,5.386096436658746045e-01,-1.723301931594471148e-01,2.900573419969311104e-02,-4.509587433806019896e-02,2.744811117480364798e-02,-6.408841126804924737e-02,-7.235459668169924585e-02,-2.414245260316472998e-03,1.389648556505047351e-02,-4.930909739262267534e-03,-8.007340329668323833e-03
2.637868744020146565e-06,-1.578583900332522152e-05,-5.643128726288892738e-05,1.702444812115573689e-04,2.520528009622093773e-04,1.010838821026989031e-04,2.207245058172345291e-04,-3.285359328288380270e-03,6.399171801973041300e-03,4.865102827085317390e-03,1.853913170980990913e-02,1.620415106759325388e-02,-3.940559949500310570e-03,-4.077069522647766217e-03,-1.992281130635644923e-02,-1.431053640886795902e-02,4.032043508422873679e-02,-7.934809087491671853e-02,-6.858052624288124566e-02,4.293558754483497303e-02,1.696881351391645032e-01,2.123459699887755847e-01,4.642043649787355036e-02,-2.284997703364755745e-03,-3.933870387809499519e-02,-1.980535088096034568e-02,1.193332359781539009e-01,4.353565085248757849e-01,5.312475816147059771e-01,-6.482524560592157759e-01
-3.419534769173955872e-04,3.004488827195630606e-04,-5.459630185032478961e-03,3.031739794546657509e-03,3.231825200850008302e-03,1.780463023881004520e-03,1.689319968686272058e-02,-8.696528100184020005e-02,-9.193106242155096863e-02,1.060781005210585312e-02,1.326732462647037813e-01,4.464189221346160502e-02,2.150797226601582415e-02,2.694876922667147068e-01,-8.708466860818121491e-01,1.372054489420576340e-01,-2.887837102329021133e-01,1.567475595932519283e-01,-3.330746156449976292e-02,-2.306849848526285052e-02,1.889937738028155470e-02,8.470968698675723774e-03,4.973541744089170213e-02,2.666722077102361491e-02,1.430073401897187166e-02,1.180360601581439961e-02,8.979721101116633700e-03,-2.846292953255618804e-03,-8.150901209646961359e-04,3.228580548989537415e-04
5.914775412583182372e-05,4.680176747489032236e-04,-5.246103215310014833e-03,2.952271513643218298e-02,-3.356898016607701152e-02,3.772470584009039035e-02,-6.379967512184366030e-02,-5.403793196292044909e-01,3.154373025383942070e-02,-8.178025981750163265e-01,1.561004809561752360e-01,3.166867913881373647e-02,-2.802650548567830330e-02,-3.092701959141464299e-02,5.716894232280095300e-02,-9.482292406042515387e-03,-5.925752810770399011e-03,1.000465174768709435e-02,1.172485234888481515e-03,2.845399735765449627e-03,-1.350702377175262009e-03,3.372026181625592360e-03,2.192460720281417651e-03,3.622230772191598579e-03,3.964404784792334782e-03,3.438251902319904799e-03,3.167777690717266380e-05,9.745810964846999213e-05,-5.999047568611819712e-04,-4.346200772487380419e-04
-2.438862128285141165e-03,3.342736964463485869e-03,-3.998440332187110785e-02,3.995046897061348135e-02,4.364240082174937474e-02,-9.008934625746788105e-02,1.469535725767971146e-01,-8.140004197146045728e-01,-1.705382898465042096e-01,4.982021671849657940e-01,-1.088216192950201555e-01,-8.092468368298343095e-02,-2.223306643496791163e-02,-3.511779280184336438e-02,6.562493254927795339e-02,-1.607325319918117765e-02,1.562779319494819394e-02,-1.699382620145450939e-02,-2.499276387578290570e-03,-4.479131793401251727e-03,-4.764936718860320226e-03,-4.454850220461458008e-04,-2.472279871172775381e-03,-7.125514065310973753e-04,-1.676381069923356555e-04,2.655822621382654923e-03,-1.003122781488829333e-03,1.622754197377597679e-03,-2.916948681295239453e-04,1.854004882632946790e-03
-6.386353840300584839e-02,7.381789943542987897e-02,-9.845077731750526695e-01,1.058399487180780585e-01,8.390326205769976786e-02,2.504056478379935308e-02,-1.748298219284205937e-02,4.149794222103742047e-02,8.078172584167687314e-04,-1.754464477007518231e-02,2.130217744068889189e-03,1.247712724290811351e-03,2.953411774644808447e-04,-2.468245286121257859e-04,2.123774133007833194e-03,-1.965832727520786655e-04,8.317733775019636689e-04,-1.760557206353717638e-04,2.454177771770291649e-04,2.390326900945404019e-04,1.394925886961256866e-04,-2.214566718802044354e-05,-1.749294695484332756e-04,-1.020165084612215388e-04,-1.892795313731362287e-05,-1.672798264169955142e-04,-1.259564392224628757e-05,-2.275543319676118234e-05,2.563332033842684928e-05,-7.114599061303067537e-05
7.381407864054498001e-07,3.942238938494771990e-06,-4.115178420497688172e-05,2.395899895339156594e-06,-4.189616461539093928e-05,1.402336852499006567e-04,3.925001287404634390e-04,-1.597185192176295591e-03,8.797618463811116354e-04,-1.383255168553156143e-03,4.235168124226106924e-03,4.030270491002630774e-03,3.287180262755606992e-03,2.646325582691015817e-03,-1.915905162835223469e-02,-3.085132736572642961e-02,-9.312869897176676579e-04,-2.993284212621124402e-02,-6.878300506591908392e-02,2.107785280316585089e-02,-4.642607216409414678e-02,-1.517394333281654392e-02,-1.790387789772446281e-01,3.658385716020538109e-02,-5.523922129549347498e-02,-9.394245731167394364e-02,-9.580654434775844053e-02,-2.812980375431278768e-01,8.102360406935781301e-01,4.473322393619163506e-01
-4.665716226507107039e-06,1.901157773392425675e-05,-1.098676602571917177e-04,7.798231774648294165e-04,7.617904035567822120e-04,1.228604796300052700e-03,2.636196489120980202e-03,-8.789254651372015170e-03,1.808225209347153264e-02,3.267445092389458829e-03,4.084435864411744416e-02,-2.235063748269128930e-02,5.938798472151456294e-03,-5.062511857743730997e-02,-1.057860846908398739e-01,1.309871470811920791e-01,2.591909998472715637e-01,1.293391760908647603e-01,-8.520137054200066506e-02,1.845391406874121731e-01,5.680546754071945370e-02,-2.994315509486556240e-02,-8.090891682713207134e-01,-2.338924459655617460e-01,-1.532090561738010115e-01,2.477630293729527478e-01,1.170767230602354075e-01,1.416104383187327120e-01,-9.503970003896695939e-02,1.147176960824319338e-02
-7.458986456026054805e-06,3.318668153255049832e-05,-1.949072267705657003e-04,8.775357593482290778e-04,8.132650071728648143e-04,1.080573289100892134e-03,2.394217613922890522e-03,-1.417100795174150094e-02,2.621203601159675239e-02,1.552288081965907344e-03,1.058506958123173053e-01,-1.630907535396801944e-01,1.212281291028644570e-01,1.404744370637914241e-01,-1.163904424717371877e-01,1.917040599307855697e-01,6.859973621775964370e-01,8.018557375955878697e-02,-2.653157574700870658e-01,3.206011534264643359e-01,-1.696318434076491133e-01,-7.062571515576071546e-02,3.310183735036429375e-01,-9.510207987874033653e-02,1.691957187032201160e-01,-1.712674223652158878e-01,1.291862784271715237e-03,8.259728374404333440e-02,1.095842508357269991e-02,9.533042504787274385e-02
-3.020740859219101405e-06,8.070145611093389193e-06,-2.925638136351268131e-05,2.107254992446091807e-04,2.653539046346751313e-04,5.872544317252904444e-04,8.827247044673129216e-04,-3.944761344155213630e-03,2.938154573503153500e-03,1.441879845463683082e-03,9.450634103166670810e-03,-1.850249473244856141e-02,1.692222817502201868e-02,8.060343628674162403e-03,-2.994556734461665398e-02,-4.208427317540854723e-02,1.151881790519662385e-01,8.685033751303614102e-02,-2.041203352659958642e-02,6.865097028583427852e-02,-1.325060881348079020e-02,-3.427894469696032148e-02,-6.556626722058025991e-02,-8.553709198201633890e-02,5.513322678949365840e-02,-1.088473779792444029e-02,5.353578191309306400e-02,-8.108785304530659044e-01,1.204791052842812786e-02,-5.421450398924912983e-01
9.918047526865208984e-07,2.066360064009989105e-05,-1.053002235853287705e-04,5.495794140271810469e-05,4.025908457127750040e-05,5.420496983926876081e-04,1.276113781095561221e-03,-6.337991795429610484e-03,1.823580048155925854e-03,-1.068821442257780058e-03,6.997368992054934199e-03,9.970037381320273270e-03,-5.235832001301413130e-02,6.952527059628565986e-02,1.752268597063291050e-02,4.489802602671189025e-02,-9.017998470703988967e-03,3.031585951185251232e-02,-9.046149539785516835e-02,-7.545048140169952067e-02,5.547359247933940363e-02,-1.062015636679817243e-01,-8.940148746323067774e-02,-3.032441298440030977e-02,-6.000115168586521719e-01,-7.586094346031032609e-01,2.292746089544681065e-02,1.102969090190947590e-02,-1.144971930289511303e-01,-5.003278627030259551e-02
2.856238105137928112e-07,5.471875989713864235e-07,-2.666067264001584908e-05,5.682552060507621187e-05,7.562733003826010774e-05,2.422700512329033326e-04,3.827481954617413854e-04,-1.733153374225581593e-03,1.802281352681621950e-03,1.663804100708558148e-04,7.389412170741235103e-03,-2.910783983509244652e-03,5.664825248689696509e-03,-1.924267407405892564e-03,-2.539577182571141345e-02,2.057686732352847353e-02,5.258835111161203751e-02,8.813039812572077275e-03,-2.632472566049512408e-02,3.122926859468988861e-02,4.599299825765012367e-02,1.133429063203159337e-01,-7.294706361406309847e-02,-2.328540330858932389e-02,-5.239825053049658454e-02,2.461273201315750808e-02,-9.740863800798320593e-01,3.618451398382633438e-02,-4.157424280143640766e-02,-1.351147314568935942e-01
-7.001129058461024249e-03,-7.308060320860457031e-04,1.861542422989776596e-02,5.262764789866550968e-02,5.995651418727544757e-02,4.580961507216889383e-02,-3.425625976208855616e-02,1.130621411673814608e-01,-8.817276577405280813e-01,-1.526995035469463739e-02,3.923956155406138069e-01,1.490539386753368389e-01,5.175606555177080653e-02,-6.354846618285447946e-02,1.220077262031861037e-01,2.017942512758228238e-02,2.916740546029964257e-02,-2.299243690121171441e-03,1.381635767906553430e-02,1.112841001905644570e-02,-6.332519771241099625e-03,-6.362109757963651385e-03,-3.344356013789508749e-03,-4.609382078506344196e-03,-2.711933916613711287e-03,-3.074274804109296613e-03,-6.709689918867978251e-04,-1.551358032969153092e-03,1.240839012704653826e-03,-1.006656829748242858e-03
-2.866461967316387416e-03,-1.422209384329292496e-02,2.607352451759781947e-02,6.268027649856189321e-01,-5.270006694452954443e-01,-9.708644973162058878e-02,-5.553947792710212106e-01,-2.711633743668583410e-02,-1.776637956662567921e-03,9.394722950973134756e-02,-2.954785147626634578e-02,-4.859896705203290562e-03,2.585988798029377391e-03,2.051005735365959374e-03,-1.106322884981186111e-02,3.108280169947823333e-03,1.359109923186158217e-03,-6.962972839279845489e-04,1.902087460091618130e-04,-1.654960476330025024e-06,7.520738399158541192e-04,-8.871970017568301921e-04,-3.093023802126575422e-04,-4.828069252546594685e-04,-6.894054362246606997e-04,-6.157375258644314170e-04,4.669162717860334201e-06,-1.345222143945434161e-04,1.853535237525893119e-04,1.313790323290730093e-05
-4.806641769799343406e-02,-2.548091023825751426e-03,1.099319057943948658e-01,5.630361725242001292e-01,6.537853807159851316e-01,-4.681309711002304974e-01,8.657981817211368725e-02,6.543445202197703536e-02,5.058508416262094687e-02,-8.264704906368275372e-02,-2.532474419564558626e-02,3.973166956477391411e-03,3.824069980592218788e-03,9.099673625745806696e-03,-9.064158664098759602e-03,-6.960907610726471358e-05,-5.086497801371418596e-04,-4.263917330771892613e-04,-5.356890674930072770e-04,1.478357094662914844e-04,1.281245047908114842e-03,3.340312955719779587e-04,-8.624259662794830472e-05,5.969886350345245591e-07,8.679291169456377481e-05,-2.091549075709097521e-04,9.900279295033821540e-05,-7.235150065317723974e-05,-1.091945945159590169e-04,-1.220857533406482663e-04
-8.522677041390451791e-01,-5.209884577203059974e-01,1.105035763335653586e-02,-3.344095574053777831e-02,-2.226107213783868818e-02,2.077389868746469179e-02,-1.217726515591005575e-03,-4.161021752650572933e-03,3.521088717884263228e-03,2.871918246549480264e-03,-1.563348532751550118e-03,-1.047058083092885670e-03,-4.128534231660613003e-04,6.115117417412559343e-06,-2.812342181153437096e-04,-9.383793090708533377e-05,-1.268954250983776657e-04,7.334812419610214294e-06,-6.180107077554139277e-05,-6.874644744678532068e-05,-2.567157027404226138e-05,2.051822001438394509e-05,2.016712587455121182e-05,2.228682605262498397e-05,5.957278925108150235e-06,2.345266664491406762e-05,-2.607734751716324641e-07,1.175382985869514270e-05,-3.024479811487045365e-06,1.219710471578738566e-05
-6.527636700838519967e-06,-7.172720469366796673e-05,2.113776615718358193e-05,5.956444111901206808e-04,6.355430809476050880e-04,-1.262041568847014402e-03,-3.878223027553790933e-03,3.162551319590040620e-03,7.258873059841746030e-03,1.310920303726615180e-02,5.355916550689711342e-02,6.121136000341363681e-02,-1.426947080435092725e-02,1.794072050843378840e-02,-3.549688529840590995e-02,-4.421201296075330522e-01,-1.852350107432326476e-01,-2.744044325641443738e-01,-5.843527004188517893e-01,2.206835377291165579e-01,-3.660894050806463573e-01,-1.939237050994433408e-03,-1.985129668162246563e-01,2.733377298417971057e-01,1.451956149001084884e-01,-9.147865622752850145e-02,-1.838258035188215138e-03,4.677340999168210639e-02,-1.102776281800366270e-01,-6.441498963014173629e-02
-9.484117594358325222e-05,-2.162112332320761834e-04,7.044432557578907952e-04,8.966574013645822044e-03,8.213555556775315944e-03,-8.414907564377210880e-03,-7.148983544101592045e-05,1.029009368448143523e-02,1.422706577510344517e-01,8.966014027587296265e-02,3.294553517327198922e-01,1.839305519658532284e-02,-5.608847722857995821e-01,-6.618136616377798820e-01,-2.057709087059768072e-01,7.537323592850328491e-02,8.510051187541629869e-02,-3.741427996446866633e-02,3.075308798827757970e-02,-7.833491558073660266e-02,-1.882906278531542854e-01,-5.088610720473565191e-02,7.957733446125665744e-02,-1.526436642130887290e-02,-9.500216873199662446e-03,-2.669552836186935701e-02,-9.919390563637648858e-03,2.677597082634452542e-03,1.716000470606858855e-02,-1.920278074490800596e-02
-1.598484852675326239e-04,-2.170276457604867310e-04,8.356657542685437578e-04,1.044806965613812380e-02,8.190537258518827343e-03,-1.354475654692590368e-02,-7.222916684759934751e-03,4.773595287987988760e-03,1.854440590351060236e-01,1.042224761197105831e-01,6.196441803689234362e-01,-6.325780319489696657e-01,1.213951743525941290e-01,1.122862193151020621e-01,1.838513196203759026e-01,3.895643304944441249e-02,-2.909454050205248499e-01,2.646408234629729281e-02,2.543359135812534033e-02,9.910206452328244875e-02,9.121821816934094773e-02,-1.843104079712218693e-02,-3.695769940685427607e-02,-2.377393237956195240e-02,2.978559819583307539e-02,-1.186509446814988482e-02,-5.447229436126328241e-03,-2.855825655319494186e-03,5.114308392680048769e-03,-5.815582967029413707e-03
-7.062431706235146464e-05,-5.107824139802383170e-05,3.745725820698509140e-04,2.622180715610213445e-03,2.868290522396968033e-03,-1.550291603195421428e-03,-3.066253038287124026e-03,1.740698588352717182e-03,2.609551076383433837e-02,3.054243230529486708e-02,1.089163911168164328e-01,-2.504237884688743920e-02,-1.059829519299160808e-04,-1.418999676315467820e-02,-6.056961239121218254e-02,-7.058223181156614290e-01,2.098305437051089795e-01,5.989555301893186856e-01,1.298969239257920238e-01,-3.486372964435534988e-02,6.928932927969029543e-02,4.512125951253322803e-02,6.750769751455891476e-02,1.331378411651504279e-01,-1.512146642670360031e-01,6.656826904870533079e-02,5.346345957691411160e-03,6.494494105647538595e-02,1.487142628251223592e-02,4.539847929989926367e-02
-1.893660319064480809e-05,-1.448711694925362197e-04,3.003955909485704731e-04,1.788615947363166774e-03,2.304512819425613614e-03,-3.759075568529784625e-03,-5.056462795192232657e-03,5.399049258029382965e-03,1.247824140587357189e-02,3.934035595363170185e-02,1.043131869318172367e-01,1.148119683942098873e-01,-6.845376198151466030e-01,5.716088517006893133e-01,2.250472295567788883e-01,9.231955026477681181e-02,3.874182830258821042e-02,1.547446495560765856e-01,-2.074100705610559536e-01,-1.796660892646498586e-01,4.385330422640005416e-02,1.533638490233965243e-02,-1.546722105916567211e-02,-1.016006519391429372e-02,7.480897065580932592e-02,1.027106911936656042e-01,-2.768376441827666377e-03,-8.632692084964798188e-03,1.309487577102432833e-02,3.543591788624939239e-03
-9.145596954084577204e-07,-5.595864571439281861e-05,1.174587713047886701e-05,7.811907112528521536e-04,7.464735669066328502e-04,-1.028915402059031939e-03,-6.837047676013321452e-04,-1.452649965670393234e-04,1.414906784092781478e-02,1.350054042311315747e-02,5.007460385100263173e-02,1.165909119767200193e-02,-4.812365723474743701e-02,-6.596442743806946174e-02,-3.631080865188902190e-02,-1.285712932502640522e-02,5.197681716528580742e-02,-1.056398130851814304e-01,-1.192063316822365299e-01,9.892031872756633371e-02,2.517173261171712362e-01,8.850233684599480011e-01,3.753557663279043222e-02,-5.010692273882961373e-02,-4.836765109013462655e-02,-6.504947949497817683e-02,9.600556495944398416e-02,-1.611339533377313116e-01,-1.405613357841751510e-01,1.972474042422106832e-01
