4.929104371159810476e-03,1.023881665118133583e-02,-1.220016530629121354e-02,-2.847935217278730127e-02,-3.972745228937284157e-02,1.364545491309356873e-01,-3.658430817984768737e-03,1.687868550762723109e-03,-3.544818554539904687e-01,9.343650865642380565e-02,4.722433785416405017e-01,7.146550317335115254e-01,-1.662992409205322764e-01,1.147827407264127297e-01,1.441223758213423800e-01,-1.413351627367882835e-01,-7.520750150949387369e-02,-1.003842212789965160e-01,7.104391893491764087e-02,-6.193503216094330827e-02,4.468989462673069596e-02,3.373745997193727114e-02,-2.620334550789923597e-02,-1.893687881755489952e-02,-5.973913789581192929e-04,-1.267463818587553914e-02,5.302467888107792330e-04,-2.239945885842760821e-03,4.732693331834600219e-03,-3.774483849693669943e-04
2.004728734922528108e-03,-5.534226409169957193e-03,7.599176812166478188e-03,-4.184615860221844175e-01,3.724323239369145555e-01,1.598935452822806413e-01,8.061187208078439692e-01,5.994458959032684248e-02,1.972604178354563087e-02,7.159078887693037796e-02,-3.868796660939651660e-02,2.627746251028656877e-03,-4.073157653089032500e-03,3.588122616244043654e-03,-4.566357124281241603e-03,-4.243880431485654720e-03,2.881675734177122517e-03,2.245814751003614388e-03,1.491642113337868225e-03,-1.130037021678585328e-03,-1.527117477149402111e-04,-2.214923748056090206e-04,1.369073321361865777e-04,1.445218032456285339e-04,1.176261680984300260e-03,3.849620262514652535e-05,-3.960352895939269217e-05,3.121656264294693766e-04,1.531840510486642945e-04,-4.013675230713923195e-04
3.396282636538627137e-02,6.888612973720015242e-02,-7.336569972321528577e-02,-2.775930152661743588e-01,-3.533995469965361957e-01,8.489116182718272619e-01,-1.385750612133751225e-01,-8.514284124568083367e-02,1.559555240638781093e-01,-7.744022144823350939e-02,-4.009024621815256324e-03,-8.769780473356159067e-02,1.167130978628713907e-02,-1.075069751011669024e-02,-1.483179301195463803e-02,2.166545004796673404e-02,1.369412877701220617e-02,1.577330498860967170e-02,-8.210268009994386995e-03,9.292271414062821741e-03,-7.133922952344739533e-03,-6.216270313518079856e-03,3.075453945059454866e-03,2.378878651316773587e-03,1.253454799812972888e-04,1.759581638906321374e-03,-1.360884602387701654e-04,1.965905256286219402e-04,-9.664990888125739440e-04,-4.416731445469373107e-04
5.078355594971351028e-01,8.569837824283298433e-01,2.772566320129435033e-02,3.043883408883526348e-02,5.667556753771256506e-02,-5.189419569152398104e-02,3.767747158368015426e-03,4.621491914497191655e-03,-5.284445339318189459e-03,1.206600015132432580e-03,-3.880605337921121285e-03,-9.997948259828702382e-04,5.003650378046079795e-04,-3.630388788588201267e-04,-2.682019369190861264e-04,3.510559731452275061e-05,-4.595634360980166167e-05,-2.840184192059096741e-05,-1.212843451280874447e-04,6.452187156003219473e-05,4.320329256486273684e-05,5.007733298776113900e-05,2.930278891620222072e-05,3.622571690507935438e-05,-5.876989047814730912e-06,3.288647629513178331e-06,3.080613193242811408e-06,9.449703661312711824e-06,8.772425116987993751e-06,2.678494157170860840e-05
4.314718099482607258e-06,-1.450805555832736383e-05,5.114650578427760026e-05,-3.500575020262214560e-04,-5.985062803858396058e-04,5.462319741250785564e-04,-2.504258382261844232e-03,-3.742728868189502348e-03,8.812821341288430005e-03,2.556061459112782638e-05,-3.176675070336807544e-02,-4.916670786281317901e-02,-9.137861034243122821e-03,1.189262054271259146e-02,9.281673121095306012e-02,-2.058398441958167735e-01,2.035057560833576085e-01,-2.017276395056959715e-01,2.502881469977100704e-01,6.904283213582436407e-02,1.659727197176764646e-01,1.448455023040762513e-01,5.125506990782874306e-01,6.579439653153447143e-01,-7.026758818258484196e-02,-1.975887063011493583e-01,-2.393115229844825376e-03,-7.134305685736157254e-02,4.889027737283719449e-02,1.244441670174558333e-02
3.852006804656805185e-05,1.758261369735148399e-05,-2.205761420748625866e-05,-2.858642685943513576e-03,-2.839671407634779439e-03,1.986007955639431494e-04,-4.431311962931323498e-03,-6.521703713913138030e-03,5.389109441359448555e-02,-2.003237336591542211e-02,-1.263927634013286838e-01,-7.451120664602946253e-02,-7.919101564215359768e-02,-6.899412321752111665e-02,3.606463194644079356e-02,-1.857107207697440143e-01,-1.517694411120066866e-01,-2.545258428909880077e-01,1.072440971430986545e-01,9.799471944704062076e-02,6.472930758165695853e-01,5.009773522686145064e-01,-2.705226370009775061e-01,-2.410745196743069585e-01,2.961945077642834032e-02,-3.606466047614145104e-02,5.093368848395155371e-03,-3.756732138983203545e-02,1.035865299459175493e-01,6.111751481642813816e-02
8.393755287020596232e-05,1.122878899082065097e-04,1.296933323369578190e-04,-3.543055925966137349e-03,-3.315538486439649664e-03,-3.360691000352749149e-04,-5.563690497207027762e-03,-1.174284765150811899e-02,7.303453733881028198e-02,-2.899707888938409667e-02,-1.656384956199869196e-01,-3.370034712070768546e-02,1.669855335173289768e-01,1.457869537099230617e-01,5.787287343272970452e-02,-1.535091533224388349e-01,-4.496433019773073414e-01,-3.109587673779909411e-01,2.617984809655530820e-01,-5.812792617485605939e-01,-2.298312151239860213e-01,-8.542909363409353918e-02,-2.680316983753253113e-01,1.830566744069893337e-01,-3.538352022148004167e-03,-1.253708767855853390e-01,-2.485439731877971624e-04,1.151945017116871688e-02,2.744598342867197310e-02,4.027742293894950171e-02
4.701377145970563211e-05,6.510256338467569094e-05,-2.121785300936788660e-05,-1.144121551755010501e-03,-1.345445073822848893e-03,5.591255481472886786e-04,-3.412746888632810487e-03,-8.163820171946743753e-03,2.037799153639358388e-02,-8.647296848098491237e-03,-5.957929981521200430e-02,-6.148474521078731853e-02,8.532013780228725128e-03,5.483234018033954216e-02,8.102876313305262812e-02,-3.058198569116314935e-01,-9.702988604317119847e-02,-4.447208519334947679e-02,1.290797517601221384e-02,-2.988171527109909631e-01,6.918461367183044268e-03,1.668872364307627532e-03,6.721401511466539302e-01,-5.069464401532413067e-01,1.088822213657928001e-01,2.508185202253085944e-01,8.689161499448604803e-03,1.684070925224846055e-02,-2.424922769242974369e-02,-5.955109539884149983e-02
6.489023551741770076e-06,-1.042080917868096142e-05,1.427985669054095488e-04,-1.074577931369894790e-03,-8.938210179989406010e-04,-8.913248050338748278e-04,-2.260562667232427110e-03,-6.586776557087664109e-03,1.379543279179163903e-02,5.512832060073235077e-03,-4.969720625203903619e-02,-6.711430787571040502e-02,-1.762687055790271295e-01,2.546322978553055560e-01,6.304810230965549045e-02,-1.080971247148979630e-01,1.750301928812235674e-01,-6.163164626332947593e-01,-6.657631049761345565e-01,3.499114696493493132e-02,-9.967997041202208974e-02,-5.922076164750731536e-02,-5.178995633207059135e-02,3.368885773477897638e-02,-8.174813984046179483e-02,4.616110622183513396e-02,-1.709606232039504164e-03,8.760207036256595706e-03,2.197206320357062651e-03,-8.983205339870257988e-03
-2.520005790671851763e-06,-1.650684326145498819e-05,2.116686589162649414e-05,-2.290199581563371874e-04,-1.926900934630731369e-04,-2.901657957403340287e-04,-6.726763587976949867e-04,-1.382781358480567307e-03,6.890538425279457355e-03,-2.077292642637461155e-03,-1.910562744492510720e-02,-1.132883199600171267e-02,-6.775940592409172326e-03,-7.121269732827791889e-03,6.774748326065668964e-03,-4.291112727384363557e-02,-4.710698712478552860e-03,-5.977656945994119786e-02,5.786791192368330450e-02,-1.079443027374689563e-02,2.108296746701065483e-01,-1.282371187537057755e-01,-5.190387101036716272e-02,3.299269006114907005e-02,-7.338839387107658208e-02,8.522515060777073950e-03,-2.119532401540876951e-02,3.201736897541716115e-02,-9.414970315123594169e-01,-1.799495029246530597e-01
3.100747620953785838e-04,-3.027305015552966133e-04,5.608640189949103995e-03,-3.744756182423078072e-03,-2.737989724659752044e-03,-1.797675347286329566e-03,1.442318787986190433e-02,-1.116715090670872823e-01,-7.604432360911579647e-02,-3.065205935835325912e-02,-9.439850118099135656e-02,-1.194731233746093857e-01,-5.415926098820670470e-02,1.353937977925523048e-02,9.394381915311725839e-01,1.819284191896314018e-01,-1.000500206400934677e-01,1.463271844520612208e-01,-6.196550652798341052e-02,4.424598966062570637e-02,1.417128609489058666e-02,-1.208490518433712538e-02,-1.939144642249903544e-02,2.147863566903100707e-02,1.125220696638618706e-02,3.488625940978457561e-04,-1.445074895271029154e-03,4.779216918527189398e-03,-5.940773389227274430e-03,2.997087755987328135e-03
-3.425573563676003396e-05,2.532788071319299868e-04,7.315550139316523252e-03,-2.687703643947287127e-02,4.059959351414478557e-02,-2.492487749756710971e-03,-7.611175033237685406e-02,-5.248405964212924379e-01,1.375417785699536155e-01,8.233728070829295920e-01,-1.230416082355468982e-01,5.362498525793883697e-02,6.325320653396300768e-04,-1.716661586796552723e-03,-2.930612935556943868e-02,-4.151925633745961845e-03,1.283623769419707690e-02,1.743983821501250697e-02,2.779989456907494983e-03,8.455341053977991029e-04,-7.718401072197383873e-04,-6.887603805196996923e-04,-3.005203324567364432e-03,1.630202139131051327e-04,8.251801932661241221e-03,1.196429997934133705e-03,-4.946302808431029228e-04,1.943021908770587499e-03,6.831593807738460707e-04,-1.588287047970531052e-03
2.166539549210511582e-03,-1.410533668928580986e-03,3.943966918628976498e-02,-4.282792210264284305e-02,-3.650598436163825927e-02,-1.260334983991222846e-01,1.297900589940012839e-01,-8.290754667549367074e-01,-2.903212698135583872e-02,-5.044232342775371025e-01,8.833746574929995932e-02,3.063900451288494378e-02,-1.198420535794401422e-02,-1.779898620317047538e-03,-9.945942883783277788e-02,-1.398074453976466160e-02,2.339633577211620505e-02,-1.530971984917767897e-02,9.228551216147511116e-03,-4.829169311001106288e-03,-2.635414839043334796e-03,-1.065965889633816257e-04,4.077716016641382934e-05,-2.567980275213975396e-03,-2.140814659105298007e-04,-1.292981933572655284e-03,2.888036608181642601e-04,-1.345637805670615514e-03,1.084189898750417998e-03,-1.981827845580953155e-03
5.625461738309804616e-02,-5.448006183333244101e-02,9.857141231549790827e-01,-1.015004195050077385e-01,-9.489138091667780051e-02,1.722399366558417452e-02,-2.642336326004209035e-02,3.993011854767934687e-02,-7.491914358252449967e-03,1.663119816205894594e-02,-1.744709495420268932e-03,-4.096533040158303971e-07,7.931938651271288774e-04,-1.519879333471158152e-04,-1.504733882932828915e-03,-4.540662537115881824e-04,-2.168622919319744828e-04,-1.677436576751721988e-04,2.367710998191232432e-05,-1.483649769261638301e-04,7.157853031354078667e-05,7.637235918468409106e-05,9.206076891126675267e-05,-8.032574932282849126e-05,-5.947100804419014477e-05,5.378321475264729543e-05,-4.919954785215501805e-07,4.413041594541101416e-06,-1.916811791626616454e-05,4.328846013037657966e-05
-8.406775895502027151e-07,1.619484402565263706e-06,5.288591118953465172e-05,-1.216248609451482554e-05,8.756238627352515541e-05,1.755375211001341160e-05,3.329119271017802451e-04,-1.897470816659626051e-03,1.583939321304742498e-03,2.501104267955329453e-03,-4.778708865019388151e-03,-4.802488790730945721e-03,1.481660642144505416e-03,-1.987924830370638423e-03,1.462050039499582926e-02,-2.760659467673853146e-02,-1.740495291117788099e-02,-3.801925327646858699e-02,5.452034678485293689e-02,7.960552355959002457e-02,-9.471906699102398963e-02,-6.850907847874486423e-02,-1.464814572030275451e-02,-8.838806363133312749e-02,-7.380476933005973572e-02,5.416183883815711003e-02,-1.270300387409399323e-01,-9.324461057318604862e-01,-7.938329153539201710e-02,2.567776073114721447e-01
5.962620038143049827e-06,2.070171289825718496e-05,1.508864301758350084e-04,-9.600774435075881208e-04,-6.485889881587511866e-04,-1.508032006414088686e-04,6.888294994052832554e-04,-5.218721411020709605e-03,1.869737209942536060e-02,-4.064708612564790768e-03,-3.677291732802610846e-02,3.035467722135513566e-02,-2.671182875821904307e-02,-5.023881443861803048e-02,-3.553801920337158748e-02,3.088685798059682616e-02,-3.720523903045176439e-01,-1.013232280569362626e-01,-3.668934134284338594e-02,3.451472132879290222e-01,-1.213080383645613047e-01,-1.156019394448210141e-01,2.152927861706448176e-01,-2.668332433763671019e-01,-1.744819810979345853e-01,-7.357568052452997387e-01,-4.266419524597096086e-02,5.272101197487782942e-02,-1.763790389881274637e-02,-1.978273564147243688e-02
1.080356687079810630e-05,4.811174510177906416e-05,1.908660112451475389e-04,-1.255474997831513510e-03,-8.988227934279794263e-04,3.785636346496618716e-04,1.054572787421489055e-03,-6.785799357958252793e-03,2.441124517727290624e-02,-1.267863008632195802e-02,-4.564449022135797646e-02,6.121424126877935551e-02,9.034182217264996595e-02,2.583906787031569827e-02,-5.987810394273244963e-02,1.998566171519564755e-02,-5.691296000193744042e-01,-1.510625729949610363e-01,2.193565236402939683e-02,5.087466067885737520e-01,-4.860483153464832673e-02,-7.714500485331883539e-02,8.350759034972207728e-02,2.154219058864162428e-01,1.989690505965280853e-01,4.764040244233264665e-01,-3.026146833165499483e-02,3.970301179678148093e-03,3.839227232251058580e-02,-2.094453461790854731e-01
3.452724028288613259e-06,1.348540485631248859e-05,5.630667218478933547e-05,-2.412042019763794589e-04,-2.297404576392561408e-04,3.027748051394581002e-04,3.909518489696518534e-04,-3.388785560333879184e-03,3.375163322338116303e-03,-2.949082076892191404e-03,-5.427917050862351642e-03,8.520310289007295215e-03,3.366686882884892176e-03,2.639604045637267658e-03,-1.230521597258705038e-02,-8.358281967628269915e-02,-1.091170702231058914e-01,2.301441755427222416e-02,-3.568711069355309101e-02,1.213769065932463476e-01,-3.300766959555229835e-02,-2.044158532457537869e-02,5.953793243311419209e-02,4.648508499854483306e-02,5.309242172882958077e-02,1.030770628453493154e-01,2.198636054794418995e-02,2.766623503836462827e-01,-1.760470392279558094e-01,9.141079723272872437e-01
-1.483812838923515438e-06,3.674279730476243080e-06,1.028821281804004117e-04,-1.493608508239731986e-04,-2.241567255792565352e-05,-2.787329519866881705e-04,3.625217737550472650e-04,-5.662858958077115687e-03,2.056448995578849612e-03,4.224791263475201168e-03,-1.170889135697239687e-02,-1.575897712744886089e-02,-5.046298285382992688e-02,7.660541092990053036e-02,-1.436535451464323286e-02,3.473764831149662308e-02,-1.012093180580337648e-01,5.094831091831630160e-02,9.235750197123615557e-02,1.295005372775627321e-02,-6.928964952957354650e-03,6.409495328095624056e-02,2.908648495360671715e-02,-2.648123077550169208e-02,-9.335169879351442601e-01,2.802563042054100895e-01,-9.430663167854279674e-03,8.905357882003392400e-02,6.688910730266936500e-02,9.406575113770125835e-04
1.394416329610733744e-08,7.493081508529768853e-07,1.665035055970327005e-05,-8.514231528064681047e-05,-5.024109314368800270e-05,4.384498488243555739e-05,5.822154591617107096e-05,-7.317261722052842464e-04,2.154499969833528848e-03,1.606961285310775939e-04,-4.919288188695751692e-03,3.062451195896250498e-03,-2.452990161333971192e-04,-5.773593702076327237e-03,-1.901511544553846286e-03,1.414635260954930649e-03,-3.472386455777290437e-02,-1.525951407564861764e-02,4.740277754021984813e-03,3.156719631616637656e-02,3.990500897688951942e-02,-9.772059350020123603e-02,4.084556404937499802e-03,-6.251243014364258124e-03,-2.858459860241752831e-02,-1.179524139590579571e-02,9.850109152177769500e-01,-1.224814736035079177e-01,-2.719961169823194042e-03,7.438341864664718521e-03
7.054101956392675246e-03,7.115323832502389078e-04,-2.022695516324274009e-02,-5.264406789202143860e-02,-6.069181263715592300e-02,9.287659599987584114e-02,-1.727802935629591322e-02,-5.002604475345134166e-02,-8.712111546215723923e-01,5.450813455161302584e-02,-4.224312407758963328e-01,-1.298941440897060651e-01,6.459580865068106914e-02,-5.316077694582047042e-02,-1.296352123014073154e-01,1.165536359769325098e-02,8.904972874518584866e-03,-8.544129367660023219e-03,-1.245886184540254821e-02,6.656441792502242136e-04,-8.698826882844665209e-03,1.109244044968017706e-03,4.529288348746743527e-03,2.790844381973231914e-03,-1.443793176172773491e-03,1.271183556786096777e-03,2.107354676471026903e-04,-1.326494038093952745e-04,-4.029108104244305565e-04,9.695584401116193792e-04
3.053185912256047973e-03,-1.644159286113602847e-02,-2.521332452658101020e-02,-6.259713745897519388e-01,5.393440164379030843e-01,-7.644708242197249815e-02,-5.477304640054428964e-01,-6.738414014033299558e-03,-1.966139922001656007e-02,-9.230873736707080612e-02,3.803495802624005245e-02,-5.963506203515065406e-03,3.434686066301832676e-03,-2.208357224739323273e-03,4.855883442118525892e-03,2.740239947168750766e-03,-2.634261829937005559e-03,-2.441023758802750732e-03,-1.218300954211361687e-03,5.164612092133138424e-04,3.938074651731565375e-04,3.441364766772115236e-04,2.075536283875567209e-04,-5.212581263604083588e-05,-1.257974920538222283e-03,-1.457544506230873480e-04,6.001180638469601517e-05,-3.112469660870983350e-04,-1.422795242581067457e-04,3.694076412907214627e-04
4.866581079479741223e-02,1.088704497060339303e-02,-1.193809832695122419e-01,-5.804771618141468803e-01,-6.514194864673643615e-01,-4.485337377802449121e-01,7.725580050917563169e-02,8.736956486355067220e-02,1.874416107404557053e-02,7.694396346891728411e-02,2.716981882261022482e-02,2.371609999305192631e-03,2.033334658650076242e-03,2.136740293858270436e-03,1.186347199174577274e-02,-9.422837104810134626e-04,-2.812901790748207828e-03,8.817459816013166907e-05,5.579262614915194481e-04,1.428961307023742559e-05,1.273620343115157427e-03,3.234502184505144609e-05,1.614057464822537136e-05,-1.129568292194321402e-04,-2.948748397693561952e-05,4.190352548685226240e-05,-2.773745102303373211e-05,1.071715020440813776e-04,-2.534767241917112142e-06,2.056997698629551479e-04
8.575105732070688047e-01,-5.072852891532967368e-01,-7.119627557578553367e-02,3.648711387114635801e-02,2.166258237014448071e-02,2.010806524375637061e-02,5.071025356650114228e-04,-4.549887693573393885e-03,5.648370474175051434e-03,-2.566134308256152671e-03,1.747994063299786096e-03,7.376391477797437403e-04,-4.658201726285103182e-04,2.671247177777584395e-04,2.963289747829393707e-04,-3.144941724132826268e-05,3.454843990349462136e-05,3.781690757681692764e-05,5.394756498649984242e-05,-2.741864919351997107e-06,-3.489293630939463053e-06,-8.272039647181813178e-06,-2.645874396247695033e-05,-9.190706833716880890e-06,1.211351229614505933e-05,-8.078380084059115051e-06,-8.571537220253248800e-07,-2.673832050524416024e-06,3.285664975949125242e-06,-1.442278395135923781e-05
6.446988701576292260e-06,-7.779096141818693663e-05,-9.639767326413220820e-05,-8.840067924626602777e-04,-6.051003889588575440e-04,-8.846277445506580241e-04,-4.794200497355770481e-03,2.566235055969411441e-03,9.338524314577127325e-03,-6.502675734123452428e-03,-6.020408907058045350e-02,-5.642134996818856663e-02,-8.454461575717425043e-03,1.063832478062230746e-02,1.529000936585345749e-01,-3.415199136627166121e-01,3.786923218091772791e-01,-2.478232992445698613e-01,5.061466074095271050e-01,3.570103627419905501e-01,-3.483028699359995706e-01,-1.166731983565738456e-01,-2.129066287627006393e-01,-2.421883504291079126e-01,1.775800310785046951e-02,7.023682431478170396e-02,1.662023030167425822e-02,1.342682141469358770e-01,1.208596029369991831e-02,-4.190860370187404066e-02
9.904631447510074520e-05,-1.915878693070859854e-04,-1.169810557877394965e-03,-1.084042399987095347e-02,-8.567992760092662391e-03,-1.072275792477942261e-02,-1.913335835328463033e-02,2.853524742506298451e-02,1.435002822034746883e-01,-9.140035925302072983e-02,-4.241045968908411790e-01,3.127306739441467753e-01,-6.096702512882247182e-01,-5.215543696109148364e-01,-1.544035938722996409e-02,3.425656443918791150e-02,-2.123729024174447061e-02,-3.378204231191150875e-02,4.407752251690541696e-03,-1.023676927702851930e-01,-1.564968332545452756e-01,1.553004180439422621e-02,2.205954824339530218e-02,6.310720773210398704e-02,1.185976312894695961e-02,6.983342926898172820e-02,5.011169348063444599e-03,2.270555842875551962e-03,-1.811244479502871832e-02,-1.019842270785678920e-02
1.724457502472242837e-04,-4.062300131529403849e-05,-1.361343483765155857e-03,-1.268271612083521523e-02,-1.074513498928390473e-02,-7.932605597934306793e-03,-2.131095053831598418e-02,2.686659154628612961e-02,1.802931793825773288e-01,-1.330166510147293146e-01,-5.397862989176893667e-01,5.582556373798459592e-01,4.255731586505034358e-01,3.066139872828386181e-01,3.548636858433060204e-02,1.136012625813466043e-01,1.797347276292418361e-01,5.269547637208348706e-02,-4.273339984165575034e-02,6.977566293895184901e-02,6.631210873298516717e-02,5.678200874049448704e-02,4.285035669287595717e-02,-5.822169615181368996e-02,-1.923866903365967912e-02,-2.385229223812694241e-02,2.791070367717861465e-03,-6.134833275585533686e-03,-1.137094782126442036e-02,1.544986401355949446e-02
7.235890784995189921e-05,1.941169564258665001e-05,-4.730106113758616657e-04,-3.046613739323660551e-03,-3.084823490815411743e-03,-1.274183870151224859e-03,-8.156182064670058907e-03,2.091380283574827137e-03,2.867682568209324948e-02,-3.296931769885545066e-02,-1.138702273912313573e-01,8.922126762120096907e-03,-4.929112539730180070e-02,7.447318863464945371e-02,1.854643405722065236e-02,-7.568431210384424235e-01,-1.000556782494014113e-01,4.923704623796760216e-01,-2.763964642854022657e-01,7.773538300109274213e-02,-7.877876391161551736e-03,-5.807929980811797621e-02,-1.657101555672907123e-01,1.440445530614118952e-01,-4.474007863361937481e-02,-7.627760965491608980e-02,-6.066979419848350652e-03,-3.675663487718502931e-02,2.670253240065735556e-02,-8.590307627235665988e-02
1.831340479634637792e-05,-1.458035634046827840e-04,-4.649036950734033113e-04,-3.055015109142742921e-03,-2.206170899692326635e-03,-6.276112436420952685e-03,-1.127985245132596785e-02,7.548207126096834717e-03,5.388621486190583142e-03,-1.629773337429814631e-02,-1.311440661206052516e-01,-1.024138876787120123e-01,-5.749862164295580502e-01,7.112724891114753367e-01,-1.190502668307303752e-01,1.563784796994527326e-01,-4.534080400431739905e-02,1.705343846158483279e-01,2.150745023419515234e-01,3.046227589880863909e-02,3.195811520456419419e-02,-9.888838439017690746e-04,1.636006017928247000e-02,-7.307495677443390236e-03,1.236584129543831373e-01,-3.778916989939708898e-02,2.428539497568401803e-03,-1.118003567311587343e-02,-8.557626265711335348e-03,6.736846041240214696e-03
1.689406328975943480e-06,-5.377350416456452934e-05,-1.325962822825271488e-04,-1.068496914413455704e-03,-7.741175898360928929e-04,-9.840480529947541553e-04,-2.889764026397018213e-03,3.301652630711586663e-03,1.585636906838456400e-02,-1.100787651232170913e-02,-5.905525520242939364e-02,2.873174989090427137e-02,-4.626843325865958451e-02,-5.401499135957841397e-02,7.258108090261704455e-03,-1.776132665260688609e-02,4.910194649974981146e-02,-7.304188871452196863e-02,7.775633756602724767e-02,-3.532251463981744832e-02,5.136231911800211991e-01,-8.005796134996954194e-01,-2.630433575556464718e-02,-1.658097972042953464e-02,-3.687354753813996966e-02,2.220445962465654802e-02,-9.692541007477242787e-02,2.597871241610017964e-02,2.326063942874096457e-01,5.563091342448173854e-02
