4.952296304103969565e-03,1.025669871380809062e-02,-1.130497071257888404e-02,-3.839958532299832944e-02,-3.557783596246583135e-02,1.298602463339840751e-01,-2.288312850877120309e-03,-6.507295287990400023e-02,3.836528579692700669e-01,1.658629443926353808e-01,4.322734052291390960e-01,7.143134229162394488e-01,2.088777614419279061e-01,3.629873958145688612e-02,1.555654263473938703e-01,-1.191917363216138254e-01,9.957027024470066490e-02,6.548801643112575708e-04,-4.764128806121615406e-02,-5.946175204437146450e-02,-6.209878626159665016e-02,2.242518041133366013e-03,1.137671757271511118e-02,2.941260693426393444e-02,-1.088348283406382483e-02,-5.999001401488923170e-03,6.378121165672970185e-04,1.795475417313830780e-03,2.448738237397963917e-03,1.555751035576244173e-04
2.026642862929953128e-03,-1.941248802044210795e-03,1.169003389527345982e-03,-3.741221469036180580e-01,4.349060328468622449e-01,3.483843524530583907e-02,8.108693500286953126e-01,-6.714155370558988478e-02,-9.301213176964201121e-03,7.721784286545403664e-02,-3.891812933057999663e-02,8.945494804437157527e-04,6.531448660582331485e-03,2.467857783505543381e-03,-4.439999431081995650e-03,-2.904623652828018047e-03,-1.446167797323696155e-03,1.917077990739528498e-03,-6.470119577195580264e-04,-8.287279842074491776e-04,1.717285407625798494e-04,-5.256845608248414587e-05,1.218070471109295182e-04,-1.227827921617157142e-05,-4.929073154972153778e-04,7.714899501410560963e-04,-3.174693742970894901e-05,-2.729162488443525681e-04,7.884108993452647318e-05,2.082194562785909936e-04
3.433777409697470751e-02,6.904330305698577752e-02,-6.287079649076818266e-02,-3.540059170403921929e-01,-3.095026889236007217e-01,8.517371810471959792e-01,-1.969556201201542664e-02,9.841701255886156630e-02,-1.430045365857272599e-01,-7.129680058768930739e-02,1.134704435493806562e-02,-7.965237381288411966e-02,-2.002319856860016248e-02,-2.907951990637359669e-03,-1.358802763178524643e-02,1.847913224906497232e-02,-1.781445258738825754e-02,2.870825307782070689e-03,4.887501280071205635e-03,6.307877197904130512e-03,1.005758764026197342e-02,-2.172536572041476339e-03,-2.604919779833445460e-04,-4.227900915705771340e-03,7.214807662146172909e-04,1.610738350176369686e-03,-1.421365621847490936e-04,-1.901010710918683150e-04,-6.153605906699050401e-04,3.514262520367404424e-04
5.138053462381768632e-01,8.527523473653081387e-01,4.892554731344037067e-02,4.075980046548484392e-02,4.475943442010513196e-02,-5.188235880751707746e-02,-2.828154621532688422e-03,-4.491903429957378076e-03,4.459847150514856945e-03,3.185446560057358760e-04,-4.095769361723507022e-03,-1.343926464976010230e-03,-4.607673412624053804e-04,-1.936433347847246712e-04,-4.116871117514228845e-04,1.594826674913447646e-05,1.008497794419622767e-04,-4.992340715829490929e-05,1.235413957000205628e-04,1.822569229114546683e-04,-3.769336839049612723e-05,8.095689824824876032e-05,-4.943874687808104564e-05,-1.928758688133310920e-05,4.959981408380098508e-05,-1.984627558423770411e-05,2.083205238562869872e-06,-5.490850207996649168e-06,1.157132460483599480e-05,-1.650376311782261320e-05
5.022558355863304250e-06,-1.117901369986249200e-05,5.836166345364570600e-05,-3.600105962179043291e-04,-6.141629949108993449e-04,1.114843524537737374e-03,-1.486428540188381581e-03,5.407082980288027522e-03,-1.103925512189462589e-02,-5.582858682344199810e-03,-3.102557434308693060e-02,-3.575415647209418540e-02,6.736067983488666470e-03,2.548401664180951001e-02,6.142755923919449024e-02,-2.145553209469102107e-01,1.599873207378445239e-01,3.214242620735530687e-01,-2.336288213771754441e-01,2.263365701205216629e-02,-1.060329262635814895e-01,8.374959959297280376e-02,-4.129100623952458582e-01,-5.044137169633707840e-01,5.012728835044529818e-01,2.185448970249553868e-01,-3.204861179592758454e-03,1.043433871023465853e-01,9.512364597211693529e-02,2.998135187331392795e-02
4.259479234799960930e-05,2.436878138657635126e-05,9.781666138634033457e-05,-2.985014913596724124e-03,-2.489770316273709570e-03,1.134054615766160075e-03,-8.507950048901760480e-04,1.815500314264500287e-02,-6.386501208669553842e-02,-3.813856904847989782e-02,-1.213495740980814336e-01,-6.699846924973228146e-02,6.257214757633768054e-02,-8.059110699956130441e-02,1.064972171922926591e-01,-1.669287334541938173e-01,3.397077101288568657e-01,4.501573227917681289e-03,-9.530604566868680627e-02,1.948563637958249106e-01,-7.647862308049544477e-01,2.564761522698107976e-01,1.024954727160554274e-01,2.398779395892708666e-01,-1.476305158135408913e-01,-5.049258471043172047e-02,2.029994413591537129e-03,5.079483247523331607e-02,1.216366871228000274e-01,-4.863980286014559645e-02
8.449043076363659259e-05,9.081373939396288520e-05,2.787245499573777572e-04,-3.528724153381704049e-03,-1.966311007313749967e-03,2.417458802096744588e-04,-2.072523720853135590e-03,1.918670321174523186e-02,-7.357862166140155535e-02,-3.870059956065119433e-02,-1.563755172614290923e-01,9.105613952423463262e-03,-1.348424414714499697e-01,1.883088363309530222e-01,1.204266200645754403e-01,-1.836368219617582898e-01,4.273269426272264804e-01,-4.501943065253940501e-01,-1.919252363133586159e-01,-5.466490721541771292e-01,1.156280384908877079e-01,-4.521533249351471218e-02,2.781400740276444017e-01,1.389754199354032750e-02,2.080979360996744743e-01,8.853201812793369541e-02,3.124808604367658536e-04,-1.140432819441199348e-02,3.281882132327364199e-02,-5.713057962638554491e-03
4.913980563082389149e-05,6.024957940001280944e-05,3.271620085039343554e-05,-1.236062003731236035e-03,-9.857023673890271624e-04,7.230256556429264219e-04,-9.236525561258461785e-04,1.237499519971053952e-02,-2.231467960663303246e-02,-1.685185043186602366e-02,-5.761604582069344144e-02,-3.897899836875635265e-02,-2.476630697017439056e-02,7.184677243645046230e-02,9.039896477413378317e-02,-2.973859580124945112e-01,1.980233452778781822e-02,-1.086310805345210434e-01,2.550618516138173156e-02,-3.047994729913495737e-01,6.370840948656576047e-03,-4.755627279728504020e-02,-7.053970835482372692e-01,3.982566358841263532e-02,-4.518183535845800569e-01,-2.734819666247563785e-01,1.051222229505941689e-03,-3.458505112409982624e-02,-6.521692847119094083e-02,-1.530468457162586886e-02
7.066302298150789735e-06,-2.901752915987220423e-05,1.721633991988703015e-04,-8.153650138975434593e-04,-1.218109646335327478e-03,7.896873141787975241e-04,-1.456736627499118563e-03,1.080132986458821713e-02,-1.881972310061474224e-02,-1.567146228900171204e-02,-6.098762029661751460e-02,-5.365838856438203547e-02,2.067245752040674511e-01,2.476311849048009606e-01,1.036676785093090108e-01,-5.569580811904736167e-02,5.213492523108511634e-01,2.519206964680896776e-01,6.869926837765394367e-01,1.161483724165923853e-01,2.118255947046824295e-01,-8.961126208234020118e-03,1.729422488482080036e-02,2.547553596747244298e-02,4.806057277301683389e-02,-7.456444311392775026e-02,-2.506817291666236028e-03,-8.996878911934947515e-03,-7.584876749542741187e-03,1.196954820347571023e-02
-1.963052823055203217e-06,-1.472928970449898931e-05,4.133408062587003569e-05,-1.981965411485686482e-04,-2.104607256881277139e-04,-1.389352865607063677e-04,6.593274540922766094e-05,3.465188695370280143e-03,-8.566891205481843435e-03,-5.941968863798017218e-03,-1.823460785293630135e-02,-1.299874421104473855e-02,9.598983516954418677e-03,-1.202764548506051606e-02,1.343763898094722624e-02,-3.662258448679338307e-02,7.404682897775848038e-02,1.148504757570053755e-02,-4.041460093302984974e-02,5.635890808527209417e-02,-1.971649498124857514e-01,-2.376559383069703490e-01,1.798330070864788410e-02,-1.497882275189878210e-02,1.183523718380990603e-01,3.098037926839754350e-03,-3.073015425104855605e-02,-1.204866401774346979e-01,-9.222263333848120803e-01,1.063617924107486679e-01
3.117871878688420126e-04,-5.156193298766886118e-04,5.818303447769383567e-03,-3.539084586925472266e-03,-3.861242909623696217e-03,-6.701372431953203819e-03,1.640944286639037589e-02,1.096477766226698625e-01,8.263675120016591991e-02,-4.595099680094851674e-02,-1.003859646621020618e-01,-7.960339880925410005e-02,-7.594861514261917745e-02,-1.785924998613863191e-03,9.333381897399675164e-01,2.167395837831198324e-01,-1.803797509479332650e-01,5.232897688182457790e-02,2.221377986214161191e-03,3.899102249056087596e-03,9.914394334890946556e-03,-9.726380982421628171e-03,3.100696190258238685e-02,-3.074838441268985464e-02,-1.757094330957274103e-02,2.250125025633144954e-02,-7.204528557735814971e-03,-3.782056270024417109e-03,-5.373525196272373010e-03,8.621316711246941947e-03
-2.826389269573700676e-05,5.098235235196350466e-04,6.936263067798155782e-03,-2.062803678451312003e-02,3.881638702429737742e-02,5.571830648996248941e-03,-7.720609662483665647e-02,5.136400189407789307e-01,-7.133714503789681527e-02,8.272665974235406949e-01,-1.924500443519423232e-01,1.501224577451216666e-02,8.486526962348027101e-03,-1.537045595468851649e-03,-3.278459315854213157e-02,-4.541375443190795100e-03,-1.308256395061020531e-02,5.687356774796844053e-03,4.931139807528928456e-03,9.722470802248877177e-05,-2.839733876580242955e-03,-1.320922454792188483e-03,3.768338935015884145e-03,-1.526767082007322428e-03,-4.964155476010116350e-03,5.358580499906584818e-03,3.779621660892725681e-04,-1.544993507310166679e-03,1.341507054465684108e-04,4.445935381056663254e-04
2.214969058441029585e-03,-2.969640992786831430e-03,4.012482220381961839e-02,-3.987547050320284364e-02,-3.698452377185575818e-02,-1.440223462565393964e-01,1.285769788922643542e-01,8.324732660434569498e-01,5.766588214758082420e-02,-4.653737912297192247e-01,1.662502844713379391e-01,8.474304577759216028e-02,2.214540764748179971e-02,-1.834465699651551722e-03,-9.649935535373843631e-02,-1.830070526629419894e-02,1.207544781526848424e-02,6.589781063106698970e-03,-4.376130947799791553e-03,-6.176992221957527951e-03,2.117000870415733371e-03,-2.880332830299761225e-04,4.602460292287200144e-04,3.064581629356423562e-03,2.609217222425206230e-04,2.750836114392003675e-03,9.454452790063250407e-04,1.224042393405872170e-03,1.125354007598028611e-03,8.098015429924156463e-04
5.599364151242555709e-02,-8.133247567244890341e-02,9.860630835220057788e-01,-1.068354746476388867e-01,-6.142254254003018388e-02,1.638784711206261666e-02,-2.371754675579801006e-02,-4.074110436293374576e-02,4.473028074316591496e-03,1.425024382844506873e-02,-4.668096854840329650e-03,-1.828958289440666416e-03,-1.678032612586200227e-04,-6.523490826737104184e-05,-1.651412846588866390e-03,-6.212761323764083706e-04,4.093580612551162338e-04,-3.974121932479248603e-04,1.229653944651051107e-04,6.754069938334384825e-05,-2.480003305548940688e-04,3.547917590399701310e-05,-1.773093536777042899e-04,9.959350214386505625e-05,2.892110719171860867e-05,-2.294007744774428090e-04,1.242514120408963368e-05,-8.901992874747140496e-06,-2.884720489404801394e-05,-6.527774000932523937e-05
-5.831111577618104212e-07,2.548635274547873926e-06,5.205720541272662973e-05,-4.853619516933971203e-06,4.382667010122253407e-05,-2.963892411444264937e-05,2.601720779878361617e-04,2.069976761037388771e-03,-1.164846531533957454e-03,1.746034268621425708e-03,-4.023902997350967646e-03,-3.210542238558748533e-03,-4.356505395022522605e-03,2.442738259176954058e-03,1.494644535462009982e-02,-2.066564412033353865e-02,3.266523294489902252e-02,1.702126365880079345e-02,-7.643880352238151266e-02,4.456211363753567051e-02,1.262889663045816124e-01,-1.949615430474963343e-02,3.980718049875670711e-02,4.904066485128144581e-02,-4.228868622854253106e-02,-9.892512138108455755e-02,-7.136601333370332090e-02,8.795895740937167417e-01,-1.747938824602291163e-01,-3.858587438868481545e-01
6.805887701375686737e-06,2.426227391638876993e-05,1.871791217295619685e-04,-9.408488633281641544e-04,-5.627617000019371129e-04,2.504744753809592483e-04,6.717925079086848857e-04,7.782369575370018909e-03,-1.930171279831289013e-02,-5.616514772956919359e-03,-3.774800466711648178e-02,4.147420711786337089e-02,2.449310385525773140e-02,-8.761687026808402667e-02,5.885196929770282470e-02,4.381421732598152902e-02,1.317520346062901471e-01,-2.972145161375358002e-01,-1.082092293907640640e-01,3.861574353409606419e-01,2.087254713118972815e-01,-9.638446562931282657e-02,-3.905253284858156704e-01,5.720830467610029668e-01,2.902217757342280824e-01,2.599087860274124084e-01,-1.677649352078805223e-01,-2.342046380709605219e-02,4.919338196698394561e-02,2.581964019861249585e-02
1.088656334135280446e-05,4.206828901941137439e-05,2.473361130151392577e-04,-1.156926097916518605e-03,-6.023225076451184032e-04,3.954061283052040282e-04,1.356883551160475683e-03,7.523306034788283803e-03,-2.274812936300459401e-02,-8.777678919372809349e-03,-4.270308501166945186e-02,8.650165417686868363e-02,-6.718910023816858368e-02,4.360501109578911877e-02,3.486284039165455512e-02,5.950681006269580020e-02,2.662484471675409803e-01,-4.062405082737493567e-01,-1.746548305074674956e-01,5.381253129994717499e-01,1.833239745963404776e-01,6.442724024354273826e-02,2.938119044790473214e-02,-4.907083357408974500e-01,-2.943004929482044840e-01,-1.472770619321968899e-01,4.465146652537392569e-02,6.969630907158666858e-03,-1.333129303024567676e-02,1.814502268455735756e-01
3.392292665956965625e-06,9.247785353639208667e-06,6.567757954456382983e-05,-2.154967767341504394e-04,-2.100846884699943693e-04,2.227883017225006578e-04,5.953948844038109943e-04,3.330034100994470544e-03,-2.832044933145551856e-03,-2.637932640019057667e-03,-5.462022820513118791e-03,1.258161817989040046e-02,-7.194553988641587232e-03,5.695348745124199571e-03,2.147628539820799556e-02,-6.587127162231411204e-02,1.519075430095626425e-04,-8.052708523123981721e-02,-6.946854400597822412e-04,1.302274926591032722e-01,3.126744060291748728e-02,2.136567209386941446e-02,3.126493085138733457e-03,-1.323147724570597483e-01,4.035965772722162337e-02,-1.877966102126303258e-02,-4.910028504002575400e-02,-4.045498298921697544e-01,-4.264017465771098581e-02,-8.846661784003400086e-01
-1.557145406499580511e-06,5.450864623185605117e-06,1.264486291206068261e-04,-1.741200880491121025e-04,-5.082370469478787235e-05,-2.133039972292848812e-04,3.432025270038105706e-04,7.797474944162836874e-03,-3.579516846983358484e-03,7.041344225747956081e-04,-1.189485619969542218e-02,-8.191329582040302038e-03,7.622190098343678555e-02,6.008803753184005503e-02,1.396736850799372778e-02,4.576464783202423975e-02,-7.228103140807538851e-02,-3.537276685360681017e-02,-1.179018773447284146e-01,4.702790633396718156e-02,1.349186807894362829e-02,7.705935724630748329e-02,-3.540103690760070952e-04,9.856781313623193264e-02,4.612141605383170417e-01,-8.536383021970993523e-01,2.662637994535633785e-03,-5.394895246355927571e-02,4.598827858737487145e-02,5.597970571844721605e-02
9.121904277205844590e-08,6.374672822130312649e-07,2.856045818579748386e-05,-7.649477494807771700e-05,-4.762557115775766469e-05,6.216204127493040561e-05,2.953953339995783745e-04,1.297230274770317087e-03,-2.274348656883088977e-03,-7.314089771181030240e-04,-5.008832648781486388e-03,1.839349983677707754e-03,-8.121333217196425019e-04,-1.235497285422511651e-02,1.702816062930386648e-02,4.314253679080371461e-03,2.064451509334869553e-02,-3.272191424623731998e-02,-1.300169595329811120e-02,6.165548125536583768e-02,5.693533915178110132e-03,-1.265040835188203927e-01,-6.328982963536057549e-02,1.036047222937578338e-01,6.716748903774480417e-02,3.661770430849864422e-02,9.745896930391199087e-01,4.094028362786170799e-02,-3.547995708545921122e-03,-7.676891679295518023e-02
7.015223059646735586e-03,7.255740663958056176e-04,-1.770434154808300450e-02,-6.445751922638159881e-02,-5.881405567232750320e-02,7.708697087162535988e-02,-7.896933155203591376e-03,1.626980550167604275e-02,8.547595331549096009e-01,-4.432737829924032757e-02,-4.552774678444367340e-01,-1.413627700005780641e-01,-6.339358498830889588e-02,-2.935897493609286590e-02,-1.419412435436865350e-01,2.084936436254476028e-03,1.574497903591795880e-02,-1.506916113247526966e-02,1.188782641118566429e-02,1.073142237867937172e-02,3.176955093130888821e-03,7.672735899420294291e-03,-4.982498254417256495e-03,-2.649607363604997677e-04,6.437427196676127547e-03,-3.399913206195025531e-03,7.764074641992412288e-04,2.966736573372599924e-04,2.370873621482130176e-05,-1.524067829330367661e-03
2.879996826919337376e-03,-9.022608466874493596e-03,-3.301376318439272484e-02,-5.474996414840469505e-01,6.071366525900696587e-01,-3.098673923655070536e-02,-5.636427655754663313e-01,2.190478299815725588e-02,1.381898761022237222e-02,-9.667540841700977827e-02,4.126855890086311013e-02,-3.436974615991230438e-03,-4.459495511693829621e-03,-1.356673061891681747e-03,5.620401226283679857e-03,1.755643343417768489e-03,1.840682773402799871e-03,-1.461624810190089189e-03,5.664137139387747299e-04,9.373707397838423449e-04,-2.183584278641361690e-04,2.238321342357676644e-04,-3.951536375649166897e-04,-8.574982119555684209e-06,6.752186879630433028e-04,-7.094564177097688112e-04,4.369977173548024151e-06,2.802348466056654827e-04,-9.188700237674266556e-05,-1.540525695620924577e-04
4.872511396628809166e-02,8.492085517592229404e-03,-1.039666323680711185e-01,-6.423008798267603181e-01,-5.766692796631679441e-01,-4.745979646382669226e-01,1.889372588188840268e-02,-9.338172335468117313e-02,-3.081926663977052616e-02,7.686802543438210622e-02,1.787445634319794266e-02,-2.592025111348073094e-03,3.944092118316375422e-04,2.815752717559870822e-03,1.147065168472693845e-02,4.879490781873201978e-06,7.195539548859013071e-04,-2.234925654282138470e-04,-4.876930753442789736e-04,2.578799102654429458e-05,-8.882244324146954797e-04,-4.063919800152826088e-04,-4.003854090700336072e-04,-4.751262099666222317e-05,-1.317078920841493128e-04,-2.992835308581628354e-04,-9.094958408835136093e-05,-1.221369194702578097e-04,-5.024431611945870976e-05,-1.043036319109688306e-04
8.539463429683943341e-01,-5.110372477856296447e-01,-8.542004179032441913e-02,3.695978293653061353e-02,2.015691908601540544e-02,2.198630649648206439e-02,2.689292428474137492e-03,4.892085514595162499e-03,-4.843183743755438350e-03,-1.795221504048559458e-03,2.272155614352767104e-03,9.684691647546925415e-04,3.634118630181275636e-04,8.380012658020232429e-05,3.926222756269464741e-04,1.018976438376480756e-05,-1.007408185224187904e-04,7.174171646859552813e-05,-6.403111170590915485e-05,-6.151513245679250598e-05,2.693260512473280867e-05,-2.713885617486078193e-05,4.284912592280416891e-05,1.161525460629231601e-06,-3.131948290296463475e-05,3.023898599354851735e-05,-1.952244850600077084e-06,1.978122651869788344e-06,2.427100535079831535e-06,1.225896913194674461e-05
7.776625048127415378e-06,-5.180532870986119282e-05,-9.770765128598997385e-05,-8.305036531999964930e-04,-6.038126582756915637e-04,4.428335881537793893e-05,-3.890251813563493435e-03,1.181806079316553631e-03,-1.318570542589035492e-02,-1.197845276923669572e-02,-5.329187285914908923e-02,-5.208822652589244206e-02,-1.390058358894560517e-02,4.089669223980211404e-02,5.899496808143787213e-02,-3.384015997690885125e-01,1.397816270531051508e-01,5.202139207236231577e-01,-4.964575843080529238e-01,1.164668081793566040e-01,3.790680609689383029e-01,-6.345072775175259264e-03,2.109247909666489562e-01,2.342850299597604435e-01,-2.283220688743090865e-01,-5.254107151660485087e-02,1.411425675472206820e-02,-1.547314467842221541e-01,-2.231069589096170910e-02,3.757694761018949559e-02
1.058944662809314951e-04,-1.231435539049567695e-04,-1.076045908372271582e-03,-1.064318850827216181e-02,-6.331838894642863487e-03,-5.446338971454496060e-03,-1.502643864359767475e-02,-8.411529477712080885e-03,-1.734003278969157291e-01,-1.196135107964895333e-01,-4.266717875221465173e-01,2.728823070440003495e-01,4.553652065118584669e-01,-6.571837332012753219e-01,2.923329789347721072e-02,-2.455967003618498429e-02,1.662311674564559416e-02,-6.479087157451665115e-03,3.743595304956669201e-02,-1.326723184372825270e-01,1.473258690361686774e-01,7.855340115964055958e-02,2.679412403033241963e-02,-8.761433329490346533e-02,-6.937233638510398315e-03,-2.142016760686033666e-02,1.934485865399135016e-02,-8.922425868832364881e-03,-3.612765882521711686e-02,8.214181163468255512e-03
1.707006741851529107e-04,-3.330792190289444908e-05,-1.109773783017639105e-03,-1.229490646344670417e-02,-6.377593955202221117e-03,-4.139794369741892077e-03,-1.585763428056156596e-02,-1.613224931288885500e-02,-2.028801413514626784e-01,-1.368088380833540341e-01,-5.007644324362520161e-01,5.865254567203974645e-01,-3.625978682012260812e-01,3.468561377023979819e-01,-8.221769512411494785e-02,1.695788199705209609e-01,-9.355288277546226772e-02,1.776811248253720443e-01,2.630752473179685108e-02,4.646327716306904165e-02,-8.061075700803221888e-02,6.397586901383320659e-03,-5.952827517200582480e-02,5.981869097896675563e-02,-5.690374713278956512e-03,2.554014124544881637e-03,-4.435397395325715517e-03,3.525934493042258162e-03,-5.348105435461477340e-03,-1.966262194739613195e-02
7.421541738852605161e-05,1.516843145753805352e-05,-3.989867144412983222e-04,-2.931929406057697668e-03,-2.506334247137509061e-03,-3.158924630956831832e-04,-4.190964301325142069e-03,2.513529788969440151e-03,-3.474382689753275494e-02,-3.898519211777276561e-02,-1.082978857085211688e-01,4.039872484254403151e-02,4.052310616599105915e-03,1.054806036053552581e-01,8.477767222408166825e-02,-7.476912281139123095e-01,-4.441196450826662145e-01,-2.029179796790004930e-01,2.467490001484644313e-01,2.185604165989167569e-01,2.111505401660785861e-03,1.830926575141654652e-03,1.749504223932684677e-01,-1.908718797268654788e-02,1.152648827044849278e-01,5.758120073416002349e-02,2.655389840278063896e-03,5.902550489674045220e-02,1.646204778832285887e-02,8.992431242403904623e-02
1.576917419809116397e-05,-1.268005727941498041e-04,-4.530439210073162895e-04,-2.591160562878701886e-03,-2.074484890381868632e-03,-2.611913139667559197e-03,-1.094228851039267571e-02,-1.559795599012142240e-04,-2.783423208154106945e-02,-4.813087330691015464e-02,-1.604304760520879058e-01,-8.186794675213966699e-02,7.270017641798350860e-01,5.505124035617274814e-01,-2.948429937730438072e-02,1.447453134362522154e-01,-1.741019936840456916e-01,-8.217910520630732074e-02,-2.242598990510004942e-01,-6.512331788359360975e-03,-5.604854215885439472e-02,-2.654596464724449933e-02,-1.359934353163297881e-02,-1.279486383843327600e-02,-6.908413115365524826e-02,1.193346440356914950e-01,1.140427902636965887e-03,5.909106640987780990e-03,1.131192295041191830e-03,-1.640375512463492988e-02
2.766542579233513094e-06,-4.936675301839049592e-05,-1.065890321673515381e-04,-1.039368598701808115e-03,-5.273249179752977946e-04,-8.015606037954177334e-04,-1.606962863758327640e-03,-3.250223857851493276e-06,-1.927158828703717450e-02,-1.706754986798797794e-02,-5.748406538944510202e-02,1.660452986680603302e-02,3.743850773073428839e-02,-8.433733866019249570e-02,7.570932876062077752e-03,-3.730505865241480479e-02,6.549078226061487429e-02,5.394844086601377486e-02,-3.006344482241267088e-02,6.773185319050684106e-02,-1.823971703483392159e-01,-9.071908942373662077e-01,6.150762252666740204e-02,-9.178815089447903142e-02,-3.026082318094933804e-02,-1.033995240933838766e-01,-1.044193712501406968e-01,2.261889598362187490e-02,2.846577391840843241e-01,-2.395302347945811941e-02
