-4.908463659204324002e-03,8.381882888899037931e-03,1.497603500597827209e-02,2.319257571409582067e-02,-3.695645430419374627e-02,-1.104071185879636624e-01,4.413001422838298132e-02,6.203334888273798198e-02,-3.257783771117021554e-01,-1.181890657242970766e-01,4.019403081217210461e-01,-7.005044723244021609e-01,3.378688466297298243e-01,-1.406748427031459525e-01,-1.761212434679285954e-01,1.547112932444364708e-01,-2.053449508345725483e-02,-8.662409333587528515e-02,-1.632431755341943319e-02,-6.516519128693365470e-02,-6.646775410842330201e-02,2.800198315595486820e-02,-9.109359440929888987e-03,2.776994346943101669e-02,1.066329567654201180e-03,-2.300558775202994318e-04,4.629944832173888379e-04,4.607449431763419728e-03,3.214497365167684906e-03,-1.736392605494541021e-03
-2.622567982114071185e-03,-3.596002749867485866e-03,1.203562908705408177e-02,4.293565542987164418e-01,3.731687210736501226e-01,-3.018051713496701094e-01,-7.577994709808001383e-01,7.561174945186517615e-02,-9.350864061969778665e-03,-6.699412236215308847e-02,-2.170778017240239388e-02,4.849729650850366329e-03,9.638900718153770118e-04,-5.005228105821831787e-03,7.425990283667159575e-03,3.400803644421062505e-03,-1.550468040794399267e-03,-2.959655447993027604e-04,-1.581025800669188510e-03,5.145051196726983540e-04,4.589742113815462325e-04,-4.407207170032330671e-04,-4.844791743363123754e-04,-8.299138322985624748e-05,5.252822367923943572e-04,7.454269860314659919e-04,5.015404695028943523e-05,2.338100136247965350e-05,1.204740839833765942e-04,-1.032388984592466473e-04
-3.394136882786317339e-02,5.620818328668504560e-02,9.020764645013523708e-02,2.566386776043277362e-01,-3.599399669852559325e-01,-8.249657855487597669e-01,2.913990941050297878e-01,-8.997924192238906244e-03,1.231321213606191289e-01,5.337012851473595110e-02,-3.826541545688785968e-03,7.451258179790722080e-02,-3.892613347930581891e-02,1.318090955042002486e-02,1.788896519273368638e-02,-2.360546276362739115e-02,-2.057479075611357532e-03,1.328927100342878337e-02,-9.259403576434119439e-04,8.756544089946761630e-03,1.080845397993048310e-02,-5.678256986189689388e-03,2.869984549413200818e-04,-4.038127823905705675e-03,4.484350074267731435e-05,3.407296210402373671e-04,-1.353471019818258062e-04,-7.397693442499658116e-04,-6.835624546567942812e-04,-4.728863220916624762e-04
-5.071775324302842947e-01,8.532561235992228710e-01,9.037135976492373379e-02,-3.081710589524860877e-02,5.240957184351034692e-02,5.163180614330930424e-02,-1.307839203110821615e-02,-1.872356707910884360e-03,-2.487319653242114036e-03,-5.242111330687009279e-04,-3.334429714732902068e-03,1.745655330191052054e-03,-4.737090431203183519e-04,3.621581701705635782e-04,2.169510508426735265e-04,-2.184500986467699220e-05,1.775940519908772279e-04,-2.098218356680399641e-05,1.485511673966508973e-04,1.019758401017303135e-04,-4.839641540663528727e-05,6.930367214853612652e-05,3.170947576912594353e-05,3.921295815210372286e-06,-1.783643471381375392e-05,-1.884360706371324938e-06,1.268196566147880330e-06,6.948850547343647985e-06,8.069253997863464397e-06,3.645894023724864332e-05
-3.875816943824407389e-06,-1.878350990860491257e-05,-5.633243010020611691e-05,3.259691751765769752e-04,-6.817270721893103295e-04,-9.734028209957212244e-04,2.253249461322994265e-03,-6.683965467564155624e-04,5.396023947769376661e-03,3.458470372588504267e-03,-2.962915094644522768e-02,4.467008200192294082e-02,-2.725141663863572122e-02,-1.004818531048244298e-02,-4.210580436985663505e-02,2.228555068827050567e-01,-1.489687940509445696e-01,-2.865877057559207408e-01,-1.637502902901817325e-01,9.459572517196798702e-02,-1.827444491349071096e-02,1.929748994221038572e-01,6.502196201477047910e-02,-6.579313240995945389e-01,-4.706487535932722954e-01,3.083242101662244106e-01,-6.104631094164453264e-03,-1.124286913736912696e-01,1.683102159994548028e-02,2.238727411176207049e-02
-3.998167519522727282e-05,-2.964980881274897751e-05,-3.973108764419785787e-05,2.971468841698624540e-03,-3.533507001556070344e-03,-4.163050211037229095e-03,1.095103053352957300e-03,-9.432086580563705733e-03,5.083369815871117969e-02,2.494533253420688768e-02,-1.133030716957068723e-01,1.248031244950878749e-01,4.190626492258001795e-02,2.891697461929335425e-02,-1.140065280340594039e-01,2.192175026152556050e-01,9.855119083554887693e-02,-2.706500706672290146e-01,-5.794723136407881059e-02,4.646223233053827645e-02,-7.499258532362487184e-01,3.697219672425122727e-01,-1.629236674551298170e-01,2.470462765028528240e-01,8.574694906166897834e-02,-3.836721069912452098e-02,3.061146425047251915e-02,1.441121443048728502e-02,1.100190268782308411e-01,8.597838651435514568e-02
-7.699699685387298626e-05,4.119504255433679160e-05,-2.175238434284515487e-04,3.409625947754357529e-03,-3.288806314676921694e-03,-3.112124065727252167e-03,1.195506939426117451e-03,-1.106563761807412456e-02,6.587699603487186251e-02,2.302069517576896956e-02,-1.945915671908088340e-01,-8.853529860102461735e-02,-2.293406267334019977e-01,-3.871300494398142306e-02,-1.482205241653351546e-01,2.866638511400117495e-01,3.672594664877306680e-01,-1.930681014185223754e-01,9.282251998413551530e-02,-6.710402123449997758e-01,1.990943971339618201e-01,-6.720473834487028508e-02,-7.949383721751970833e-02,1.930607191233434106e-01,-2.446074770880513061e-01,1.055799242356336987e-01,-1.477326972012486632e-02,6.032572313843027889e-03,2.258640983819407578e-03,3.124551777730276425e-02
-4.524220246812437018e-05,2.738377708856701252e-05,1.316100621306657367e-05,1.210271159964727405e-03,-1.569686764192976085e-03,-2.129841317306974471e-03,1.697209579671741034e-03,-5.059702370560429686e-03,1.434493396430832138e-02,8.613409063254999151e-03,-5.947791650240507461e-02,3.621546838978792482e-02,-5.874639726749517066e-02,-1.424184805555133576e-02,-8.194502934594444232e-02,3.160075549781333204e-01,-9.177635685835795754e-02,-1.945974596713925808e-02,1.297103173634223394e-01,-2.860691310401222154e-01,-5.055934027336259767e-02,1.270523250896646479e-02,3.700354793875553217e-01,-4.277052766133841999e-01,6.552710423848944199e-01,-1.539090539059292939e-01,2.128285838361257051e-02,1.974035736221974729e-02,-9.890029016200561560e-03,-2.362102773006097625e-02
-8.983335860760838969e-06,-2.949880941407711897e-05,-6.294522593260391211e-05,1.063632161047000290e-03,-1.362539673517165284e-03,-1.756150468995018761e-03,1.021881189192634090e-03,-5.222348128867983913e-03,1.328603118382248177e-02,1.138339563663284641e-02,-4.485363267342142718e-02,5.802740645290859617e-02,-2.294597357648142655e-03,-3.028335061382134152e-01,-9.833265180432723684e-02,1.034337055998620913e-01,2.828422215954306748e-02,-4.421198753227859601e-01,6.893697437145832607e-01,3.956992601589661707e-01,1.633107556230073976e-01,-8.132610511962257149e-02,2.635840003341568399e-02,6.612502640703715739e-02,-3.538098650435869685e-02,-1.188420373876861308e-01,-8.236973885214243785e-03,7.283696734345453463e-03,9.320857229478309719e-03,-1.364050935353974987e-02
2.412582343872738277e-06,-1.725064478814902349e-05,-5.197830304936906960e-05,2.298923762669914011e-04,-3.360017539826109351e-04,-1.976129579847305017e-04,4.697940566243747127e-05,-2.440068705464587019e-03,6.933500128383827434e-03,4.122698510141597529e-03,-2.022978875256678868e-02,1.843852150098057238e-02,8.862860528312611669e-05,1.960771580271897848e-03,-1.643138767402240949e-02,4.917979013168224944e-02,3.638868271755418826e-02,-8.007546745267972443e-02,-5.050756147851952899e-02,1.348332181502894314e-02,-2.070884377907758755e-01,-1.764976759476187262e-01,-1.883318733280168328e-02,-1.221541521492023122e-02,-5.423203875425610526e-02,-1.566362612768410281e-02,-1.180188127777471452e-01,1.179226782881789282e-01,-7.757241597744887196e-01,-5.279284306447792341e-01
-3.588468916230897724e-04,3.309490450327751761e-04,-5.251409212262844739e-03,3.833682061821881096e-03,-4.165315812449314585e-03,-7.950106063292097444e-03,-1.326618990646579767e-02,-7.471040595594462264e-02,-8.462261224783897140e-02,4.336417339387819980e-02,-1.052879139813624465e-01,2.741384810306733005e-02,-2.137967702010143412e-01,-2.858610629613913406e-02,-8.938076003780821566e-01,-2.468180856822807245e-01,-2.174726419798455601e-01,1.244837827748071502e-01,-4.388648918514504588e-02,3.604020611001503699e-02,-3.160302843469431702e-03,-1.232459387865810635e-02,-1.918040687339096079e-02,4.492933328998115379e-03,-9.415895593090117463e-03,9.824365521316335420e-03,-7.082465291399285372e-03,8.500597850862908270e-03,-3.504130478788893346e-03,-4.249541540053037789e-03
6.838058708046101995e-05,1.050584745404442620e-04,-5.048095548986357949e-03,3.270872397095744150e-02,3.123723418176719765e-02,-3.525037105054369679e-02,5.947731008338797559e-02,-6.185812522598910235e-01,-9.030077082324608484e-02,-7.572192199246610134e-01,-1.616403444002223466e-01,3.028532490221480522e-02,1.868100329563564602e-02,-3.152440201405814612e-03,3.879295270488920810e-02,1.636512302139746505e-03,-1.329503844658748869e-04,2.335487409055694505e-03,-1.148997652997705080e-03,4.913415471379121470e-03,1.909876883774740478e-03,-1.179883820175406601e-03,-1.216425580241153881e-03,2.545322113477890748e-03,1.972189961078995527e-03,3.318933583591352800e-03,-1.264836838352691336e-04,-3.765631519017221640e-04,7.106715500677941158e-04,6.196829447154121346e-05
-2.570357564733254628e-03,3.625818402703810239e-03,-3.929462861811883895e-02,4.666039747636432922e-02,-5.175658704715953295e-02,1.374869784717068152e-02,-1.362278246072982646e-01,-7.645219872082442691e-01,-5.932685251546602340e-02,6.031809688238588540e-01,8.903787017436055884e-02,-7.806797328827408400e-02,6.029153293720133922e-02,-1.456306614753678829e-03,6.685318007754367797e-02,2.210822862603075561e-02,-4.796772650132652069e-03,-1.386975093969258950e-02,6.295789900698216951e-04,-1.052661311905456025e-02,4.064930988674404951e-03,6.366611924746890276e-04,-4.606480537942027331e-03,1.643878315021526644e-04,8.395518106763461604e-04,2.264023974171863393e-03,8.931888741941442118e-04,-9.657149142115027283e-04,1.118354660296179935e-03,-1.065383634811378852e-03
-6.544900516174935456e-02,7.630321444443002865e-02,-9.834301769109942137e-01,1.096446087087701998e-01,-8.682428804107980569e-02,-2.312958724936587870e-02,1.912560947040117809e-02,4.176667396442752811e-02,-2.989352019589683850e-03,-2.315008745661343431e-02,-8.296858443326040862e-04,1.157240530508628048e-03,-6.052212888318214950e-04,1.508285741140585735e-05,2.144830960392930027e-03,4.614599698765072325e-04,1.196080568470572671e-03,-5.873571216626985729e-05,1.284281397023098444e-04,2.435557732940558592e-04,-2.053607769274268518e-04,2.188403223805663461e-05,2.599833664846455086e-04,-1.448690805302325152e-05,6.497229766369370235e-05,-1.343732124455613284e-04,6.708214561307078436e-06,-8.360235140911593808e-06,-3.406163537041853454e-05,3.628741470076025656e-05
7.167773719266402097e-07,1.148522020291084711e-06,-3.269860510411916620e-05,-2.710582677450110012e-06,1.470859116528144291e-05,-1.528763413240067693e-04,-1.728161948635494299e-04,-1.053684119759446544e-03,7.472365953113575820e-04,6.839181147661243859e-04,-2.896968389360209638e-03,4.523939681487199396e-03,-4.965188471568090720e-03,5.009508856824417163e-03,-1.645081393338212322e-02,3.126901819924361031e-02,-1.360770521259902291e-02,-3.227357289249754152e-02,-6.393133620123879479e-02,1.085834962232927123e-02,2.857610924868670549e-02,1.446592427592729296e-02,9.997025224324911086e-02,1.296596956575843951e-01,2.198178382326793426e-02,-1.556885392521428768e-01,-7.114840136797052905e-02,-9.279860923774190251e-01,-2.321040443305819323e-01,1.435016160990796874e-01
-5.001314977286055193e-06,3.589147517990555448e-06,-8.599740413445313987e-05,7.316263870837383040e-04,-7.678496492895134579e-04,-1.395985600077431950e-03,-1.833906468798731336e-03,-7.306313225902501610e-03,1.814670799186195518e-02,1.014157575901163469e-02,-3.925051992670340606e-02,-2.345002607719191487e-02,4.432060673425446823e-02,3.113107361485704938e-02,-6.481637087804922870e-02,8.933025317172142103e-04,2.633963176862308408e-01,6.315068647131641399e-02,-7.213679002417106023e-02,1.664798530034532487e-01,-7.431715180599285375e-02,1.726363946015329470e-02,8.401548573663799591e-01,2.499893690732021556e-01,-1.442890941077780709e-01,2.296166412904841747e-01,-1.126092119401986141e-01,5.032985984346769609e-02,1.053778875865165332e-01,-9.979824740047441023e-02
-7.294286800439348535e-06,1.615599183771839481e-05,-1.912576613890679318e-04,7.831687412800397317e-04,-8.022928089616438970e-04,-1.326206570345927083e-03,-2.027652083252058472e-03,-1.294255953281484191e-02,2.798172025706803512e-02,1.438278012245868508e-02,-9.528252215636807965e-02,-1.729017779991860182e-01,-1.442744741974467115e-01,-3.336179782376276493e-02,-1.131949570751440148e-01,5.139049912343295751e-02,7.253547246155787054e-01,7.674732559222612049e-02,-2.336837996010399376e-01,3.868880559506004402e-01,1.221785202343018545e-01,2.947233739399695088e-02,-2.090104842088807424e-01,-2.565721650254860764e-01,2.051383109935897842e-01,-8.885993481551862638e-02,-1.705192344061702212e-02,-4.696494340826727620e-02,5.487840782938380180e-02,-7.322960651640561536e-02
-3.008347880509775451e-06,6.432128461529887309e-06,-2.891619040920813426e-05,1.736054896825130059e-04,-2.958198815527202617e-04,-7.433312522235848612e-04,-4.286682576552921717e-04,-3.663019662995035605e-03,3.762505045008423393e-03,3.099165165066689997e-03,-1.033272473521232998e-02,-1.581462220080369699e-02,-9.953908401142054496e-03,-3.630223174617754848e-03,-2.232079115610332773e-02,7.522124067525699787e-02,7.565118467812308178e-02,7.063274285793226526e-02,-1.914155992072560583e-02,1.025534771434206543e-01,2.457803867199072692e-02,1.969940101255106268e-02,8.929049064900534960e-02,-4.573175746613884068e-03,-1.708400498583517030e-02,3.232090294734298128e-03,2.281103886287180402e-03,2.614902742482728137e-01,-5.100083048349786097e-01,7.962171100838331128e-01
8.587591451547547893e-07,1.645223712638012721e-05,-8.963391468194932337e-05,1.486967639727257938e-04,-1.228138174692272567e-04,-5.581430038870884448e-04,-7.062208240841521796e-04,-5.387820430532953668e-03,2.032444912520849686e-03,1.354037778445779834e-03,-9.782234661477271290e-03,1.312723730377237871e-02,3.628686707000027857e-03,-9.754828549186661535e-02,3.624706204607870685e-03,-3.484749948596652103e-02,2.524588481770548981e-02,3.031970937340292341e-02,-1.168049030334124411e-01,-8.909978716992295045e-02,-2.598307238544344741e-02,1.126405732857867215e-01,1.823344853815272448e-01,-1.103050966306462211e-01,-3.829963079438511997e-01,-8.605332429560046403e-01,1.139144391996068685e-02,1.249957680052612985e-01,5.889023906316957768e-02,-2.448503193821253976e-02
1.398221750628535695e-07,-8.273274592771307356e-07,-2.109918122898113820e-05,5.752713043068646750e-05,-8.387347935177107377e-05,-1.758297789057202635e-04,-2.273060117630810507e-04,-1.413799269455957418e-03,2.189572727732658729e-03,1.173806001079430493e-03,-6.899159924153736370e-03,-3.700202282292334999e-03,2.926128854798626475e-04,4.675345460106491990e-03,-2.027648639037962428e-02,9.085409753440422051e-03,5.218889980088077529e-02,-5.724508963217736154e-03,-2.258394772436602554e-02,3.064704247100058510e-02,-3.554046493922946581e-02,-1.157942348116419162e-01,9.002322222402840690e-02,2.231955398838228466e-02,-4.659974341314249840e-02,2.396573032299998893e-02,9.782306103204527759e-01,-5.647415583450875187e-02,-7.930552591743154911e-02,-5.268401206602558312e-02
-7.055481928296690117e-03,-1.196360717965201225e-03,1.868360414062690544e-02,4.970882848319579245e-02,-6.235204887779390026e-02,-4.698295630433114295e-02,4.033494769583648165e-02,1.070923096788635176e-01,-8.840485786569050042e-01,1.141240197557084196e-01,-3.769446687896969572e-01,1.358212101898978175e-01,-3.257005906016178370e-02,5.837463994064374939e-02,1.283227767633853267e-01,-1.301115841980055726e-02,3.663391210982093471e-02,-4.361566342016482724e-03,1.614220225037126671e-02,5.989151543076423959e-03,5.637781718822565402e-03,2.470331029188497195e-03,4.712701461314893966e-03,-6.030508403063662053e-04,-1.529521301333277607e-03,-2.142106072870037219e-03,6.319222188858049198e-04,-1.134384395126843571e-03,-6.043470650628632789e-04,2.377317220481667531e-03
-3.430092701389803045e-03,-1.496466519532688166e-02,3.175506863476772190e-02,6.557670876127910109e-01,4.935703201183492261e-01,1.858046402780788864e-01,5.307916162109952429e-01,-1.622499799213129520e-02,1.214622168733999266e-02,8.627971206057742648e-02,2.984878711534070389e-02,-4.407036120661329479e-03,-2.551051454232124496e-03,3.008277189212387251e-03,-7.848508622693149347e-03,-1.859970527672154088e-03,1.388161385008127545e-03,9.374142940494346974e-05,1.014035922495031905e-03,-4.608484488249319487e-04,-7.109185909040587016e-04,3.571114189729945529e-04,4.550261781607703470e-04,-2.585401574208095435e-04,-4.581043427958202434e-04,-6.238496436427712387e-04,-2.907608544095595363e-05,2.149645702649674385e-06,-1.579700770069884124e-04,6.537456937533854507e-05
-4.879086665147530644e-02,-7.153252115327917923e-03,1.144937324417688584e-01,5.467525852849388635e-01,-6.837024506063592577e-01,4.173495113488943087e-01,-1.802566774084493617e-01,4.503917378302593061e-02,3.260101368169563557e-02,-8.613324304410330257e-02,2.735591445531706037e-02,-1.067507580313050309e-03,-6.440116113039498838e-03,-2.462277070899376342e-03,-9.324248843339313572e-03,1.222587239605536173e-03,5.641031691156775602e-04,-4.698703348170097283e-04,-7.415116177095537912e-04,3.512187420336148214e-04,-1.262994035934564925e-03,-3.924547252597476374e-05,5.641492839461315903e-04,-1.294049323379414254e-04,-7.843473706561774261e-05,-1.660341199631289654e-04,-1.112477518778189712e-04,1.016296490828713124e-04,2.065234957673388447e-05,5.709671474280115545e-05
-8.572371355545206351e-01,-5.124444072604438238e-01,1.124389259152340330e-02,-3.604153136462332624e-02,2.655779552425550916e-02,-1.871601454988006813e-02,5.025327640960107478e-03,-3.423637443042893379e-03,4.227829091816312154e-03,2.551246156341815865e-03,1.344721693019939939e-03,-7.868003765826642919e-04,4.429016968384089092e-04,-2.412936648930226740e-04,-3.161834399164073300e-04,2.129234816452008761e-05,-2.156084703218193318e-04,3.155237350093037811e-05,-6.622304309496353052e-05,-6.181361660711236011e-05,2.507462010546052504e-05,-1.175155121725481359e-05,-4.809483147782447606e-05,3.676734287968361797e-06,7.773269830994758678e-06,1.589526123742563573e-05,8.629377687643127947e-07,9.081800688510644587e-07,3.144206625938855238e-06,-1.520425746879343242e-05
-6.438583089436228349e-06,-8.101128398586025976e-05,4.356999151584330202e-05,7.913441991803885772e-04,-8.394229499108705984e-04,1.372981023515200535e-03,4.549111990601929258e-03,5.741715835184015362e-03,6.874457991567216840e-03,9.372061621257737202e-03,-4.891275881397216807e-02,6.918411698559859269e-02,-2.846971426882815084e-02,-9.700513057661345334e-03,-3.657670584647474549e-02,3.647294451887635458e-01,-2.753691079119985341e-01,-3.680511952283609389e-01,-5.478344521124970390e-01,1.960233074460969727e-01,3.883660061533137364e-01,-4.446391687691990391e-02,3.245616779413580330e-03,3.173770305966411298e-01,1.631785991821342596e-01,-8.718628638888069327e-02,8.423001545050153721e-03,1.298285363585856833e-01,3.070895305052364840e-02,-4.335288288564376202e-02
-9.960148125635004889e-05,-2.890675453539429422e-04,8.129126992007115965e-04,1.030826181181223114e-02,-8.975047295308199655e-03,6.407300462093984059e-03,4.244830981558589400e-03,2.804009011325686931e-02,1.526808545436647846e-01,5.583600389782041734e-02,-3.929899330390103085e-01,8.152511901473580291e-02,8.265270078511590679e-01,1.949173305777776866e-01,-1.844803490368077392e-01,-4.363968853903876788e-02,8.370759429688590103e-02,-1.649705471549985439e-02,2.572730450907068436e-02,-6.677502920556885324e-02,1.788285095783346268e-01,4.988270008026190333e-02,-5.318765024372151123e-02,-5.534676654993988393e-02,1.104906481244899950e-02,-1.629558518311410853e-02,6.831429466698428141e-03,-1.601798120623312968e-03,-3.205318521669980880e-02,-1.221499022290167651e-02
-1.586512612532799647e-04,-2.303655678286949061e-04,8.164385591949514711e-04,1.145710961334825244e-02,-8.969345391829282657e-03,9.095156158046232425e-03,7.714047502983630358e-03,2.497639644884291216e-02,2.085669021018849989e-01,6.779100840764294700e-02,-6.238069733684346030e-01,-6.217257869283900895e-01,-1.940471782760430919e-01,-1.154037820263493011e-02,1.823807061689488307e-01,-1.473057578142465962e-01,-2.547163693133844276e-01,-3.115972682117698969e-02,1.246678564595029778e-02,8.236215289313914001e-02,-8.237768753885529871e-02,2.771774719108990176e-02,3.791216711567354375e-02,8.843554620442714564e-03,2.044177239188675957e-02,-9.546542849719964405e-03,6.759993521474204695e-03,3.997680266272547397e-03,-7.311105661354333311e-03,3.754248123052939760e-03
-6.945387776072777734e-05,-5.257127583886528729e-05,3.739486947307525048e-04,2.821567249782169426e-03,-3.188271861822117911e-03,5.094089055390922096e-04,4.180781461282560493e-03,4.533621641610087807e-03,2.927273298424360945e-02,2.166345707211356567e-02,-1.204796514037505123e-01,1.652926391314939311e-03,1.844455954949571902e-02,-5.240705830740488569e-02,-4.527669107245362728e-02,6.622735725760104941e-01,-1.440693254989654504e-01,6.339118227814010131e-01,1.544162129355020341e-01,1.832613735175315506e-01,-1.989024769586267283e-02,-4.014753961050314401e-02,-1.052621753705343111e-01,8.510461241283273637e-02,-1.752670150847493724e-01,-7.710304742918181907e-04,-7.103627230638728980e-03,-3.275401218168834394e-02,4.471874366032346781e-02,-7.844987662430444320e-02
-2.034001467681466988e-05,-1.608738306069565761e-04,3.663552833632629873e-04,2.814604135472769785e-03,-3.068772166266141473e-03,5.558999136839604983e-03,7.052499133259745520e-03,1.049912820673207063e-02,2.086943591179356294e-02,3.314454483265907164e-02,-1.291577752012876279e-01,1.338324323488026268e-01,1.525138272331421907e-01,-9.099318952706523245e-01,6.227627661528969960e-02,-1.103501703576881959e-01,6.122404311773262282e-03,1.158006088948507761e-01,-2.139279044095069859e-01,-1.149813399858192198e-01,-5.332199817934733105e-02,8.043444970264186991e-03,-3.562656497511332461e-03,-5.961759093718713848e-03,5.679192723706074503e-02,1.308697496146182249e-01,2.923675241878094955e-03,-1.949409851325471094e-02,-9.361521638734476153e-03,1.244819011084443740e-02
-1.682122777906171192e-06,-5.929374039282454709e-05,2.541779531126534875e-05,9.930968757240702521e-04,-9.164668712790179040e-04,9.903341432246689363e-04,9.984761587297184826e-04,2.075669373108825124e-03,1.813357253506939562e-02,9.950969120076182117e-03,-5.910496367425548819e-02,1.618587287896132779e-02,8.273240399508571818e-02,2.843342814885752717e-02,-3.092871538417098567e-02,5.519474609775962270e-02,1.680896912357744341e-02,-1.134316541023469294e-01,-1.231968241379116785e-01,2.872407938700726263e-02,-3.229319506258230277e-01,-8.647984206619113712e-01,-1.429287713186388337e-02,-1.076291257641666249e-01,-6.316016026367618497e-02,-5.563399630848268884e-02,-9.476516217569627698e-02,-3.544783013183128162e-02,2.090069322986083111e-01,1.733372159785004918e-01
