-5.044171288667705262e-03,8.412287288560259951e-03,1.556690525799991551e-02,3.137108185397723126e-02,-3.580403237818467060e-02,-1.085130928959548852e-01,3.848701378896621922e-02,-4.993488300030769766e-02,3.201142076171654693e-01,1.317224341703420176e-01,-4.764706485195088770e-01,-7.262254744354293967e-01,-1.946872331250785737e-01,9.862676481830330577e-02,-1.552335257529504908e-01,9.246936840179101336e-02,1.086820759662490421e-01,4.741237602127929690e-02,5.068324309015491934e-03,7.881192019021218687e-02,7.268496674574571881e-02,-9.418050241008881981e-03,3.128074194864719632e-02,1.929863363243941241e-02,-8.733779991263582176e-03,1.848684834668391222e-03,-1.738516985756797650e-04,-1.187493655785355458e-03,-3.810839009096531581e-03,-6.488887240907195925e-04
-2.233616653819543978e-03,-4.679479045622012522e-03,-4.032017800615697047e-04,3.589551224781658001e-01,4.385045396013290686e-01,-2.178341724946302460e-01,-7.830649762418109283e-01,-1.001232732620273569e-01,3.124013730565438837e-02,8.007004713380112826e-02,2.583021070469511404e-02,2.778762014638023158e-03,-3.649003438320798549e-03,2.155723204374255381e-03,7.998234766594917652e-03,4.119789330631592854e-03,-2.412788516103024812e-03,-4.453192943268381395e-04,5.975307015932909303e-04,6.592207798513385290e-04,-1.109955463226126654e-03,-2.153709083013161519e-04,3.099553671889323050e-04,-1.701869743818027142e-04,1.216534057059261847e-03,1.524656622907743446e-04,-7.822852366720046079e-05,6.399962721578234480e-05,-1.309445360799048580e-04,-2.321755939482036816e-04
-3.480088768408390321e-02,5.771235966559087882e-02,9.337037810349925471e-02,3.334444117203798075e-01,-3.240542110347005567e-01,-8.391291388802104567e-01,1.823331271256312391e-01,6.371460340962392666e-02,-1.081884403689002544e-01,-1.013837345509054910e-01,1.035882857060278425e-02,7.511142242461738006e-02,1.792734914803915947e-02,-8.305500487250584013e-03,1.341596396437492490e-02,-1.339340178731478724e-02,-1.891096528844078001e-02,-7.389217102836335808e-03,2.050296846060806113e-03,-7.657439755039637842e-03,-1.055035302247602814e-02,3.358783584314342738e-03,-3.395373277791608434e-03,-2.627101394869685302e-03,1.454576711289742126e-03,-6.886540573873831724e-04,4.504718896341571309e-05,-3.035513506522653565e-04,3.250382711463041811e-04,-4.057701491233776676e-04
-5.189677218941326498e-01,8.440164750600811505e-01,1.046872994331864842e-01,-4.323638337320653835e-02,5.204282048742715772e-02,5.173051744007560460e-02,-8.014261313577531951e-03,-1.509180452096585369e-03,2.132316633967997442e-03,2.576645292891410147e-03,3.709166367104730147e-03,1.835090548295095249e-03,4.620356940691615366e-04,-3.825353993949910745e-04,3.256540643989642796e-04,-6.672565136605528632e-05,1.849188491731135000e-05,2.604988607432883293e-05,-9.515212637346889943e-05,-2.526814638126252308e-04,1.517071060534060942e-06,-8.670049770546484731e-05,-6.083940123845696775e-05,-3.191647745312774481e-05,7.869852435885681542e-06,2.529670574362597065e-05,5.881517606614370842e-07,2.918096165270498893e-05,1.515273785273379341e-05,2.710096744999501489e-05
-4.396229772185607305e-06,-4.711242765664891122e-06,-4.409168618520171941e-05,3.908307825729143994e-04,-7.198527282983735323e-04,-1.074811293450916297e-03,1.771121178278983873e-03,1.371155701774907486e-03,-5.590203314151367432e-03,-6.515987689804563290e-04,3.055772670155432191e-02,3.533643025181577857e-02,-1.525214697703019574e-02,5.120384912997619914e-02,-5.124648150136709018e-02,2.751856388459918978e-01,-1.809853486873203368e-02,2.716232799654896279e-01,2.260045081983748649e-01,9.149542413157803200e-02,1.313118967381676216e-01,-1.064836567403929790e-01,-6.043402663347614556e-01,-5.819609581407743093e-01,-2.169910268354291460e-02,2.093138184024612714e-01,-4.809550863214808770e-03,-5.892657290930018027e-02,-5.221301909804959562e-02,4.788859094115166526e-03
-3.964607177579253017e-05,1.710752829480083708e-05,-1.718970661498231046e-05,3.499074419374645709e-03,-2.549074753703003352e-03,-4.238194624723906102e-03,-1.255550775036239856e-03,7.642291271779801630e-03,-4.553876447159957430e-02,-2.460535558716415994e-02,1.328703953066033838e-01,7.523411644076438698e-02,-6.441807626451283297e-02,-6.686242095649633232e-02,-8.476075320227083321e-02,1.617442774703904962e-01,2.703590537726998644e-01,1.937794801312523185e-01,2.597566177441742313e-02,-1.057403166913735426e-01,7.868974282975430556e-01,-2.968524570703526821e-01,2.221549266101293385e-01,1.852092182682052723e-01,-3.094507486224225973e-02,2.298746242359868061e-02,8.368300469833632460e-03,1.676032769331547989e-02,-9.318525035725479244e-02,8.909890332702105620e-02
-8.093172678658122306e-05,9.886235305026230022e-05,-1.593309437050272710e-04,3.690332626547044009e-03,-2.190891628325356087e-03,-3.446325082253046904e-03,-3.613898340583915174e-04,1.044364875531970591e-02,-6.067544460701589787e-02,-1.922917934354085104e-02,1.838722513243583323e-01,-1.390914656026110210e-02,2.096550728587459334e-01,1.520515712447455259e-01,-1.034648589337358315e-01,1.304073757901172970e-01,6.019597818240124409e-01,-1.911035909414652775e-02,-1.676904762703947671e-01,5.372484064469043030e-01,-1.917335834685655049e-01,1.277007269356267467e-02,2.882557755128201671e-01,-2.297700139743998338e-01,-5.501797798471305678e-02,1.034940266395044245e-01,-2.838639125956832969e-04,2.679277580560281147e-02,1.243389610128459687e-02,-1.108967151571237097e-02
-4.638509943880411192e-05,4.701150754570088266e-05,3.234210159261785268e-05,1.392319239728548362e-03,-1.198972625951638367e-03,-1.579227322868417003e-03,8.256496961908656130e-04,6.178801884651855501e-03,-1.538746536974845702e-02,-6.728961479982423048e-03,6.308889514889003125e-02,3.601479122900130836e-02,3.705116658840370419e-02,7.464751918175263623e-02,-9.788993873202063434e-02,3.141609993759254538e-01,1.243904819886961083e-01,-9.028319645182328324e-02,-1.791031769520861072e-01,2.526122438970195283e-01,-4.410127671273694067e-02,-2.985637937197860650e-02,-5.747403989163312188e-01,6.107628378972893568e-01,1.281637794253727980e-01,-1.923327290953296131e-01,-4.889128339087413060e-03,4.136841774833623954e-03,-1.461163533328915017e-03,1.140589482898976678e-03
-7.337909024400701000e-06,-7.325273047871645332e-06,-7.961452762158509474e-05,1.183066199603099869e-03,-8.494311707189883091e-04,-1.337908492931058450e-03,3.292639404878224354e-04,8.105658709680481008e-03,-1.469811013323466670e-02,-1.009750361028242949e-02,6.063454048204430791e-02,4.885483431214932004e-02,-1.850401153164110690e-01,2.755821500281068204e-01,-7.026616861151031845e-02,1.015525404522985703e-01,4.978087052181245920e-02,6.021347525989241278e-01,-5.520268290837229141e-01,-3.710113554707041295e-01,-2.169195404414092643e-01,6.579677611242169821e-02,2.845503209405614992e-02,-1.869649586814007246e-03,-8.654539803801009068e-02,-2.904521407555841345e-02,-1.050972647209916580e-03,1.055682541253410642e-03,3.720374729327245548e-03,-1.181516924980602866e-02
2.453841403611482047e-06,-1.063888811852931279e-05,-4.358800920431576628e-05,2.890109530092072206e-04,-1.930678441631874045e-04,-2.837981650587946309e-04,-3.631891457990502775e-04,1.871153637264258689e-03,-5.983815177019128489e-03,-3.384707732201181884e-03,2.215119694732921654e-02,1.269265111464592567e-02,-7.036418937811943566e-03,-7.934248034783262724e-03,-7.366501249425158604e-03,4.449888870468188956e-02,3.775637031472105221e-02,5.266278266561975202e-02,4.346753421164464143e-02,1.197411860405370176e-02,1.853611885452352559e-01,1.953844537759644173e-01,-6.801557154815472683e-03,-2.005092362500168063e-02,-6.401233335676717595e-02,-1.134116446433281883e-01,-3.657550141774987273e-02,-1.914299840597344371e-01,8.566416352174118787e-01,-3.593862701760010547e-01
-3.471800511410605633e-04,4.267788687908513254e-04,-5.297024103870189363e-03,4.759332267122723913e-03,-3.471920434240788160e-03,9.868336396602495758e-04,-1.572559835367249789e-02,7.732166389941651230e-02,9.574438538450302794e-02,-2.806433491843969216e-02,8.372677096216785131e-02,1.119343032299005697e-01,9.161186540988228155e-02,1.434862510094628008e-01,-9.222499471115664926e-01,-2.064577664306803395e-01,-1.794644036207290461e-01,-6.371140394707500154e-02,5.075677689744042403e-02,-1.162097677692499817e-02,2.517680587588833063e-02,1.594754400794842070e-02,1.635290119025107139e-02,-2.615929846276467477e-02,2.572525101619700313e-02,-2.202702883863179653e-02,5.844664999315657417e-03,7.815302617872322416e-03,2.259127289179751422e-03,-4.964846691432284149e-05
4.224144446299636641e-05,8.125611861838328382e-04,-5.011836101231561744e-03,2.716196088094569028e-02,3.085666049485133455e-02,-3.432654915120236100e-02,4.195320192072070353e-02,6.284964651912049449e-01,6.090644168666349209e-03,7.622668129290247618e-01,1.296028721073517742e-01,1.269041262609553120e-02,-1.799110450722519322e-02,-9.753985945495712712e-03,4.143491276774605853e-02,1.522918481600788387e-03,-8.824235830989290985e-03,-4.076800857641531793e-03,2.109752408323050180e-03,-1.872406288299331093e-03,-5.203124038074839666e-04,-3.885188921574349199e-04,3.234973450124365227e-03,2.867308569830515942e-04,6.369629473678642233e-03,-1.501786896711346388e-06,-1.688752334170624239e-04,1.820702172398335134e-04,-5.706246161954520212e-04,-1.368217561865704701e-04
-2.496935207452484484e-03,4.377790314566973491e-03,-3.939654960202595285e-02,6.012052576219587691e-02,-4.150401189473052616e-02,1.019775528855107471e-01,-1.776742944257544976e-01,7.494550802944143220e-01,1.228853730416856749e-01,-5.964909873638594151e-01,-6.875353329677504066e-02,-8.708725410736593842e-02,-2.104601444504203972e-02,-1.515796379477716248e-02,6.930646198694434545e-02,2.155287434311789832e-02,6.596466444524363114e-03,8.298694191377837745e-03,4.432042067482813035e-04,1.163707419181709765e-02,-2.482249567313723516e-03,-4.820866366532864647e-04,5.950403681420973409e-04,1.237878266735704686e-03,1.673428234401245292e-04,3.467722591971707236e-03,-8.087847837556655112e-04,-2.101053691853334900e-03,-2.059796607749663118e-03,-1.775326068849981736e-03
-6.260436021043561117e-02,9.560764065434153303e-02,-9.824236400603486574e-01,1.109091054297398765e-01,-7.912193842144300826e-02,-2.656410043560697085e-02,2.142400194014809980e-02,-3.927177811542155450e-02,8.128204805880806299e-04,2.254527507502362971e-02,1.082284247631110178e-04,9.964346181683739461e-04,2.665399186770143680e-05,7.879498239377428495e-05,2.219205302327892891e-03,3.340694958798178828e-04,6.478048955316765721e-04,-1.504820492719561036e-05,-2.830913902225827257e-04,-2.972486722194304129e-04,3.607918091255931818e-05,-2.280335172799548900e-05,-7.106130989576657595e-05,1.589749076007166274e-04,-1.196383124630369122e-04,-2.977398522505194002e-05,-2.853983193851803892e-06,1.559238062387576992e-05,6.790940060241204524e-05,5.701573663927889482e-05
5.744108049217994583e-07,4.373207499132188917e-06,-3.696607104276705843e-05,1.737592202378384249e-05,7.329985872914924875e-05,-8.877204013914929785e-05,-3.310269500703395644e-04,1.358658253066297086e-03,-6.893186422669571366e-04,4.822920090683740862e-04,4.265352311542173168e-03,3.963567389043403701e-03,5.841495122865839398e-03,3.370613440975595617e-03,-1.997825638063292081e-02,2.726007034810104881e-02,4.075999814882257100e-02,2.244319089252054880e-02,9.669684158237497329e-02,-1.860892145836300082e-02,-1.075139926026835446e-01,-1.907870940330844492e-02,4.468256890733555975e-02,5.106243519527180197e-02,-1.009184202234689742e-01,-6.334488183396691507e-02,-3.645106425947755580e-02,-7.838370196464201634e-01,7.003614377800763957e-02,5.792715861483371809e-01
-6.596690889822735986e-06,2.606040041232632006e-05,-7.471485501973872936e-05,1.014854581952651796e-03,-4.264520371874112067e-04,-1.452716193200802308e-03,-2.543933110838066981e-03,5.442934063067198999e-03,-1.429217852391877729e-02,-3.012203837945586372e-03,3.657219987597699895e-02,-3.348870284723239749e-02,-2.028101980510664190e-02,-6.816275791621737024e-02,-6.908270362902968476e-02,-1.221068207921528620e-01,3.434419163930417795e-01,-9.177359561926604070e-02,1.548034675489108614e-01,-3.201138992195121658e-01,-1.307163439578127584e-01,1.085652000720155053e-01,-1.502729190085697608e-01,2.757269565505675035e-01,-1.804742435154038371e-01,7.252527857335245853e-01,1.222080509278816174e-01,-6.321866660532546311e-02,2.393131719378790295e-02,-1.191189850693038926e-01
-1.092966136982029687e-05,4.912738462917141404e-05,-1.130051665337895454e-04,1.225954430852233467e-03,-4.219368697254980891e-04,-1.929949687968060589e-03,-3.061984898849417006e-03,7.615083852967976553e-03,-2.205630573737935377e-02,-6.707926710444600191e-03,5.274270011314965284e-02,-7.927272995151965485e-02,9.946014731965793776e-02,6.400439287662603761e-03,-2.919367931296095939e-02,-1.311053460944879290e-01,5.392892491217768924e-01,-7.643899805044163109e-02,2.592187755971075980e-01,-4.664609292497224891e-01,-1.075370098599618962e-01,4.630790414989646026e-03,-1.439641744080174257e-01,-1.455798801489450178e-01,2.103823771249822838e-01,-5.100396596539654714e-01,-1.524085136006756575e-02,-1.287127464420176857e-02,-1.024662064142524698e-01,-1.099832225837776428e-01
-3.656977426308117500e-06,9.380366877977760651e-06,-1.758035850743738473e-05,2.987271492217693689e-04,-2.152166316159951362e-04,-6.659685984906304991e-04,-7.890056016500752046e-04,3.439007739360516389e-03,-2.681024369143429967e-03,-2.090918173143447700e-03,5.308344956162069223e-03,-1.670614148832155754e-02,7.551268678815612964e-03,-4.352177604263591897e-03,-1.549627248061579039e-02,5.444852492953659168e-02,7.953822687111171408e-02,-6.115462394054088646e-02,3.812848595424578324e-02,-1.327040174142117834e-01,-4.971214361024359901e-02,1.825902003203596496e-02,-5.690635559036504726e-02,-4.606017534780135897e-02,2.910916596051657534e-02,2.825423451742409969e-02,8.255529801507362209e-02,5.481100543563575123e-01,4.224448327443955375e-01,6.868385472425839744e-01
3.336171541853175657e-07,2.234170876781990168e-05,-8.890198841470263241e-05,2.300809419767853303e-04,-4.445963200548007740e-05,-1.135128760046635768e-04,-1.385229740361575189e-03,5.612327426239877015e-03,-2.852589996561498897e-04,4.398118110605139103e-04,1.058713955446932524e-02,1.448700613106569494e-02,-5.504082568297098688e-02,6.623606460753102276e-02,5.014536346122224625e-03,-6.279492078899386043e-02,2.217945978260642964e-02,-8.025339397893092863e-02,8.914109028965262749e-02,2.885470438259995357e-02,-2.660762511690411766e-02,-1.046254291120548297e-01,-1.027851679553414971e-01,2.460518187365914877e-02,-9.214592096233843455e-01,-2.814766505404761032e-01,4.884050827112598053e-02,1.227981486239518999e-01,-5.661204126321054547e-02,-2.715539705360247441e-02
-1.028955750267862297e-07,2.556751370625145693e-06,-1.596827071153588749e-05,9.557472424795504181e-05,-3.097672333820250946e-05,-2.606586709708185487e-04,-3.556985330554955182e-04,9.489533195361320303e-04,-1.373234784812397014e-03,-2.422336103714413066e-04,5.547114396565884856e-03,-1.278306861944379690e-03,2.228235473276640819e-03,-7.584882719770629639e-03,-1.231808455872305218e-02,-1.166484935148882733e-02,4.298214045766943908e-02,-9.904109638783143918e-03,2.624733692262415374e-02,-3.639220020713700154e-02,1.779184289392922794e-02,1.159242111414674342e-01,-2.286606736566361778e-02,3.528869706026974834e-02,-7.271599109227280811e-02,8.370868858935699708e-02,-9.784041213091748679e-01,8.501813562064802765e-02,-2.719957228670635829e-02,5.094084175406038417e-02
-7.098736784716477149e-03,-1.597503891016243977e-03,1.876579927795445774e-02,5.684216279217678414e-02,-5.437729384031458890e-02,-4.224840092445878575e-02,6.850623352617316031e-02,-9.658975799649084648e-02,8.999034447520550817e-01,-1.919205357842960775e-03,3.563711791513385907e-01,1.345399153050124696e-01,5.151791139120097396e-02,-5.595663002734618113e-02,1.260979460411108255e-01,-1.317585944341196844e-03,1.215146041749109486e-02,3.032634471520228442e-03,-1.477842330979002930e-02,-1.708381056194854808e-02,-1.454948177358177108e-02,-6.999466119719953763e-03,-5.926786374006071632e-03,-1.998817573977893815e-03,-2.068904933823501047e-03,2.499588162788694921e-03,-4.728795734679424006e-04,6.351952001281765015e-05,1.593415172645847857e-03,4.349227925547921071e-04
-3.024102150171989294e-03,-1.478492150575671203e-02,1.772892870165028098e-02,5.549149093912598696e-01,6.072172586873038069e-01,1.208245597361951723e-01,5.456928804931119315e-01,3.250785128785425859e-02,-1.872188755289430975e-02,-8.993932593191565628e-02,-2.916111844897735159e-02,-1.751059680287737506e-03,3.396353777136006113e-03,-7.002089132869703707e-04,-7.805717240232846847e-03,-2.203498583112191694e-03,2.069401902807558973e-03,5.797310787556470739e-04,-5.960862872236670626e-04,-2.585657773143769703e-04,1.022826516458198807e-03,1.291506303176560833e-04,-5.327591928227132538e-04,-1.633067926956879984e-05,-1.125085450930020164e-03,-5.104855526964373119e-05,6.284918366120361690e-05,-3.903619059537842529e-05,1.266216976280562544e-04,1.394767812280455291e-04
-4.905102500710743774e-02,-5.005784420939511647e-03,1.124561680983287293e-01,6.539532076448364428e-01,-5.636631134406709931e-01,4.525345945357457933e-01,-1.235716929874125791e-01,-8.228987638179517672e-02,-4.682999784347793848e-02,9.980657506927208267e-02,-2.151072694827595860e-02,3.807812205371288814e-03,1.794279668930395637e-03,4.489044495838158920e-03,-7.928999492924519721e-03,-9.106437332772384513e-04,9.987535101675828857e-04,7.385621987414048512e-04,3.842645817533493161e-04,-2.832583364992053896e-04,1.298521580067523492e-03,2.773547373535744124e-04,5.804600121427505864e-05,2.436020243758244550e-04,-6.788178334502667174e-05,-2.779828024761340686e-04,4.549657454140219220e-05,2.055559167700386877e-04,1.998967664689697257e-04,2.360789182802718619e-04
-8.503174184270304581e-01,-5.242190375693205340e-01,-2.064479537413478876e-03,-3.690638668832153108e-02,1.732227360136591454e-02,-2.054125422027220510e-02,2.823231655840663726e-03,5.007708230172065907e-03,-4.001494059746689771e-03,-3.671088238167575374e-03,-1.597580042309403731e-03,-9.514371393516654792e-04,-3.825592678635567285e-04,1.480639291016617716e-04,-3.829627556055461061e-04,3.494739834095825736e-05,-7.000700944419285994e-05,-3.520119190804388314e-05,7.288775939399807829e-05,1.248511278751525660e-04,3.049734614346431423e-05,2.974798786764960880e-05,3.102850809393217747e-05,2.553655816428930842e-07,7.839717276494746092e-06,-5.868345295190211288e-06,8.796886063743648293e-07,-9.883639929221970080e-06,-1.938869237251483534e-05,-1.287618703207195379e-05
-5.901793048358426394e-06,-7.599266010742207933e-05,2.172178294714516387e-05,7.069063241968040435e-04,-5.015521031684209074e-04,1.017807152110385398e-03,4.553722161118933798e-03,-5.024520549620352904e-03,-8.260802704915318206e-03,-6.981583145129821762e-03,5.967517120319996288e-02,3.767583932027172150e-02,-1.648560252257369463e-02,6.424302167109556538e-02,-5.377674667250040286e-02,4.166815248452054310e-01,-1.076205233228581942e-01,3.675599604250837649e-01,6.366488491511353986e-01,3.052425128944799906e-02,-3.080992626804704981e-01,-1.090633221502659150e-02,2.904190347974298647e-01,2.446636184522226753e-01,2.080426214809361421e-02,-4.041750096047654062e-02,-1.050917422630689079e-03,1.132588952374493502e-01,-1.023548197780973362e-02,-8.220000371210488266e-02
-9.692655507700504412e-05,-2.649263151350740868e-04,6.750160504627988325e-04,9.772853596906435486e-03,-5.435355141085060522e-03,3.594449962815167432e-03,6.492075298091400451e-03,-2.867816246176210435e-02,-1.207451730851303584e-01,-5.715782847870917033e-02,4.282327327604166234e-01,-2.320788526148936382e-01,-5.960043519315613159e-01,-5.591026431870951274e-01,-1.498639534372271931e-01,-4.256329206187305786e-02,2.018082504785954565e-02,2.049704598486427887e-02,-4.074361038139515112e-02,1.189745081780233388e-01,-1.535986260857379881e-01,-5.246866259285934420e-02,-1.853531671298876138e-02,-5.192143345160056545e-02,2.791042835744712847e-02,-6.673805472382401960e-02,-1.506609584538940241e-02,6.564925170883769909e-03,1.516785772380662908e-02,-7.646236830318041584e-03
-1.675485468420277171e-04,-2.278468850142210066e-04,8.151049334798932990e-04,1.056796974154885702e-02,-5.153716747011532519e-03,2.113713453596833842e-03,8.554614250101878759e-03,-2.568746093709627781e-02,-1.594455383468768028e-01,-6.034000105669650588e-02,5.656064610906581525e-01,-5.828948911115483522e-01,3.735542963770814850e-01,2.527549977915704571e-01,1.104259339149870900e-01,-1.374695894420412956e-01,-2.280937611545297006e-01,7.063486068867140533e-02,2.798283315227370616e-02,-4.850322039024548837e-02,8.198948962223431836e-02,-2.565298350489763485e-02,-4.894348195597608697e-02,6.391685099472418918e-02,-1.238787720582312790e-02,3.545574602775197759e-02,1.127466316177728458e-03,-5.590347719935243216e-03,1.025649420876135337e-02,1.737257087242707540e-02
-7.335475344711240176e-05,-6.063393640085930532e-05,3.964518144045749495e-04,3.120997223103128774e-03,-2.392402929076246128e-03,1.123068916974536520e-03,4.668499656529043369e-03,-4.834464230231643768e-03,-2.816190020897113913e-02,-1.787044692012082145e-02,1.264607655771451122e-01,-6.832915522533082597e-02,-2.918881488415563455e-02,5.459256566205748090e-02,-8.417038805105211963e-02,6.752328794932377365e-01,-1.232271609581725574e-01,-5.363204664568053115e-01,-1.623842263305585454e-01,-3.349773023722668608e-01,-1.267885047057019932e-02,4.336986548891148124e-02,1.511741703878010379e-01,-1.711052753352633460e-01,-6.295718171659124562e-02,3.389742339433978596e-02,-3.658785331771225845e-03,-6.109652427861946011e-02,-4.094633462369690752e-02,-7.209091734028688636e-02
-2.031479729588224148e-05,-1.648752892621381506e-04,3.338876662270333362e-04,2.811934311466019951e-03,-1.621568603384796652e-03,4.512549660604830634e-03,7.023673644905258778e-03,-8.709616664092662691e-03,-1.291974336210435954e-02,-3.470706214708783877e-02,1.532233999659705082e-01,9.974457417692016159e-02,-5.960055259591026111e-01,6.775701067098087726e-01,1.279498718743857788e-01,-1.573155648857988975e-01,3.432564889756328091e-02,-2.211002877868173122e-01,1.729834612615713252e-01,8.910546983474507132e-02,7.097444624038413974e-02,5.018871545992460714e-03,3.580072192219348193e-03,-1.878045708025993256e-05,1.228850950445183332e-01,3.295101500382324744e-02,-5.418107710078571594e-03,-1.072151842720553069e-02,7.613597002089932120e-03,1.455576831345841912e-02
-1.581731881218891694e-06,-5.305885541205763377e-05,2.937240946327820067e-05,9.261430962265984525e-04,-4.582443225681633275e-04,5.353691983566853012e-04,7.392559048823482736e-04,-2.854968132281292953e-03,-1.201097298259575820e-02,-7.947615801311622846e-03,6.449158592080758701e-02,-5.016290736608197687e-03,-3.734052835373723872e-02,-4.989334231549751725e-02,-5.694509528649560268e-03,5.799032782377604861e-02,2.640049853330751067e-02,7.921274119218378595e-02,6.278243287321783050e-02,7.488852082719353598e-02,2.510688481340985767e-01,9.023585669554896604e-01,-1.623457659343291101e-02,-1.265478289598244259e-03,-6.383748818702363048e-02,-8.357323011457518103e-02,1.235540331741116771e-01,2.745253844664462609e-02,-2.323830022968373932e-01,1.147394011908163536e-01
