4.902693817274983434e-03,8.612065387967451913e-03,1.309646074141473243e-02,4.045690486671732478e-02,3.015980536269484424e-02,-1.253845250556508140e-01,4.681451482965204997e-02,-1.157152462213062866e-01,3.415072891189683268e-01,1.777542616757439298e-01,-4.364220359850500275e-01,7.310868109274080151e-01,-2.215851782279342208e-01,-7.323518707727087219e-03,-1.090755586602033533e-01,1.180995529350901407e-01,2.694229396152293329e-02,1.075258510298774395e-01,-3.404986694851859508e-02,-3.543767742905747087e-02,-4.999410443050187475e-02,-4.549091420154936782e-03,1.305391201286425912e-02,1.691686751234069280e-02,1.977848894950170328e-03,-2.490707297374789714e-03,1.908098985889929372e-03,3.491107348917710067e-03,9.259210863449807670e-04,-2.574469480464469445e-04
1.778425172160272728e-03,-3.394218682768651140e-03,4.682551591071866873e-03,2.832448330754768762e-01,-4.993673926153188725e-01,-2.945646899692557774e-01,-7.584684210853169795e-01,-3.084019873159465214e-02,-1.201591174724789789e-02,8.033389410568772537e-02,2.673521062642483445e-02,1.717496644818049050e-04,-1.582720725323802239e-03,-2.867309172328167538e-03,5.783301369766378347e-03,2.807461866523971745e-03,-2.252717026447855625e-03,-1.369271008128759848e-03,-1.098108150826786374e-03,-4.740976989327672238e-04,-1.932786241893704533e-04,8.059864252901336942e-05,2.379998310665398006e-04,-1.724272484959942159e-04,4.851469727270615439e-04,-7.363447515754754620e-04,1.449103101095771979e-04,1.259389044819461266e-04,-6.925316099845767116e-05,-1.986374407758458515e-04
3.407326821962575192e-02,5.886567378595580768e-02,7.773439565015705099e-02,3.931768825915153975e-01,2.555001268594301322e-01,-8.068337065673877317e-01,2.783254852386768952e-01,1.092242047103682001e-01,-9.735784299886059145e-02,-1.075709838117799994e-01,1.005032799172259940e-02,-8.079977607872947110e-02,2.329798691468934826e-02,-2.570315597323845000e-03,1.068974165137875389e-02,-1.684521113610947668e-02,-8.788568069394590843e-03,-1.606731163400413817e-02,3.455475445684039974e-03,2.992794039879470396e-03,9.475180135448253022e-03,-6.971702320694412409e-04,-1.254740724199592938e-03,-3.364898019659855188e-03,2.342423492464813014e-04,-7.742969379585784833e-05,2.772826131834251026e-04,-6.936460901913166742e-04,-8.571595833752694484e-05,6.144275591990457834e-05
5.123466039284896301e-01,8.529475772797666666e-01,6.009722269582799814e-02,-4.790917025462230333e-02,-3.878249450648017793e-02,4.864473726241102386e-02,-1.298678327943703081e-02,-3.559152962271705349e-03,2.020006259900381570e-03,2.758160272634654821e-03,2.958801421021640347e-03,-1.441531092807581300e-03,2.496620779924029507e-04,1.871280072437590336e-04,8.121447876327431744e-05,-7.096369363596156650e-05,1.618405468344336735e-04,-3.967471812885682244e-05,8.496066585602170035e-05,1.481305908240107615e-04,-1.168151011810226385e-04,5.755785751009969597e-05,-1.777510179707155727e-05,3.400677719051751498e-05,-3.108527773288031842e-05,8.742307178325077398e-06,-2.874898115214300772e-05,4.159495563515990285e-06,-2.394511956778120749e-06,-3.234976069497342020e-06
5.563255400865475135e-06,-5.570442599967130475e-06,-5.799659922034519622e-05,5.706027607843992605e-04,4.619259602658823470e-04,2.755215229302291550e-04,1.327981676904736253e-03,4.406770576593424006e-03,-5.390457486304761625e-03,-4.489046310693447540e-03,2.923721717821221172e-02,-3.061779434886230736e-02,-6.939111741608691535e-03,-1.399160117085300643e-02,-2.849314380296310428e-02,2.294613352218838886e-01,-2.193063043453058747e-01,2.014256641644409651e-01,-2.108661307993059675e-01,1.358547262241188713e-01,-8.512938799004045320e-02,1.884353809491117471e-01,-5.105400553669501296e-01,-4.843282499044547218e-01,-4.447715448012861672e-01,-1.923861890326011570e-01,-5.540106495602940134e-02,6.877271817385488539e-02,2.097240488696169164e-02,1.085678330339975017e-01
4.251668940631715346e-05,1.321313391731264565e-05,-7.096144928753008612e-05,3.741150068640830377e-03,1.953600298936430512e-03,-1.260921305732227212e-03,3.066669865892063078e-04,2.091025287185762499e-02,-5.020971438158884637e-02,-3.355991875050193946e-02,1.170565882276625863e-01,-6.766921900251261779e-02,-1.040930469182083373e-01,6.785397954985752933e-02,-7.477587782883174383e-02,1.468996778482153098e-01,1.661129805266587378e-01,2.899319655099947268e-01,-1.133489175868557797e-01,2.254540354508217659e-01,-7.983615620757886777e-01,1.229374151786245539e-01,1.437589415911172952e-01,2.636950973361922856e-01,5.493175868870374401e-02,-2.493036495088268856e-02,-5.160587428808557919e-02,1.021271032230525594e-01,-2.774089343118180118e-03,1.536912055966717025e-02
8.559490551216188310e-05,8.813810352785729605e-05,-2.463043349638451593e-04,4.064966350621952197e-03,1.599222374679882359e-03,1.841287454366099478e-03,4.979829829832485132e-04,2.762929275537477983e-02,-6.535537977851357816e-02,-4.090148955857945273e-02,1.874411473769408143e-01,6.117648516868149505e-02,1.716455168014930366e-01,-1.003644295939570691e-01,-5.947598873626882415e-02,1.804850498634135714e-01,4.450941976651786591e-01,4.876336868442568973e-01,-1.755438876419965766e-01,-4.732687128160497081e-01,1.974793507236305146e-01,-5.362850320219446354e-02,2.916854869026467845e-01,-1.017938410798768095e-01,-2.192639463251293275e-01,-4.219955867921310055e-02,-1.070670202297886210e-02,2.008575946835044340e-02,1.953111427842816510e-03,-1.884408723530971858e-02
4.812595555216235695e-05,5.045088092824232630e-05,1.120558568540111581e-06,1.616746756534345221e-03,9.298249674265038085e-04,1.077221558701946468e-05,1.052110735030712275e-03,1.164828689388036978e-02,-1.507808850359995331e-02,-1.293833531133301885e-02,6.017684241635054554e-02,-3.295516131666462178e-02,2.190885302097849222e-02,-2.954054051255013136e-02,-4.921810227556158712e-02,3.328735282789375138e-01,1.070417979041471263e-01,1.257226584702791361e-01,-6.279382019216631777e-04,-2.832852708238258743e-01,4.717130617863577596e-02,8.859122960400347968e-02,-6.060041737672385853e-01,1.489818286089819310e-01,5.909437993128654476e-01,1.501794805509945041e-01,-1.985754658897170063e-03,-3.596418542544457114e-02,-9.237935312466857146e-03,-1.193324019430148410e-03
8.102328742100107213e-06,-1.643532578198887394e-05,-1.015507535802426969e-04,1.166373799451586807e-03,8.337293093826510758e-04,2.361944316060543721e-04,3.381794000043847879e-04,1.012235972895770414e-02,-1.657609629119401878e-02,-4.322835673455035360e-03,5.624519202036104559e-02,-2.845921297687492232e-02,-1.494334839572653839e-01,-3.281314851712318070e-01,-6.091239613236510558e-02,8.810587092450851421e-02,1.639224923165542164e-02,4.193609773579221045e-01,7.239653584266436681e-01,3.346787184429705353e-01,1.667871482291603813e-01,5.378742146424596131e-03,-1.570124552462268813e-02,1.184727512226235388e-02,-6.223062087518868579e-02,9.675599602519949216e-02,1.593099010240315444e-02,2.628203945060059252e-03,-2.488677053441608680e-03,-1.231811649282311613e-02
-1.942725796244474914e-06,-1.163962022817233014e-05,-4.086286069133801394e-05,2.838051573146905008e-04,1.562803943352368151e-04,2.104355682409339351e-04,-1.634055480543243741e-04,3.707037628754347031e-03,-6.520882969604513413e-03,-4.836565648709170717e-03,1.889615124024665582e-02,-9.802645800981502067e-03,-1.176148162186211286e-02,1.217043729299730620e-02,-3.871818964826641285e-03,3.490729397425879066e-02,8.436745517774563510e-03,6.926641089046670086e-02,-4.721488750293946490e-02,4.178668425257733854e-02,-1.373894733130135992e-01,-2.251809199265658312e-01,-6.320197254787879304e-02,-2.052014586477141425e-02,-9.173936567442457501e-02,2.515785122418813524e-02,3.472371330117263177e-01,-8.849448679511350280e-01,2.457571427581832155e-02,-4.184184833227654748e-02
3.630219306193486106e-04,1.261366911245110549e-04,-5.504405810377738413e-03,6.239825729232167766e-03,2.779712156726513433e-03,3.460461185087553970e-03,-1.171553391921806991e-02,8.872794591162644351e-02,1.075249238301150406e-01,-2.046824042145124062e-02,9.676647858024767235e-02,-5.919312207398527009e-02,7.057032922399730790e-02,-1.272424893704093285e-01,-9.522341031086984930e-01,-1.060415066479302587e-01,-8.596948435357432139e-02,-1.286105469996602635e-01,-1.476213503822801018e-02,-4.712280681480207623e-02,-1.817320879491112276e-02,-8.943986962908562904e-03,1.596774788009823476e-02,-2.574350215584636156e-02,5.880903921140333973e-03,-5.559801340863299891e-03,9.037805024240846627e-03,-5.391717222709487868e-03,-3.643524230749045720e-03,2.875045054731542767e-04
-5.448005534593265069e-05,9.978423281690496115e-05,-4.932508717038866161e-03,1.924567109683262764e-02,-4.037393922429804993e-02,5.970953838330927445e-03,1.002291402542158927e-01,5.611554292795317700e-01,-3.696809792256905425e-02,8.014201781979408690e-01,1.626315337340641931e-01,1.087840643873380642e-02,-5.383358956400560724e-03,8.306632124232962017e-03,4.707652989199497678e-02,3.717202519200792348e-03,-1.165931578195639196e-02,-1.540065340805530855e-02,1.415623847555921248e-03,-5.425587356635027227e-04,-4.221575677712459916e-03,-8.737014476526640174e-04,4.833905501674714243e-03,-2.933474078734496504e-03,4.159049829147521207e-03,-3.866638023827233955e-03,3.080929496120992858e-04,5.303553315443258883e-04,-6.290025368755452475e-04,-1.722409990575137374e-03
2.624767938100364389e-03,1.840445007400639795e-03,-4.018611034938595478e-02,6.175790096981355337e-02,2.556959481525722389e-02,1.178293919283888019e-01,-1.319004955890229203e-01,7.766480516514863153e-01,2.842142621062064278e-01,-5.005232064363355216e-01,-1.077358996330099739e-01,7.098141951529987614e-02,-4.273526465397348151e-02,1.952952557476113696e-02,9.450014007714482855e-02,8.294033952769671453e-03,-6.036086470992200505e-03,1.382023761573255953e-02,2.474400581633635649e-03,-1.034953416638654047e-03,5.824363748126050629e-03,-3.737584116866823794e-04,1.078138848567148159e-03,1.576307597522768776e-03,6.929465178172743590e-04,-3.624064590605573320e-03,6.795062524291210857e-04,1.672929699945692418e-03,8.104802788155006680e-04,-2.853810825366857556e-05
6.595345740093437603e-02,3.942554934346485102e-02,-9.888760969702354853e-01,1.076568817842265824e-01,4.120243817926310531e-02,-2.383674579635665022e-02,1.993368005518701691e-02,-3.963396604144293900e-02,-7.859729226861121229e-03,1.796419450594418168e-02,2.254773312577164953e-03,-1.309167461941324355e-03,1.221660780240611116e-03,-8.327024043797502499e-05,1.575080423860463624e-03,2.774744581427663389e-04,5.409809459850770975e-04,1.057939357546342830e-04,2.633445386793073555e-05,2.586021276561196449e-04,-1.505633945145415473e-04,1.136491351889655339e-05,-1.390774971887727743e-04,1.105298722454857305e-04,-6.201410466965545553e-08,1.406342193785982094e-04,-5.734766243769992772e-05,-4.631723387478380786e-05,-1.145227460226488712e-05,1.657186356361003160e-06
-5.734699643545365335e-07,2.381657742987277696e-06,-3.906696784700041465e-05,1.289527635235935605e-05,-3.817574695471284441e-05,2.805337720357837717e-05,-1.494099252288255805e-04,2.211087959300870980e-03,-7.895916788841408213e-04,1.329605135189991559e-03,3.577295850098275061e-03,-1.249383399424594055e-03,1.170640658046917006e-03,2.615863971277717064e-03,-9.419140409956261104e-03,2.745484501609574829e-02,-1.488196797482811175e-02,1.657958966185674871e-02,-4.506358319325094036e-02,4.151597171907125267e-02,8.614160605227511036e-02,1.145692756696030205e-02,9.321634029020571532e-02,8.903534231345375249e-02,3.135832735994779907e-02,1.290947982894035118e-01,-1.524321680511433463e-01,-1.167772092092065617e-01,1.884772299526380479e-01,9.384368915336839256e-01
6.211018040440428039e-06,1.104739351901209414e-05,-1.054280593926922152e-04,9.854230795433730015e-04,2.393163161863467959e-04,-6.471264492717101503e-04,-5.573348764628274863e-04,9.919595814209404561e-03,-1.780260991695128622e-02,-4.574458926028385046e-03,4.421180321553681847e-02,3.663152014882345431e-02,-5.248621674545912719e-02,7.478196119269867048e-02,-6.322981629420322547e-02,-8.425700855122918165e-02,3.384436432888751622e-01,-4.592097625153526708e-02,-1.250351722066468663e-01,2.444859735419251667e-01,2.789271851793473367e-01,-3.181633870523658397e-02,-3.171713563102946387e-01,6.022449057757878199e-01,-2.893750023573994357e-01,-3.750266373757801253e-01,4.420272280572123264e-02,2.239509476718238787e-02,-1.206365243605193455e-01,3.550057066998853206e-02
1.031881798852879655e-05,2.149680377123641280e-05,-1.656124175467713143e-04,1.011750313474536972e-03,2.103356656302187474e-04,-1.317563097381175500e-04,-1.288134404301330936e-03,1.303986678193909572e-02,-2.565218238454066574e-02,-1.940089177155767189e-02,8.038854446451819402e-02,1.364110146809679458e-01,9.302429187624304541e-02,-1.639986875850414985e-02,-2.952643126661559994e-02,-1.417554788985472547e-01,5.357638402628833729e-01,-6.444084503597369284e-02,-2.199750597579729072e-01,5.403340586279062885e-01,1.149719348837258126e-01,4.214914039618787578e-02,-1.085091931734675531e-02,-4.210226910279036838e-01,2.859463489786376877e-01,1.665047211931963422e-01,9.797580355856033707e-02,2.695107381413690967e-02,7.993966122857510542e-03,-6.044551274446788650e-03
3.506567436451106086e-06,5.175182428471911929e-06,-2.819984531901281513e-05,2.605471434787372167e-04,1.450005137394044796e-04,-3.403066357544309428e-04,-4.103402365884669485e-04,3.828895202624419975e-03,-2.143774723235598346e-03,-3.242221361056547499e-03,8.223315369789556753e-03,1.610167232229554185e-02,6.026984232507008425e-03,1.634439609011686901e-03,-1.544738883848706390e-02,5.813409551471782760e-02,9.381137506219733302e-02,-7.977551961411825932e-02,-1.915739125477595832e-04,7.728741690951783372e-02,3.170831864321783239e-02,2.008760588542765277e-02,9.140849377967330764e-04,-2.364866925270177941e-03,-4.310513373745265137e-02,6.372062981178856778e-02,-8.979249711022733171e-01,-3.483160247573164892e-01,-6.520375542589983142e-02,-1.888627169193770605e-01
-9.817741477674857450e-07,1.190960605474298216e-05,-1.073462828609622719e-04,2.155367437266364331e-04,9.863559938808855350e-05,2.884590951263954801e-05,-3.179996440163101318e-04,6.681761064106446317e-03,-1.590442740782674206e-03,1.337174536670506972e-04,1.182035295437745305e-02,1.203370127033096763e-03,-5.181246819933311293e-02,-8.215294809047321567e-02,6.667627218878366575e-03,-3.744439619011075832e-02,2.903159781553085392e-02,-6.487579311448599118e-02,-1.553243743735326365e-01,-1.864346293937385948e-02,-2.007021070951360564e-03,7.614755847281634571e-02,-1.424326291821665091e-01,2.051684749552010190e-01,-4.009856674914896724e-01,8.426312789690869609e-01,7.187398315432214080e-02,8.389460506703083631e-02,-3.697325718875113520e-02,-8.267126144738243254e-02
1.100231394713684154e-07,9.223126089974786404e-07,-1.728103692642973764e-05,8.544770102144362285e-05,2.272348971083614470e-05,-1.850928715999453577e-04,-1.003503512969914556e-04,1.507219960790266104e-03,-1.735696161533229181e-03,-5.970107972942260472e-05,5.824191727400923613e-03,1.548659960116440968e-03,-1.847199446304535536e-03,9.925492429455375076e-03,-1.190348339065685525e-02,-5.920909730950282314e-03,3.929980962749316659e-02,-3.589860425233720904e-03,-1.631439548543513196e-02,3.372384911986843481e-02,1.530514987252620460e-02,-1.243664876895936022e-01,-7.201179557197083525e-02,7.775808524616800721e-02,-4.070496728431972910e-02,-2.071940050534979913e-02,-4.634341582413912392e-02,5.648132493597282644e-02,9.621809394176230601e-01,-1.912311508607317245e-01
6.918382133662443791e-03,-7.253832540054381195e-04,1.596146858321237372e-02,7.381463633972816518e-02,4.208945729088146848e-02,-4.886186360018444225e-02,3.710963654607364604e-02,-1.911179964250666607e-01,8.454782287150132136e-01,7.764093014714219809e-02,4.264161154483585014e-01,-1.678012684578278901e-01,4.956426863433335134e-02,3.585591898218448009e-02,1.280456096555229184e-01,-2.313461572861897145e-02,1.508723410007261657e-02,3.930324106122287837e-03,1.228845056374756189e-02,1.343548765377882044e-02,4.443464891516288144e-03,6.076334748643766846e-03,-1.302264790941255442e-03,3.405009271057726251e-03,-3.356450632668358212e-03,1.261923035982054657e-03,-2.393220853981894471e-03,-4.660904901067798719e-04,-5.150109174577702546e-05,3.714548031743259583e-06
2.289081113727665408e-03,-1.320643701555779259e-02,2.005958186579537630e-02,4.095716335374938732e-01,-7.065922794238135296e-01,1.730758149059569428e-01,5.399221351778624722e-01,-1.249215127157190033e-02,8.507584007912403698e-03,-9.789283259970606166e-02,-3.234805828451435550e-02,-8.700478987287841963e-04,1.053480034388416461e-03,4.605177813222966518e-04,-7.167146625008482576e-03,-1.662683312229600117e-03,2.390732643593275475e-03,1.927114944183640948e-03,6.272054273273211349e-04,3.777034890445251573e-04,7.116970693819657621e-05,-2.402311806689458930e-05,-5.468150254933184769e-04,1.553372023881028252e-04,-5.360243373470229998e-04,7.158308133324606075e-04,-1.255209661115494349e-04,-1.491537288118478539e-04,8.564074553508478497e-05,2.327380844604351126e-04
4.831777897305444824e-02,-2.114104649428531248e-03,9.456666758163147224e-02,7.551780145618384177e-01,4.215792315020270298e-01,4.434617065560649274e-01,-1.546850700530578437e-01,-8.679767019500028713e-02,-6.695326382176536306e-02,8.403960494248141622e-02,-2.926119552391328801e-02,3.630084164094164473e-03,4.284259199906861361e-03,-3.531002929030097309e-03,-1.101266485071870221e-02,1.325849615407656079e-03,1.603765639327640142e-03,1.955742701934223588e-04,-1.154061486245560805e-03,6.345711210601577817e-04,-1.387240228763071074e-03,-4.389351058081439284e-04,-5.224208397739957873e-04,4.943458655650812499e-05,4.072074788485969025e-05,4.416165825118575244e-04,-2.955622886843352939e-05,-7.435370239178737644e-05,-6.245672159169496558e-05,2.828037198717425546e-05
8.541476001669716656e-01,-5.169064698308741823e-01,3.171519202105205215e-02,-4.069194259297095190e-02,-1.162333139259512198e-02,-1.934028139387128017e-02,3.875988395148880980e-03,5.663921324312539210e-03,-2.598263708746580483e-03,-3.412620035185174976e-03,-1.507273866743197126e-03,8.200094823127604925e-04,-4.380390472447870062e-04,-6.395750472036983896e-05,-2.521467663239814524e-04,6.708086032878324560e-05,-1.337151126699437039e-04,-1.314348092027947329e-05,-3.755416143338717252e-05,-1.036088207760528377e-04,3.818906455382093041e-05,-1.498577183146810571e-05,2.574755946297253051e-05,-2.576307311789816375e-05,1.350757216791670184e-05,-2.031854627800758846e-05,1.480676740970773593e-05,7.380247172297278594e-06,2.842947767927642190e-06,-6.391249396721070822e-07
6.094089780389626268e-06,-5.472998672499776077e-05,1.132988781138012348e-05,8.766094743014101950e-04,2.952612756771413297e-04,2.275888001875990899e-03,2.564403925695573835e-03,-7.384229350885442196e-04,-9.137655453762022484e-03,-1.029395804425621216e-02,5.062105202541579418e-02,-3.824149340703175692e-02,-5.521075458934908593e-03,-5.930561639712445335e-03,-4.387821056524175006e-02,3.813176688123207647e-01,-4.389886329320376035e-01,2.302850989541521398e-01,-4.194768580318864459e-01,3.509173036995970052e-01,3.587239276067553106e-01,2.480409462977101881e-02,2.891135265228013118e-01,1.875972260124504631e-01,1.753909332856561920e-01,4.806589215535764931e-02,3.407491543472165180e-02,-1.433506899448054941e-02,-1.281298700627869769e-02,-1.444015176085763907e-01
9.389169674618282947e-05,-1.788430913488721602e-04,5.011056205358974678e-04,1.050057464098243069e-02,3.903258217520159598e-03,8.154730085089345951e-03,3.409595236356683431e-03,-5.288305552472391709e-03,-1.332211588115794765e-01,-8.518293509379362694e-02,3.798116937919349123e-01,1.058203205240277750e-01,-6.948404902073328504e-01,5.144979354080002620e-01,-9.377636890706782247e-02,-5.905691161826211871e-02,-8.227454590090815117e-03,2.702954365457563637e-02,5.528091845491134998e-02,-9.866919130683425576e-02,1.393709249776964032e-01,8.372991701557006006e-02,3.744085899821254781e-02,-1.199968740071779699e-01,1.899789228166515187e-02,4.856020857641732413e-02,8.028039328243896308e-03,-2.203506875118919212e-02,1.605618317289057503e-02,-1.278209575024648846e-02
1.663664071306369691e-04,-1.257324978878200379e-04,6.144852206069630453e-04,1.113479335876385590e-02,3.322652469383398626e-03,1.286072566800638452e-02,5.339140404120381288e-03,6.962432966499058906e-03,-1.814692389282239471e-01,-1.447837821190206542e-01,5.750038047239360850e-01,6.130456404807869131e-01,3.397988380125910313e-01,-1.153433155106146635e-01,8.359291299870727499e-02,-1.105024847097186291e-01,-2.470543270357698218e-01,-6.366968370733404325e-02,6.767853294257264452e-02,1.787053569989341395e-02,-8.883555893271412318e-02,1.405673621315576237e-02,-6.330810420012400463e-02,9.283614369440178204e-02,6.273447010006385181e-03,-1.818728403389548165e-02,-1.155643127159336307e-02,-6.749758333507778485e-03,-7.804842620342938300e-05,7.350936967878709226e-03
7.097313099636295367e-05,-1.799860555845160152e-05,3.086637655049587203e-04,3.273082593097342147e-03,1.674040289581479359e-03,1.827958778801435855e-03,2.744093081840543857e-03,1.039566006631204931e-03,-2.383563635139949316e-02,-3.665000253338959735e-02,1.118764223734806523e-01,3.925791994620059233e-02,-2.302291563476344116e-02,-2.858630837080828463e-02,-1.477554617169847193e-02,7.356624366445451146e-01,1.896826885468999857e-01,-5.546748362355232720e-01,1.859204964755976353e-01,3.354293703325703785e-02,-3.282224407878028133e-02,-5.016335377791201339e-02,1.411083280437060439e-01,-4.592357394298818979e-02,-1.497860379970125666e-01,-2.980452550182913912e-02,1.024013336201390623e-01,4.413901239453098257e-02,4.153772098640344176e-03,2.270738451821083942e-02
1.056633236795868645e-05,-1.372403809490507407e-04,1.881640340859576854e-04,2.845833356578140582e-03,1.755997517722329227e-03,6.442665839767006998e-03,5.152668935965398940e-03,-7.876487299577999285e-03,-2.620425937743986813e-02,-2.998313016322095778e-02,1.388073681931349668e-01,-2.550332216637797925e-02,-5.110685428173287193e-01,-7.502690554480175855e-01,1.178179110619547720e-01,-1.022711514109088254e-01,6.653708127728286646e-03,-1.503421227412156946e-01,-2.686915080133410738e-01,-9.812670177892711398e-02,-4.288283993441090874e-02,-2.714213765544207235e-02,1.058095382043595413e-02,-1.473814710649182062e-02,6.990209308304071167e-02,-1.297572688951495745e-01,-2.009642443602140463e-02,-1.267343371983337130e-02,6.781724116239715161e-03,1.450586710375641013e-02
1.371379150601370181e-06,-4.052756801302492102e-05,2.582654750138641751e-05,9.195144014939816892e-04,3.056115700123610002e-04,1.057569420620726791e-03,3.896179241152190062e-04,4.083527473095148442e-04,-1.461708260808216274e-02,-1.186564051615537733e-02,5.304764302656035657e-02,-2.153128291615436906e-03,-5.995765921670319354e-02,6.278126066990387388e-02,-1.447343674618856851e-02,4.214461609409902998e-02,-5.442680530924563775e-02,8.425126965914243871e-02,-5.622164015011218291e-02,6.471558601391783072e-02,-7.657488584295972511e-02,-9.231001179073203833e-01,-1.332956432723661211e-01,-7.224959691620549962e-02,1.540199542369345871e-02,7.545085547573987528e-02,-1.122910971409800118e-01,2.251695295349338821e-01,-1.296196756418998564e-01,5.371867711452252281e-02
