5.315894692968294553e-03,7.833019087434729688e-03,-1.263169724619932731e-02,-3.836990865662134181e-02,-3.872071750750195190e-02,-1.355696971778447280e-01,5.314693508157627977e-02,1.136353641947179388e-01,-3.531599317409998551e-01,-1.593429023418159729e-01,-3.842432020968420958e-01,7.547592197954765547e-01,-1.327362983606081293e-01,-1.249230218891460575e-01,-1.114768784160305448e-01,-1.617508272657481316e-01,4.149341098189868182e-02,-8.370116234356284046e-02,-7.027471673025027614e-03,-9.033049199158606213e-02,-5.921529977993071625e-02,2.807724154406637807e-02,3.521559502038883183e-03,-4.543184804839524304e-02,-1.869415914557372681e-03,9.009610766331568876e-03,3.195247026137010542e-03,-1.107640693165795609e-03,5.163819457253806047e-03,-6.643561050795972114e-04
2.489603791988426185e-03,-6.665706613731445414e-03,1.606730164951807212e-03,-3.748595494879709000e-01,4.358655893301100481e-01,-2.742858897792485595e-01,-7.587680278145858548e-01,1.011516231777751379e-01,1.801447288924774848e-02,-8.326342294248291476e-02,2.897145853717094516e-02,-2.949997029583673394e-03,-6.317098640541954704e-03,3.332529158186305508e-03,7.673930304633108483e-03,-5.924907578891447889e-03,5.419737833665874823e-04,-8.892859063144876184e-04,-1.415155683848107453e-03,-7.059455347121328659e-05,2.498754910262236846e-04,9.606693091328071758e-05,8.053851568464254294e-04,-3.653654634290683773e-04,-5.058661763248116288e-04,5.437653205678916581e-04,2.832293781215350814e-04,1.811690144056407763e-05,1.208381924981469772e-04,-9.954464818955086958e-05
3.671829107550569904e-02,5.351967854827471838e-02,-7.549274674028247367e-02,-3.415437416806544335e-01,-3.328826957105485707e-01,-8.094124859096892832e-01,2.509382174596730963e-01,-6.631759090304273352e-02,1.288527706914601445e-01,1.207268565023903589e-01,5.746561150242403444e-03,-8.452664705948703672e-02,1.691778564460140813e-02,7.739283444415229023e-03,1.321061590197948089e-02,2.313771937327306280e-02,-1.184474673264582049e-02,1.322008463435656901e-02,-1.697722163656683074e-03,1.361771585148741255e-02,1.009613748756762498e-02,-6.783963621921603251e-03,-3.782559409543908235e-04,6.416800844906529570e-03,1.871873666872930330e-04,-1.674564276982456199e-03,-1.243346431982911835e-04,2.178621210321230806e-04,-1.077315933413745515e-03,3.965817134836268514e-04
5.406753178598974197e-01,8.289100363438817176e-01,-1.183665362771015028e-01,3.533406253114203255e-02,5.187097850575109886e-02,4.969415566314132338e-02,-1.084246791553637040e-02,1.183804391175999034e-03,-4.198174270025179997e-03,-3.246930656121862439e-03,3.117269350446459381e-03,-1.397950800245733195e-03,2.438684147837124261e-05,4.693073770090122501e-04,-2.682405754047901671e-05,1.079708799055885339e-04,1.953946997624392572e-04,-2.780049053586205012e-05,1.281326136791617804e-04,6.730685766743640236e-05,-7.373125188726414175e-05,1.092400543332400057e-04,1.112972248884758583e-05,2.456646119399497267e-05,5.055837168730284793e-06,2.219188012354839716e-05,-1.832000403166567117e-05,-8.622721829823849794e-07,1.264474468813871407e-05,-1.747377530460318877e-05
4.930214141990008913e-06,-3.990680471690838972e-06,8.192947999233192674e-05,-2.186055768862919086e-04,-5.730159968380195337e-04,2.136763549485481116e-04,1.896514956340777588e-03,-3.657168912529938469e-03,1.149719215397592212e-02,5.434153883824728408e-03,2.562696044516983226e-02,-4.892377971707013995e-02,-3.485561855205168268e-03,-4.596923552969839344e-02,-1.623200158219387582e-02,-2.448190183392204289e-01,-9.541883672420900520e-02,-3.888144099397779496e-01,-8.170613060517267767e-02,1.411468472400083732e-02,-8.562588169320300979e-02,9.755198467016332198e-02,6.766250733437481624e-02,7.426836729515536861e-01,2.681561231305036874e-01,3.360135188682675800e-01,-6.804329363734580582e-02,-1.630732547228254045e-02,-1.441366783401593077e-02,6.608436847454646212e-02
4.319962950950380749e-05,-2.235543620007805271e-06,1.004010277105168948e-04,-2.580532591429637868e-03,-2.483806876369701062e-03,4.603245804349624833e-04,9.733032602121281188e-04,-1.931096014351178780e-02,6.319277573000553483e-02,3.155994085649017900e-02,1.097818095615508416e-01,-9.153450356263108378e-02,-8.698247708014637813e-02,-2.709005605872628550e-03,-1.014672412634059911e-01,-1.225015048363577996e-01,1.419998527171087710e-01,-2.541477788575176033e-01,4.309342779517010696e-02,-2.071283038767726334e-02,-7.078441286864133319e-01,4.101737875307722714e-01,2.705728425634583711e-01,-3.036234144997877471e-01,-8.172178774382024558e-02,1.158040298125228955e-02,-2.340035061026403754e-02,-1.325349856475733015e-02,1.031745622430480513e-01,3.759025580281035589e-02
8.813874867246613307e-05,8.783435494611153765e-05,2.818929197539449933e-04,-2.839336067991644896e-03,-2.147818647283289591e-03,1.503821683949551095e-03,2.412879087363465572e-03,-2.327368599133266061e-02,7.804070427745092575e-02,1.954916268088668571e-02,1.880358176180882968e-01,9.611871125265195048e-03,2.526723392107871335e-01,-1.580021667381076023e-01,-1.688376614778620832e-02,-1.482370878071635201e-01,3.946315505248913502e-01,-1.317558277215837848e-01,-5.501713749753495142e-02,-6.848067865232461138e-01,2.243829943898749679e-01,-7.566545726968594565e-02,3.585600626733735641e-02,-2.187022757435058973e-01,1.933381378190577593e-01,2.362977332371785089e-01,-2.373296802282997761e-02,-6.284387786773096979e-03,2.286541263330558321e-02,-4.284596483766470176e-02
5.092085787293162134e-05,4.448711388535544039e-05,4.821394231993905293e-05,-9.953928222671086772e-04,-1.077116096109374289e-03,8.420838582902732798e-05,1.488855996903879408e-03,-1.036382180442936563e-02,2.348477037529419706e-02,8.402728217436533989e-03,5.648586046271664857e-02,-5.453403426573145280e-02,4.792525871064384074e-02,-6.383859047080142624e-02,-1.646177740617191937e-02,-3.197562073225455603e-01,5.637303992725217067e-02,5.074205770256085685e-02,2.611359126588373627e-03,-3.462343019027289137e-01,-1.213180239988366910e-01,7.625919424178644046e-02,-3.698274554339999742e-01,3.374444260773655224e-01,-4.662011477791270231e-01,-5.169983674393789919e-01,3.608875019729420458e-02,1.023541012640649499e-02,4.565732232601983111e-03,3.664840892241793407e-02
5.763195380243940314e-06,-1.563341220914138741e-05,1.636172596487273122e-04,-5.780981183876464542e-04,-8.516694235544161433e-04,1.097124468687946053e-05,-1.424213769541284177e-04,-1.070565370735564702e-02,1.354566459448998741e-02,3.657932350557037849e-03,5.597348959619306841e-02,-5.135869016882956689e-02,-1.518887387285440815e-01,-3.477343621776058935e-01,4.605915367475084399e-02,-6.195030098691588910e-02,-2.852721731172151026e-02,-2.281618361935683348e-01,8.669564151762396698e-01,6.992559047220207880e-02,1.424688331341856240e-01,-1.065714654557139984e-02,-8.666451490357257592e-02,-4.952750676642679595e-02,4.874049616907052268e-02,-3.774453620129849390e-02,1.977105246025735036e-02,-1.936463547716308319e-03,-4.787201855698582781e-03,9.307467338574745537e-04
-2.485189876863659841e-06,-1.143458876037193519e-05,5.771744582762333681e-05,-1.496416334233535630e-04,-1.943761100757703409e-04,4.610890060673380141e-04,3.530767607289990597e-05,-3.725022908157273483e-03,8.393958848650870039e-03,4.077014339259335367e-03,1.790488527178474981e-02,-1.363675477289362503e-02,-7.931591946611856597e-03,-4.713377726845806130e-03,-6.591184303718018549e-03,-3.388040225150714541e-02,3.143121266985480361e-02,-9.967594847926923574e-02,-1.824864099056659403e-02,3.017664572240993069e-03,-2.012246270529782222e-01,-1.765391118764214340e-01,-9.497174527640518671e-03,-2.191663553486093707e-02,6.310491659542302734e-02,-4.977456777775720459e-02,1.899881541389658590e-01,7.111799480240493798e-02,-8.267406159988753833e-01,-4.283800156298888107e-01
2.950052903098557299e-04,5.811943217425002018e-04,6.483020880896550077e-03,-3.035845942289087159e-03,-2.748356452987849897e-03,-7.138939046626799172e-03,-1.508984622380131480e-02,-6.284966078379410070e-02,-8.184404299736697252e-02,1.248190762344899380e-03,1.407655830566450217e-01,-5.790486494173465587e-02,2.062050678224381373e-01,-4.303763344610009312e-01,-8.094247095012575555e-01,9.974283815540896381e-02,-2.167264567218176730e-01,1.253805879283032554e-01,-7.350232230359031449e-02,5.783278353031213320e-02,-1.563720418649833938e-02,-3.133427985224853524e-02,9.979281255485260987e-03,1.069032245044062093e-02,1.468980343839600394e-03,3.009716603878257683e-03,6.508891429656654161e-03,6.538664772919477140e-03,-2.829148298123367652e-03,-5.890320123949617601e-04
-4.778848467611572655e-05,7.181429664003324354e-04,7.165867559115078264e-03,-2.017873225322399516e-02,3.666115484132533020e-02,-3.968100945162458815e-02,4.845833643879689234e-02,-6.386199659579170351e-01,7.847825871790774233e-02,-7.568302007333117531e-01,6.610099454080639592e-02,4.160948677694686860e-04,-3.296083873059706820e-02,3.084765470200831125e-02,2.886599166594209023e-02,-7.479842802779601042e-03,-7.362378134015937388e-03,1.504119513811854117e-03,-5.404786239949118699e-03,5.801466670335744293e-03,2.067806094532410269e-03,-1.514367816377355227e-03,5.777366134076480746e-03,-1.433341153228953266e-03,-4.918279761915168337e-03,2.297530527384175278e-03,2.280274234521462628e-04,3.161261700572577606e-05,5.518841575951427634e-04,3.724347637067441583e-05
2.083397897232113112e-03,5.415396806920698067e-03,4.613779210274216586e-02,-4.111233027432303205e-02,-3.328612097359497785e-02,4.312366796234595734e-02,-1.767924160233588504e-01,-7.064952589680288941e-01,-3.904296320265460696e-01,5.473323106813355876e-01,6.188428312777756110e-03,6.613257562272029100e-02,-2.291724265900545870e-02,3.202458556430708148e-02,6.656229274603765733e-02,-7.370504352328327916e-03,7.203258952639965754e-03,-1.216145020575990984e-02,5.419002345532522536e-04,-1.055766828241892948e-02,3.386344231100091653e-03,1.268269680698678667e-03,1.956691362585957826e-04,-1.249378131725885615e-03,-3.684465245275325083e-05,3.864848633902226872e-04,1.043673534996319768e-03,-8.646981183142484883e-04,4.238458098956889302e-04,2.211769794101683864e-03
5.210857004061988235e-02,1.153819789280743635e-01,9.848263215163839401e-01,-8.438636648102695870e-02,-6.114249133796984675e-02,-1.787237344073543122e-02,2.235408590516487284e-02,4.052541441448938991e-02,1.701595741950811050e-02,-2.147960581742861322e-02,-3.055474539876922978e-03,-1.289518403489251907e-03,-5.226719287798135263e-04,1.001425105206300500e-03,1.951315688926846684e-03,-3.704635643137003356e-04,7.834064713549312694e-04,-1.135313314657627906e-04,3.246175951124714810e-04,1.092767235058769427e-04,-6.689788707289782358e-05,7.789310567813272936e-05,-5.896650893700807394e-05,-3.521221335254755757e-05,-6.909775095823977170e-05,-3.279348101171541946e-05,-6.741281351622188678e-05,-4.190162302395984482e-06,-1.060938871985201336e-05,-8.620427624949994971e-05
-7.288275857545999706e-07,6.296884647883622770e-06,4.868902096652922711e-05,3.830280209670964870e-05,4.421358227356017681e-05,-9.053884449782294199e-05,-2.686146842997640702e-04,-1.480481391888764566e-03,2.016983942750971443e-03,-1.937133326834154638e-04,3.672713639381165827e-03,-6.019939958989719425e-03,6.878265016247946291e-03,-3.440283423038024459e-03,-1.605788660514035834e-02,-2.839369641530005081e-02,1.469123690887688856e-02,-5.891535670789164320e-02,-4.365422986260109744e-02,4.233557234345597386e-02,5.681904138901361367e-02,5.814268427090566599e-02,-1.180712744171448919e-01,-1.397434300489836523e-01,4.188546943627177721e-02,-6.661330716489170800e-02,-6.042959473725739716e-01,-6.767432539376665168e-02,-4.606969672694177231e-01,6.026366942125862547e-01
5.513287497808908918e-06,2.371290425506336090e-05,1.075322480524067397e-04,-8.284017555838878687e-04,-5.057707802897201026e-04,-8.193279098176619755e-04,-1.151395834286422868e-03,-1.019658855553817051e-02,2.176103466383419449e-02,6.386737608520454482e-03,3.863220104570164182e-02,3.139751135184372377e-02,-2.090638357594997582e-02,1.845332955761356392e-02,-8.227846704077611262e-02,1.008108279319849532e-01,3.128515840343195076e-01,-1.719999420474934565e-02,-5.095550406679999478e-02,2.332788178079820973e-01,-2.112644138734237273e-02,2.869102342558727536e-01,-7.352018460804643496e-01,-6.607128299105034797e-02,-6.220737275570570324e-02,4.098121480687635376e-01,1.424882754910026528e-01,5.982868299894837649e-02,-1.280957419123309599e-02,-2.212922315798226611e-02
9.138149538422471802e-06,4.392900753108111800e-05,2.149935159768908452e-04,-9.503647542113634848e-04,-6.761048831357531833e-04,-7.887282842434398082e-04,-1.217847411781199400e-03,-1.292039855646834497e-02,2.684441611380057949e-02,3.851234234370015837e-03,8.271344626516190235e-02,1.141696080028678922e-01,1.749083750960278016e-01,-9.962910746782167870e-02,-5.275989969896319881e-02,1.451690609154227818e-01,7.146233295567750998e-01,-1.247308135123619821e-01,-2.126616519487406487e-02,3.896416190960420023e-01,1.007249799299730353e-01,-1.073543665650905365e-01,2.777973249510601317e-01,2.115128049225604434e-01,-9.842392425925736155e-02,-2.544015236270746327e-01,7.199334861682321618e-02,4.455823636268767957e-02,7.499797060034550352e-04,1.056799504066359696e-01
2.911482181907742809e-06,1.233860565855787358e-05,3.924668218017538917e-05,-2.251303727946840736e-04,-2.410304048650206200e-04,-6.423535137562300708e-04,-5.356790721112676462e-04,-4.384600690839779262e-03,1.905085498074973564e-03,2.486924651285662285e-03,9.392593487088067225e-03,1.223975554225837335e-02,2.388986705866467594e-02,-1.074632915268080267e-02,-1.659920968375121209e-02,-5.260896002394162274e-02,1.066777211062027025e-01,4.201871548304780823e-02,1.700760043487243092e-02,1.155372395035147992e-01,1.306968159536040994e-02,3.255035624836738473e-02,-4.972834863533136252e-02,3.636853551100891618e-02,-3.734807221782188158e-02,-2.428247640236446195e-02,-7.343829259833105638e-01,3.425494107565071195e-02,1.507721255699809304e-01,-6.316521960433220118e-01
-1.222104991603901157e-06,2.111006369453018961e-05,1.194448571958740596e-04,2.163393024192611998e-05,6.213823960701926423e-05,-4.396297740113358477e-04,-5.951349434372482303e-04,-4.775295861426544393e-03,2.703068168412203331e-03,-3.626535899377755605e-03,8.213493886172542127e-03,-4.556245855710166354e-03,-4.164754567066496910e-02,-6.355115739631576888e-02,2.448785004884138083e-02,4.720334564698960150e-02,3.930522513436449095e-02,1.255126064826554526e-02,-1.055403994761069109e-01,1.306966829327754938e-02,-7.768509572248655237e-02,1.654161600141716149e-01,-2.416266759019742305e-01,-2.817903846762438366e-02,7.703622160379558492e-01,-5.223056252965941892e-01,5.442812112651850692e-02,5.208165672123723361e-02,1.125743223033223162e-01,-3.272383285512992651e-02
2.397389865124233066e-10,2.633280105525448408e-06,2.567907390721476925e-05,-6.753986370774835277e-05,-4.387514889862140157e-05,-1.518803149515384442e-04,-1.926646968632443526e-04,-1.617332836383787720e-03,2.477289303370917069e-03,2.308720518106114055e-04,6.813063097657404144e-03,2.944628813924334097e-03,5.517558742109426526e-03,-3.995652153159790984e-03,-1.265177749169667590e-02,9.037343806554814021e-03,5.628655199478867222e-02,-2.067599142618170918e-02,-1.227549455583213864e-02,4.291348716959567794e-02,-5.399665977575344999e-02,-9.083254652585259770e-02,-7.740519224015827981e-02,-1.452178281567964623e-03,2.844671989470504495e-02,-2.271678621774481793e-02,3.772337764007555744e-02,-9.836892789467663878e-01,7.562341362514784018e-03,-8.031182438747788699e-02
7.128072290316501795e-03,-1.979033422705302886e-03,-1.257012889393408460e-02,-6.200103928215889432e-02,-5.949041592324963434e-02,-7.241936677660151811e-02,7.963579649712260178e-02,2.350428696135488105e-01,-7.755361559882941735e-01,-2.238448803935004228e-01,4.596611655589283862e-01,-2.011863467417511486e-01,-2.688472280843589180e-03,1.137759832689707179e-01,8.549839437354082861e-02,2.763211009184045677e-02,2.868385856155984334e-02,-6.981097175080088792e-03,1.508390544010966387e-02,1.799459838546466420e-03,5.406423368534116029e-03,7.408019830452374464e-03,-2.023226181752909962e-03,4.927656668280262602e-03,7.258755295880569593e-04,-8.108871490293081442e-04,-1.677477737162989422e-03,-2.609573029373114957e-04,-5.964863916655665371e-04,-6.168721913782155468e-04
3.498586886451018636e-03,-2.029706381305113397e-02,-1.496482255163317752e-02,-5.671101913798796135e-01,5.883732684526612466e-01,1.784298840168112577e-01,5.367780066904562775e-01,-3.749557336562533982e-02,-1.679014430950654529e-02,9.528711591147429050e-02,-2.625079369612548855e-02,3.173073193040101695e-04,6.361161640042294931e-03,-4.392130976155912345e-03,-7.098039433118703660e-03,4.011640201258069582e-03,1.451828030399008457e-04,3.301703918926858017e-04,1.489782562131051384e-03,-1.229815189037627120e-04,-4.397128235076728413e-04,8.307878981801690335e-05,-7.383612784760919994e-04,4.547331701395561691e-04,6.027416897331129174e-04,-5.266865491212289075e-04,-2.078690571075304133e-04,-9.644873317529195118e-06,-1.388710543226269554e-04,4.415659045669505505e-05
4.891802461629014831e-02,-9.901848462976646156e-03,-8.418650201105061515e-02,-6.353475525175140692e-01,-5.820033940509924397e-01,4.546854717976914761e-01,-1.710427260228615520e-01,4.068519858035219566e-02,4.573862489678685861e-02,-8.069445360474732098e-02,-4.005973560112077031e-02,5.089743342434434846e-03,3.440005696442184190e-03,-7.555980752616280396e-03,-8.088716865343022200e-03,-2.290956250693914655e-03,6.555401557707470246e-04,-1.012214685741618433e-03,-2.369836093440970078e-04,-3.941677297809285138e-04,-1.126538860648572653e-03,2.251788474039674224e-04,-1.878239301447528803e-04,-5.934241968243896340e-04,1.157592107521519234e-04,1.380008091011858374e-04,-5.302845241202193087e-06,5.040468870593940568e-05,1.026650834546186976e-04,-2.161373603654158468e-04
8.373241303449749928e-01,-5.441329263901837354e-01,2.350079034449362864e-02,3.889313220115393072e-02,1.599696784204070188e-02,-2.061174457982443975e-02,4.040279708639090035e-03,-3.872921864489616266e-03,3.115380983011208516e-03,4.183992864785761323e-03,-1.456409605760570700e-03,1.050875521181669596e-03,-9.157993259134340899e-05,-3.483143363893909106e-04,-1.092100226413169690e-04,-6.765753372044744189e-05,-1.696745038132454651e-04,6.650565868793666070e-05,-7.999164370934627049e-05,-1.830127242439005733e-06,1.773196825825242224e-05,-4.812245384132772996e-05,1.639848199198415762e-05,-5.571625244152204021e-06,-3.221707401284259238e-06,1.651056953281494645e-06,9.495366589826823164e-06,-7.494477117819911260e-07,-2.800209495060390260e-08,1.328062720082098493e-05
5.981643401006091684e-06,-7.036442406651690685e-05,1.139285877778025591e-05,-4.845738985286550957e-04,-5.977616846118656091e-04,2.930649812893445279e-03,4.213978870451359597e-03,8.832578353981105279e-04,1.764312694864833900e-02,1.437019081665566814e-02,5.317157687886815004e-02,-6.822708789149015129e-02,5.687173866063985296e-04,-2.908220723457565979e-02,-2.379854646720245756e-02,-4.037721200993338866e-01,-1.860601746140957413e-01,-5.631840056458664590e-01,-3.088015260710485488e-01,2.769289957578810468e-01,3.702399021030801651e-01,4.876353446521044036e-03,-4.257664385252337563e-02,-3.240582836857670568e-01,-1.198386011863635525e-01,-1.517939884030924669e-01,9.925390719028627518e-02,8.388219844486587140e-03,7.313403955112524057e-02,-8.416878761301856138e-02
9.903203812235599000e-05,-3.443052919133522054e-04,-6.959559896949789109e-04,-9.315312903906223380e-03,-6.448234374850190555e-03,1.622028821634145454e-02,7.336014595079054686e-03,-3.562287531187541788e-03,1.767452440200421859e-01,8.428649580261063368e-02,3.911581364498165070e-01,1.918187114160227191e-01,-6.775476043513711799e-01,3.534106361388891226e-01,-3.554574682073702863e-01,3.685296845989607158e-03,8.668174136544663788e-02,7.858280926892783486e-03,1.537420673226491154e-02,-1.084932760747637226e-01,1.767483860079778757e-01,-3.321746814001490938e-02,5.338960787165589889e-02,6.031944562076241301e-02,1.663276972162036280e-02,-4.408963681474055429e-02,-8.196807445839834200e-03,-6.129266995453783173e-03,-1.560087380573418198e-02,-9.066446088142278772e-03
1.680415501224103391e-04,-2.699924379579119469e-04,-7.723692828683169495e-04,-1.117485473395177231e-02,-7.162178291548395616e-03,1.929527364013647675e-02,1.089007372108414910e-02,-8.517907720048682914e-04,2.082984293615582905e-01,6.934289387738643007e-02,6.020781677006937782e-01,5.476905563160737733e-01,3.367020876738306412e-01,-4.748894528706454343e-02,2.458456510159300612e-01,1.029246689662400988e-01,-2.823348534197389070e-01,-7.052500501064303505e-03,1.893907086270804618e-02,8.808487790118746386e-02,-8.551293883923626049e-02,6.380333625025896849e-02,-3.666022089724879640e-02,1.253978589345508890e-02,-3.017334957925181874e-02,-1.560551447743832934e-02,-4.114053874720235808e-03,-5.061960595398313015e-03,-6.957461436808701910e-03,-2.211281644202296379e-03
7.277747895833547418e-05,-5.445787403781053571e-05,-3.184082945836058318e-04,-2.807453595107522841e-03,-2.564407457297661862e-03,3.749792205940121782e-03,5.834710596623601114e-03,-2.937870460250652672e-03,3.226795708526387224e-02,2.395925856970737913e-02,1.184828320265368523e-01,7.072948262277314359e-03,1.963347519616043257e-02,-3.382344621516727295e-02,2.216749005179905613e-02,-7.307775123937061412e-01,1.117458520978726749e-01,5.474510549582974894e-01,5.770842516251709076e-02,2.672796443176574388e-01,-2.062290192908364586e-02,-4.180131637977249626e-02,8.093536084805165454e-02,-6.232199159068506356e-02,1.507413624052406642e-01,1.313379814949088287e-01,6.668878085725048199e-02,-2.409066667308786859e-03,-2.652029404640827634e-02,5.893830958381250651e-02
1.590662692327730231e-05,-1.876379676012349682e-04,-3.349008153332002150e-04,-2.057726166912244616e-03,-1.560334003169946103e-03,7.213788407067659586e-03,6.474036281881916967e-03,7.970130548876120519e-03,1.649742566128183444e-02,1.303145105028059685e-02,1.222901904795556521e-01,-5.079440199729673422e-02,-4.820333187554625698e-01,-6.984436163345976167e-01,3.275052430733290665e-01,1.059369555361350940e-01,2.286355574368231086e-02,1.138654789018846841e-01,-3.382598712904290594e-01,-4.775137578899742857e-03,-2.049652305328888632e-02,-1.525594073098337361e-02,3.992843910710142802e-02,1.237351707848540448e-02,-9.136559957171777602e-02,6.313467059017387195e-02,-2.084621772623496128e-02,-5.029635099675424346e-03,-8.509418361257506044e-03,-1.886593916980811535e-04
1.539665181814511181e-06,-5.807411465086716922e-05,-9.162185143112940963e-06,-8.440034772856377324e-04,-5.647485148843043624e-04,2.265698494847339338e-03,1.020921494432259179e-03,-1.798270858936958485e-03,2.055136193916688725e-02,1.011494223567558845e-02,5.545797184265819496e-02,3.036043609810424801e-03,-4.916989331725576950e-02,2.411532629854582638e-02,-1.561130283616368047e-02,-4.751104943872132280e-02,2.298527984906303945e-02,-1.660483132124972172e-01,-2.310972093666251517e-02,5.217814871589292886e-02,-4.030556306947870593e-01,-7.977919032739777538e-01,-2.525241608510133684e-01,-7.586969242407884395e-02,5.205122116103942653e-02,4.856119101408205851e-02,-8.504767256193176972e-02,1.116598293399052311e-01,2.252976771228203667e-01,1.246789740940254243e-01
