-5.197899241044947639e-03,-1.034832093513487865e-02,-8.503277067320322985e-03,-2.635178919369861317e-02,4.098241125366827026e-02,1.456323534102901551e-01,2.371212268798395667e-02,1.461684545577178473e-01,-3.320682777364530325e-01,-5.137794358605648343e-02,3.568663606989905257e-01,6.999088874630319257e-01,-3.759416858062762934e-01,5.561839741363627104e-02,1.681171230279269180e-01,1.508903615182202451e-01,4.559152245646800466e-02,6.814433806232071678e-02,-8.963430839755862078e-02,7.806676868476275510e-02,7.779504436982653814e-02,-1.259404264226116933e-02,2.326354795031479808e-02,2.810198230001977743e-02,-1.591875925327641134e-02,6.588677094377740247e-03,-4.896631869623469619e-04,9.511392830306523430e-04,-7.004593926139296043e-04,6.531439843424924081e-04
-2.188933391507016588e-03,7.125989825730092916e-03,-7.763260390067309308e-03,-4.611821428988482352e-01,-3.556458000556835808e-01,1.589433265169617748e-01,-7.941222125262038523e-01,-2.454528889203080530e-02,-2.960497154485213292e-02,-5.291185886667894300e-02,-2.155736031240860009e-02,-4.675277023762466205e-03,-6.859670744535007652e-04,3.555809394686360037e-03,-4.534530049912949799e-03,3.398963518350212216e-03,-1.275248040284977704e-03,-6.882621892433787779e-06,-1.450846916836735214e-03,-1.037782431519693139e-03,-1.232737758424416828e-03,-5.357821995641192997e-04,-4.565897162198273985e-04,-1.032867668486330286e-04,-3.587019272157912953e-04,8.662795471641575882e-04,-2.097197292503327236e-06,-1.129658862879601638e-04,5.223072458680873899e-05,2.466291446197954140e-04
-3.575898816999473900e-02,-6.769736057603337187e-02,-3.242375385827894058e-02,-2.404851956093844167e-01,3.615900414559641840e-01,8.535267503549799351e-01,1.439267868658444804e-01,-1.452738807664040177e-01,1.494537210917158132e-01,5.369864913601880840e-02,7.379034296998011715e-03,-7.464850272657806707e-02,4.468959489694536436e-02,-1.408069615047953180e-03,-1.438069644526912376e-02,-2.074875846748765185e-02,-1.115895087323872346e-02,-1.087534642542101020e-02,1.096389379382300099e-02,-1.168162087571107503e-02,-1.308747434891822242e-02,6.109533987370905630e-04,-3.137519683053849665e-03,-3.338436416014821297e-03,1.771325702689517494e-03,-4.001736432770225567e-04,1.711834623142629804e-04,4.674481030838947739e-05,7.252633348103593126e-04,-1.094290814382908834e-04
-5.116362749595838588e-01,-8.547824728933794969e-01,2.587746803018445979e-02,1.895246687256255808e-02,-5.737961733293399369e-02,-5.596944031723835589e-02,-2.913037657500547328e-03,8.356454569872140067e-03,-4.561435775254110876e-03,-1.152113124162061457e-03,-4.138366425876689909e-03,-1.785152017007484099e-03,3.851233071335438771e-04,-3.670280224331502099e-04,-5.366178217717113095e-04,-1.149775076634411587e-04,1.296613474250407128e-04,3.707251253667122630e-05,1.484382226279407177e-04,-8.153496428400305179e-05,5.817395405397883800e-05,6.672780188475313816e-05,-4.064585614296539507e-05,-3.267970821349841526e-05,4.456919969070563482e-05,-1.893160255915702191e-05,-5.178533944870577019e-06,-1.349236652182259073e-05,-2.964429650530645864e-05,6.627458990840009738e-07
-3.722917159253982040e-06,4.350732841317223547e-05,1.500019135600999130e-04,-1.698830662155697158e-04,5.644709137172929840e-04,2.377401007414941031e-05,1.764120410295561296e-03,-3.786393117384799674e-03,9.831794604622077702e-03,3.823087253978782636e-03,-2.552265297132775418e-02,-5.583632101607951398e-02,2.280679209965678564e-02,5.133059116308252845e-02,7.115191866126258091e-02,2.135204750908084870e-01,-6.652077321499794138e-02,2.459538584540500450e-01,-3.154419552107922686e-01,-7.438191784020120600e-02,9.617025236207307759e-02,5.361309650059192106e-02,-2.494001985856393322e-01,-5.194844735622937693e-01,6.306481030641503116e-01,1.533656780809407594e-01,1.451827261081273246e-02,6.113925804967605682e-02,-5.153760835425911374e-02,1.754950086625535130e-02
-4.271396417747653612e-05,5.533046851149731900e-05,5.178855478137062282e-04,-1.929667641017441529e-03,2.856870986032994473e-03,-6.752622462680848503e-04,1.320174538845000664e-05,-2.671616391128778939e-02,5.499656518315176879e-02,1.588117094646509034e-02,-1.115551218306634479e-01,-1.307849078819253996e-01,-4.163569281103970260e-02,1.681969447508907924e-03,1.032103308743521491e-01,1.009224818867488355e-01,1.510086900930991405e-01,2.973778008747623436e-01,-1.724330214464993849e-01,-9.384300500014755575e-02,7.998354390963838823e-01,1.507579333965759494e-01,-2.523617566326841199e-02,2.770409092731815903e-01,-1.890619588069888668e-01,-6.337934118078309212e-03,-1.761090088539786838e-02,4.833395123530111887e-02,-1.118625739007670372e-01,5.743941101669106791e-02
-8.067129203471023048e-05,3.954160775841436147e-05,9.826889987475443105e-04,-2.276488705763847660e-03,2.442088739210136056e-03,-3.057951602698029663e-03,1.469384308246006856e-03,-2.996110458872233359e-02,6.931043027881567120e-02,7.047662099507648326e-03,-1.975259014417823089e-01,6.495368340684949671e-02,2.263377423802243882e-01,1.519544822201223944e-01,1.710791478926781128e-01,5.185934647792262570e-02,3.506634785954113043e-01,-6.400748763375578576e-02,-3.325694979485819269e-01,6.663366109222678135e-01,-1.142542861346946409e-01,-8.917434740529847637e-02,8.530932684582442915e-02,2.983061021477955710e-01,2.050028548409491280e-01,4.604198431343517472e-02,1.218446123300144686e-02,-1.544806905527322007e-02,-3.487341415668811923e-02,-4.983341779745665244e-03
-4.833132023499004385e-05,-6.671094373874853940e-06,3.552879308818811558e-04,-7.923658704976735715e-04,1.144553549703375894e-03,-3.455070678739801423e-04,1.489979995885070373e-03,-9.125066271317410632e-03,2.060262807073631394e-02,5.366394074777728306e-03,-5.465166596962178075e-02,-5.437834030967823862e-02,5.445482835327823679e-02,7.847680341205021115e-02,8.897826309466062844e-02,2.848522586038536586e-01,5.381631856611662074e-02,-1.038146033675690916e-01,-7.603626489083543938e-02,3.151071702254586993e-01,8.008388303926625151e-02,5.713314679132570212e-02,9.103682832347512188e-02,-6.517878081413476243e-01,-5.580302529903267139e-01,-1.248249563904258869e-01,-1.789373381150294665e-02,-3.983598679332718204e-03,7.768480257130201683e-02,2.104691034051446585e-02
-6.846684885064397520e-06,6.026819080605131746e-05,3.941876275434256431e-04,-5.841874101457863750e-04,1.005932799219699282e-03,-1.144594905864732698e-03,9.214870946348046807e-04,-9.695720499544112359e-03,1.439963323137895615e-02,6.607721263522802965e-03,-4.411637306954879073e-02,-6.252223917648201679e-02,-8.029570459018034456e-02,3.412292629237181352e-01,2.469130966322541018e-02,5.785523006095707327e-02,-2.379699582425868001e-02,6.681809468465991220e-01,5.670781572491843114e-01,2.654469606808060878e-01,-1.139668882733145538e-01,1.573201508180768413e-02,1.045710622670987730e-02,4.013606101025799671e-04,4.502249075060878181e-02,-1.087280649799046151e-01,4.651087924099083643e-03,6.655288662034675867e-03,2.447368731711413795e-02,4.833534683192074535e-03
2.572362084563239034e-06,2.575276215311988182e-05,1.228597364249046833e-04,-7.810177192441799816e-05,1.916284889260916997e-04,-4.094850027874131636e-04,5.495195121721545766e-06,-4.715394139761321796e-03,7.471802636915639631e-03,3.510070108121380022e-03,-1.916819402140982134e-02,-2.371762976181165591e-02,-2.301973122839507356e-03,4.881528261878730936e-03,2.067516275701585665e-02,1.186011219353774737e-02,4.003634826376304551e-02,7.590528381312472428e-02,-5.915754936707351419e-02,-5.940513700183847751e-02,1.367758401695087500e-01,-2.397521928187703877e-01,3.558300129459475436e-02,2.429053884903797401e-03,3.590594014310129894e-02,-1.063682439656986681e-02,8.041401273369976066e-02,-2.343326023081957199e-01,6.025760218171023475e-01,-6.932891656252502255e-01
-2.933765568572709384e-04,4.955239776927929281e-04,9.196849352560520705e-03,-2.163720426989511076e-03,1.535741489963501384e-03,-1.319499226614504308e-03,-1.379499227204634190e-03,-3.159137275104051401e-02,-7.852673861176973080e-02,5.625642405298746790e-02,-1.098699455953626308e-01,-4.487534878918764125e-02,1.066639926440479669e-01,9.077148258786295332e-02,8.941664169961897057e-01,-1.739402319668462427e-01,-3.089686847452015050e-01,-1.014780398813024120e-01,8.713070858416778475e-02,-1.059258553963543514e-01,-9.318010050096111122e-03,-1.409264044693159593e-02,4.727117385807469603e-03,1.219484061480721748e-02,-1.399295312566220528e-02,2.559372040796806941e-02,7.442660406499243368e-03,-8.999441600609107972e-03,1.388104549948455512e-03,8.207903632427817481e-03
1.377919460076688842e-04,2.684687435655975000e-04,1.482373026977329075e-02,-2.783223262901540068e-02,-4.140715878619217333e-02,-1.662494013273347476e-02,1.115331821128802275e-01,-6.339166303181897888e-01,-3.294740615282787388e-01,-6.798877905424990375e-01,-1.038991958290215595e-01,-2.006237416734388268e-02,-9.146611026345610393e-03,-2.423565146966949815e-03,-2.113683863310632932e-02,9.843491571372500748e-03,-2.007925643256793999e-03,-1.965565029804148146e-03,1.302848246061759406e-03,-6.640837962076717900e-03,-1.554248415444320483e-03,-1.547772885400804750e-03,-2.010424494411999861e-03,6.591279105681258034e-04,-1.910917565568969086e-03,5.086035567883150262e-03,2.381290876400895314e-04,-6.668390428672199902e-04,-2.996764085245924862e-04,5.038482071685611600e-04
-2.074647860946502234e-03,1.691993983688553933e-03,6.567459463258282226e-02,-3.617007929034899566e-02,3.871740211468388537e-02,-1.272110017117748793e-01,-4.271528450206357047e-02,-6.513549811223051655e-01,-2.180518514690191478e-01,6.987685214120478161e-01,7.525288122392885526e-02,5.931345901083700384e-02,-3.250238805465933273e-02,-1.124483524992264324e-02,-5.814617108215458519e-02,2.022136021596915648e-02,1.216319334612463512e-02,5.896500279625719980e-03,-1.311799557579920381e-02,1.527062501410457462e-02,-3.703779493252462238e-03,-8.547357549951782683e-04,-3.412543295510429581e-03,1.647394664287871830e-03,-1.647205670680676687e-04,1.148879051247908263e-03,-4.438043492087857572e-04,2.239272718687191840e-03,5.990447398135192222e-04,4.906601137075464929e-04
-4.778121264828466552e-02,5.576719001398709741e-02,9.920292721269380332e-01,-6.561249686946092619e-02,4.770913653846845480e-03,2.295430169632192013e-02,3.132108154596417726e-02,5.706505502851046130e-02,1.739046049029025626e-02,-3.266751452228156688e-02,-1.173390910247504174e-03,-1.081941662351473474e-03,-6.619534142447907688e-04,-3.390885644902350764e-04,-4.234044947756731778e-03,4.386763754737702794e-04,1.313035569586193255e-03,3.186575212347242413e-04,-8.704030288922316326e-05,-8.018298060070282336e-05,2.963022332836517513e-04,1.229908439649150570e-04,2.078654886252196749e-05,-6.439143873794801797e-05,6.439282326880451746e-05,-1.739049566667273433e-04,-4.863818542079623435e-05,-7.837929138766908273e-06,4.839634434656140073e-06,-9.350487073545296960e-05
1.002744802310040151e-06,2.240141221365747850e-06,8.374898792920990021e-05,2.816938364994860438e-06,-1.086439312013255589e-04,-1.231143457924782701e-04,-8.178730644400768310e-05,-1.422678085542086355e-03,5.335347883199735401e-04,-6.588174625754690224e-05,-3.388737740500161362e-03,-3.771245017786236785e-03,4.582594003933030714e-03,1.604177004071385298e-04,2.230470150880294045e-02,2.289248728310671471e-02,1.619184122257164710e-02,3.555333121864173718e-02,-3.793217432979057585e-02,-5.369797761479110781e-02,-1.010778228378454435e-01,6.519927734637004368e-02,1.955750192687438216e-01,-1.359435291431789102e-02,-4.353616478280242924e-02,-4.510072389776424717e-02,4.708101745996487453e-02,6.853060256441180220e-01,-3.728896443057119203e-01,-5.703872489551394809e-01
-5.503431684487064123e-06,1.620570833378748204e-06,4.288366592545165223e-04,-6.261852943952301133e-04,6.730437502771663633e-04,-6.278380125277633608e-04,-1.371114586618460505e-03,-1.259390148921134440e-02,1.738065241271132683e-02,6.037976663922656022e-03,-4.497918222616993644e-02,2.038508766163843813e-02,-3.694847574263667583e-02,-4.260421845976346267e-02,5.492774048910689655e-02,-1.255085004934939075e-01,3.003447851361394361e-01,4.509709981792418138e-02,8.479711915866483540e-02,-1.662906638056120545e-01,2.459273662307075170e-02,2.160573379504160396e-01,7.815649766372868568e-01,-1.699669139734375500e-01,1.637181988014006495e-01,2.853995547482368056e-01,9.745636121901508908e-02,-3.558915561497702496e-02,1.407731715696632357e-01,1.488997384748089181e-01
-6.755026692333055435e-06,-9.667045222239032992e-07,6.953448679308878340e-04,-6.078334953568983014e-04,5.675084072936710002e-04,-7.363846926193659157e-04,-9.760270850800055117e-04,-1.633025709915674958e-02,2.318795841249437356e-02,6.642897677137883129e-03,-1.062879755759285477e-01,1.808941871794015055e-01,1.355681538146669696e-01,8.480897039116025438e-02,1.338527822708659443e-01,-2.590374209424156082e-01,7.008016636332413674e-01,9.099286804195017009e-02,4.130810072239733677e-02,-3.358908810584762539e-01,-1.575906349991086086e-01,1.684156508585147975e-03,-3.817495604210863203e-01,-1.372839626864623130e-01,-1.301006396052690195e-01,-9.966735224305267593e-02,2.779104997397860433e-02,9.103681827118249859e-02,6.029878973160691241e-02,4.044802578203169491e-02
-3.388095364010642892e-06,-9.449503313109096532e-06,2.007464197919236267e-04,-1.482999554118161873e-04,2.150418197576939533e-04,2.823658718622349393e-04,-2.083612062845554972e-04,-3.778046986615424523e-03,2.929742151422531134e-03,3.625055538574529883e-03,-1.194955827584103306e-02,1.556694686811669996e-02,1.602644621857919616e-02,1.043021403447893548e-02,3.068235111532462145e-02,4.041462515254309884e-02,1.235662898880513921e-01,-1.329405838745313737e-03,6.121418478420365822e-02,-7.742257908637364960e-02,-3.350845994900610025e-02,6.212159087596883650e-02,5.429140962467632336e-02,-7.937693817569482779e-02,-2.100570520866065511e-03,-9.129529353251316162e-03,-1.066562527179778543e-02,-6.641379944164980120e-01,-6.319575428579491394e-01,-3.416798847916931448e-01
2.004835716689211038e-06,-7.858039105224668140e-07,2.542069875889719035e-04,-9.924530751688882780e-05,7.151494060772482634e-05,-3.758550491192329040e-04,-4.694867069279165116e-04,-6.488310859185413525e-03,-1.488635178857841170e-03,-5.647247476304520633e-05,-9.021289305617262444e-03,-5.739358842117706257e-03,-3.882792468686376702e-02,7.757937759042560222e-02,9.601689816094119423e-03,-3.873867877357729111e-02,7.631122814970031296e-03,-9.871847128952328243e-02,-9.031283263859019028e-02,-7.624598590466044601e-02,5.810735588428084936e-02,1.086504262257440012e-01,2.134613369587482490e-01,-1.936308050247043805e-02,2.684460175119218750e-01,-9.088699605898180600e-01,-2.926627126133738571e-02,-3.332272935240756379e-02,4.297312833435805446e-02,6.248931113582895797e-02
1.812884836249985665e-07,2.012320536922370752e-06,7.420784135469441314e-05,-2.400297515123929332e-05,3.292113287460588883e-05,2.220291241371843692e-05,-1.129088727972237736e-04,-1.982803772079159716e-03,1.917316963648362351e-03,9.514993255778000361e-04,-7.227291936014561269e-03,9.244056482229417917e-04,1.780812733842935310e-03,-3.960334169501279582e-03,1.942645778274278145e-02,-2.173148840521316877e-02,5.671952741930792047e-02,2.671628750107035363e-02,5.338349817152311140e-03,-3.536872714047756966e-02,-1.375814049337045460e-03,-9.715498186924693969e-02,8.739966271025989553e-02,-2.768567523092613919e-02,3.158931416431979416e-02,4.833518115398181825e-02,-9.841767624003490145e-01,2.723062992147621403e-02,3.073034434465801712e-02,-4.888201983687159857e-02
-7.438367441537898674e-03,5.785036898507160078e-04,-1.031825413643802127e-02,-4.901111039042540390e-02,6.510277314647036628e-02,1.184114859579224049e-01,4.506085062477235142e-02,3.381360942310627782e-01,-7.904223934449925437e-01,1.391400694935819859e-01,-3.982345375586471836e-01,-1.925393493774207876e-01,6.622989261385943405e-02,-5.103132105282096737e-02,-1.198251445612097954e-01,-1.950129640668045450e-02,3.016688058770381625e-02,4.297575629539386426e-03,8.982272821113933270e-03,8.228690371512645610e-03,-6.610108864619397735e-03,9.593320981756636723e-03,-3.782717752341104456e-03,-4.044033678448079663e-03,5.322029715270993298e-03,-4.071775451097452495e-03,-4.681514534262133892e-04,3.549468202004339647e-04,-5.631882643500859317e-04,-1.465383556810695431e-03
-3.113810916713088094e-03,2.012641784824433649e-02,-6.036223699126289782e-02,-6.695960459364650452e-01,-4.556430781276152309e-01,-9.513355490053597430e-02,5.656808697639205130e-01,5.284400342293427144e-02,4.440714761386113651e-02,7.401864286629343537e-02,2.498565923231496275e-02,4.295727528143269622e-03,1.038632195075550168e-03,-1.631494044957879259e-03,4.863511096569380146e-03,-2.731015009028316121e-03,1.101864583217162857e-03,1.607237877809367154e-04,1.061832001631212927e-03,8.937219413927204948e-04,1.303257182490506804e-03,3.724755454909226015e-04,3.465994819512185237e-04,-8.946978667564493446e-05,4.258212532306476610e-04,-8.469982773777808569e-04,-1.263295255674804217e-05,9.726283175028037646e-05,-2.579388308786943762e-06,-2.019659908724168813e-04
-5.126322258215792321e-02,-1.667827539965280586e-03,-3.353855654065691916e-02,-5.193173617767913308e-01,7.224828101602119856e-01,-4.256591080436954999e-01,-1.034964625945401367e-01,5.529964215772574521e-02,1.583709931741323490e-02,-9.329775823788773181e-02,2.310972146636708011e-02,5.799135778995707750e-03,2.707749566159092878e-03,2.649152900009647208e-03,8.579053839579631191e-03,-5.851749834936117642e-05,-4.987919426162543135e-04,9.041201349375881319e-04,-1.766283481950458656e-04,-1.248030309022214301e-03,1.422126956734522238e-03,-9.669082651664341046e-04,7.240108019141107193e-04,-2.313953813144971382e-04,-2.956958581106996380e-04,-6.386025346558822798e-05,4.650302780673306338e-05,-2.055969427514714812e-04,-1.836878117812489975e-04,-3.647802492695438376e-06
-8.555333703622662878e-01,5.109640993425555999e-01,-6.729417933508313743e-02,3.778984816066153357e-02,-2.270782040937467314e-02,2.035521836507808713e-02,-2.643789486470468847e-04,-7.874338343989218877e-03,3.789541009202813428e-03,2.989065374971449241e-03,2.176949523470278047e-03,1.082477221871817451e-03,-4.288155192142954525e-04,2.335132943166770125e-04,4.751798591660612108e-04,9.502345330863838971e-05,-1.362784621056232560e-04,-5.275733783803021192e-05,-5.583555190154766636e-05,1.906485290024652812e-05,-2.015474166603846681e-05,-2.472954448300015653e-05,3.477999731718503710e-06,2.729817940259540512e-05,-2.033550349680755140e-05,2.450933992530478448e-05,3.506807040723656407e-06,5.404814161606021079e-06,7.227203192224065370e-06,1.026425046025828194e-05
-8.200694559125949943e-06,1.257214819584464844e-04,-1.146065048212477995e-04,-5.862656162121724192e-04,6.402827421874391581e-04,-1.458364408340098901e-03,3.893301509504900997e-03,9.781757309857076928e-04,1.476117936263120559e-02,7.496649333493239295e-03,-4.615478080532199601e-02,-7.267514359519763878e-02,2.480472684767752803e-02,4.727870433189813870e-02,6.235867651568621078e-02,3.760429320247533624e-01,-9.212460320703978744e-02,3.704832014481811431e-01,-4.589652618798930606e-01,-3.192767284950983053e-01,-4.723786522284032507e-01,1.031509939407128512e-01,1.216741764572251000e-01,2.252549635087462698e-01,-2.496966057659641414e-01,-3.454418189405622508e-02,-1.219475281454651151e-02,-9.773973845924428805e-02,8.084600595086197106e-02,8.191674270679863423e-02
-1.173129634881842054e-04,4.205271283160603806e-04,-8.023868503290607296e-04,-7.882074417253519261e-03,9.428219282379616054e-03,-9.015086183953628651e-03,1.265843423292419782e-03,-4.074734394480241523e-02,1.661466332893044018e-01,2.819816192938016247e-02,-4.027875790207164908e-01,-1.035440832695005836e-01,-7.475206932953768479e-01,-3.961737669777465887e-01,1.338016922730567715e-01,-4.676339664535842863e-03,9.512314343415481654e-02,-8.806015134140513304e-03,-1.856106185410859788e-03,1.281959872858858540e-01,-1.435575299194536136e-01,5.895788690577654506e-02,-1.063600426695546358e-01,-1.153976354405171489e-02,1.909427835097676079e-02,-2.636127830532655758e-02,-6.912570136262781266e-03,-4.167384964941138817e-03,1.412142677190574361e-02,-2.573255161985876088e-02
-1.778825320654172802e-04,4.357820767077929592e-04,-4.454872458306718443e-04,-8.332937043706667088e-03,9.179643009173130488e-03,-1.037205403819422417e-02,5.796185039798906931e-03,-4.702336435707789308e-02,1.934573337810023275e-01,3.576138750639199643e-02,-6.453262936123046467e-01,6.030286744504687046e-01,1.888563764184772731e-01,3.687134233726740290e-02,-1.788525235889816822e-01,-2.923113291423048987e-02,-2.984538198635893202e-01,3.625128929726353921e-02,2.722882684650591509e-02,-8.604375246674747513e-02,7.302264447694056804e-02,2.316473553792809323e-02,4.131982261832640307e-02,-4.095229501578648984e-02,-2.879641851334413180e-02,4.504805512818964991e-03,-8.007254339355554182e-03,-7.661027195271462135e-03,-2.269880837267754421e-03,-8.110322981716518512e-03
-7.837408449851581522e-05,7.986341432430709938e-05,-1.477235135544420497e-04,-2.138050646071534659e-03,3.111190533562509936e-03,-9.190564820161654979e-04,2.879992549918422053e-03,-5.437805063227402896e-03,3.507564707609981541e-02,1.746490775054267489e-02,-1.191370082124056096e-01,-3.761823548927959154e-03,2.744085355735142659e-02,8.428369627353421434e-02,8.289667404159167807e-02,7.432800190319873712e-01,1.909855537506663647e-01,-3.607297977424952506e-01,3.875018381615001339e-01,-2.004533953100824661e-01,2.934567046893402781e-02,-5.242749073664432907e-02,-3.196552372856838187e-02,1.510425969373121735e-01,1.576811331947329253e-01,2.800910576728152593e-02,3.054694736752904070e-03,6.715700081552521128e-02,4.439194333899515454e-02,2.204655629113340745e-02
-2.117092460383069921e-05,2.414489447033570015e-04,-5.532968460300657703e-04,-2.143138959669765690e-03,3.232564483243228256e-03,-4.869373503885149508e-03,5.383445730147709378e-03,-1.239654282025853599e-03,2.400432015779829786e-02,1.942981325932875702e-02,-1.196646235724072999e-01,-1.241131712783327817e-01,-3.932523382048357941e-01,8.081029985354039047e-01,-1.268545217051623708e-01,-1.436581890940080708e-01,-3.587292106331307212e-02,-2.509643976688296640e-01,-1.624980484486922561e-01,-1.204892462661374397e-01,1.488417385548710184e-02,-1.416931202817027328e-02,-3.144914830139098477e-03,6.831886930525598103e-03,-3.625034568861652123e-02,1.319681406387420985e-01,-1.845172291870381337e-03,-1.234964064629624639e-03,-1.887101139918185080e-02,-9.081247142154021817e-03
-3.196648850613349247e-06,7.722870603662961909e-05,-7.829487367540077290e-06,-6.116735404182040798e-04,7.988697112604608045e-04,-5.293979120912505358e-04,1.038788898785021359e-03,-4.989342654675563669e-03,2.003419885851868282e-02,7.626832443481654233e-03,-5.896625140612792720e-02,-3.326403758194875632e-02,-6.967603000323373263e-02,-4.153277430861695985e-02,1.229324711506483286e-02,1.326756466439541447e-02,3.874239437315565859e-02,1.227052646210459869e-01,-5.543335920485277513e-02,-1.169664514318080467e-01,5.614965881577948376e-02,-9.007546039985681041e-01,1.994576430690727376e-01,-8.844179775654477382e-02,-3.005270903644791797e-02,-6.376076541744234161e-02,1.006579297138486401e-01,4.855071014784080596e-02,-2.003758612782123028e-01,1.870455020265553436e-01
