-5.038006260361704673e-03,8.466896642821457319e-03,1.193767823078680825e-02,3.576567628296230955e-02,2.755073005204829173e-02,-1.308528716227582434e-01,-2.868025021485977322e-02,1.050404446358310928e-01,3.273018434856309056e-01,2.303259056050917797e-01,3.854042838002318949e-01,7.294240975899203283e-01,2.114527497702275993e-01,2.386023260165570994e-02,1.886847307626103587e-01,-1.602296488889093651e-01,5.606550267413947658e-02,1.123406897506435964e-01,2.382611641921092774e-02,-2.484374987342620467e-02,5.194899640206363661e-02,-2.825861687702405783e-02,-2.925073245138389011e-02,-7.177336914791472046e-03,6.233745985561214842e-03,1.475151844461661471e-03,2.308391887620802566e-04,-2.834540883961102209e-03,-3.414800979984301561e-03,5.582490985193828926e-04
-2.227477872251708204e-03,-5.413531339238220920e-03,8.231417978631746374e-03,2.823561754565069859e-01,-5.113965454681660416e-01,-1.913721068789419333e-01,7.833967572552881231e-01,5.502824567468608125e-02,2.680573719899160580e-03,5.698233646915128181e-02,-4.382252358770424155e-02,-1.681851200806464388e-03,4.919497905880530417e-03,1.405229759484557302e-03,-8.007778810987133469e-03,-1.734968337283299090e-03,-3.485849416095828431e-03,3.022082898927580638e-04,8.029278478372937173e-05,-6.027060024169100414e-04,-3.294656940898972423e-04,8.770181926791897399e-05,-4.500739812262939004e-04,2.754043322355115438e-04,-3.457090668323125043e-04,8.245542900157805085e-04,-4.732639629601569114e-05,-4.290631204528703732e-06,-2.497397770016224010e-04,-2.699628474529049442e-04
-3.483579429369260128e-02,5.727153814912783886e-02,6.949697719516109706e-02,3.704331825452148452e-01,2.416863186520953888e-01,-8.538349979070861684e-01,-1.735682924251333581e-01,-7.199308708018166414e-02,-1.291792640572049511e-01,-7.831245717615001323e-02,2.951886184193439500e-03,-7.841658693777435463e-02,-2.226708467641726544e-02,1.487493246047375071e-03,-1.393408177456658716e-02,2.159423978075864989e-02,-1.161955805764241720e-02,-1.724560122468211595e-02,-4.074479981394125462e-03,4.612978730673155986e-04,-8.277922253979502418e-03,5.492536286472453518e-03,3.219979241663230643e-03,1.848453053578287975e-03,-8.195846083886561230e-04,3.259021523791906841e-04,-2.510189216428687409e-05,7.676519785476472631e-04,3.730800355265935205e-04,-8.379757568932185915e-04
-5.277662693642631853e-01,8.452664097337542204e-01,3.627992785445679352e-02,-3.986517885668596634e-02,-3.686485080626066002e-02,5.149479416425657707e-02,6.449011103524987347e-03,1.907798237811857926e-03,3.603764082436895604e-03,1.001872008602402650e-03,-3.010471471835166665e-03,-1.585231169174101474e-03,-2.649302107275199871e-04,-2.695569489925210191e-04,-4.992569912252765602e-04,1.504382645205576375e-04,1.118782015018756661e-04,-1.790438416935412130e-05,-3.627742166327651186e-05,1.710172841631792942e-04,4.499760767966081245e-05,-6.745583360104657230e-05,3.819564835964321187e-05,-2.254545657282837787e-05,1.003070966160685395e-05,-1.357423272962081673e-05,4.136032279920329217e-07,-2.184524590954920861e-05,8.615009446814754490e-06,3.287542971549624511e-05
-4.401079175268093172e-06,-1.371704668949799394e-05,-5.401083575074882534e-05,4.354824395052122286e-04,4.667282391988464068e-04,-4.723082898926476525e-04,-1.543823140094202455e-03,-2.542408058579877402e-03,-6.113370244961135493e-03,-7.740956325904877963e-03,-3.298711004741796543e-02,-5.387107784985748632e-02,3.005281344920328682e-03,3.326678671877654481e-02,5.943016873160050784e-02,-2.506540132544540778e-01,-1.532342015788604184e-01,2.637822146563343351e-01,-2.198987722088686647e-01,-5.863767328384571903e-02,6.819759901855466499e-04,-1.034335166795648658e-01,6.337320508846616685e-01,2.547075137220921603e-01,5.283691901848883710e-01,9.597870457394470922e-02,-1.619323394425505264e-03,8.348565273049289581e-02,-3.125131005206300411e-03,1.049424779402891583e-01
-3.935310980200022274e-05,-1.147100362459779474e-05,-7.585056534991171549e-05,3.763491347404017331e-03,2.025018723916191272e-03,-1.044829606429351554e-03,-6.032345417807311906e-04,-1.908276333806765285e-02,-4.871625001592427839e-02,-4.985110984630132525e-02,-1.134150346365318252e-01,-1.043495501308809303e-01,7.628953732002401178e-02,-4.080111413898315081e-02,7.283717115341734050e-02,-1.732009555632977871e-01,2.127046617545525209e-01,2.413776516905144498e-01,-6.993453632166631018e-02,8.586161811578606196e-02,6.705103238228306006e-01,-5.391417000836267182e-01,-2.004198490939292088e-01,-1.134347926045330690e-01,-2.180110075135291772e-02,2.892509997958547449e-02,-2.045938283251835799e-03,-1.545147479883062468e-02,-7.699805162748214749e-02,1.080312343025963823e-01
-8.258127957556674558e-05,7.395999814173887269e-05,-1.745745514553718309e-04,4.125597989806209162e-03,1.486976418030149655e-03,8.280922616266255280e-04,-1.410463274781428118e-03,-1.953700262586578057e-02,-6.778758653472623241e-02,-5.816784376796255152e-02,-1.815727940679941754e-01,2.769234144267812212e-02,-1.919778088217475587e-01,1.233359161457765751e-01,7.788155632231763548e-02,-1.624362091925601881e-01,5.139766316450578021e-01,4.335621228148433537e-01,4.175355138145110390e-01,-2.254838178087425204e-01,-2.311498992975756783e-01,1.540662368059417531e-01,-2.292989530137518883e-01,9.692282774348046082e-02,2.321158894429080355e-01,2.749275953642914879e-03,7.689993115617778157e-04,-2.674575121832942562e-02,1.451179084147750931e-02,4.567637228953258521e-02
-4.739653120416391298e-05,4.257736538827194860e-05,9.107967814768181176e-06,1.496222368894743054e-03,7.659008008429171776e-04,-5.173336998302500945e-04,-1.135711001937000442e-03,-9.201279704854811378e-03,-1.652844563239374079e-02,-1.663361702678329765e-02,-5.915047649685225423e-02,-5.078163026823024478e-02,-2.507867099382469350e-02,3.192895798912932792e-02,8.818562232039953153e-02,-3.270997463337304567e-01,7.728977748360510436e-02,9.065650553801048173e-02,2.640087531740166749e-01,-1.350525344015511275e-01,-2.599540140399315882e-03,4.561270257699889287e-03,5.519559357771486319e-01,-2.234478305996580039e-01,-6.436311687568067041e-01,-1.169848345474351625e-03,4.657602282566120078e-03,4.231838736075082749e-03,-2.015846655182854455e-02,-7.356491752516991500e-02
-6.962413635538670653e-06,-3.380531474239851125e-05,-9.895295824143151317e-05,1.225973444750642774e-03,7.640780873629360705e-04,5.308510525063389477e-04,-4.643933458359555326e-04,-9.721720724426816812e-03,-1.157146169285669553e-02,-1.744722758457379827e-02,-4.582261164369382661e-02,-5.165433224395020451e-02,1.304667450459164879e-01,2.973495108630759276e-01,1.142556793055648640e-01,-9.465048443631904340e-02,-4.611003153179007996e-02,2.191792724335376585e-01,1.034734618813987206e-01,8.729618262674724294e-01,-1.321381339795153764e-01,9.738718063306123218e-02,2.524623543372783111e-03,-4.170861796689204182e-04,-2.792694128676983384e-02,-1.282956828532238747e-01,-3.237292764314568787e-03,4.912474123442431631e-03,-1.900915677690284949e-03,-9.017414162527298549e-03
2.567209551492048410e-06,-1.386671394027639014e-05,-4.164079954902087796e-05,2.932693476360691558e-04,2.015057953300202832e-04,1.056454548868732005e-04,6.311725166830911625e-05,-3.377090696107783088e-03,-6.757502764591466829e-03,-8.865019774389351279e-03,-1.827905128870786766e-02,-1.711676084256918279e-02,1.131933956907996662e-02,-8.181467749258673761e-03,-6.222980812947585469e-04,-3.747163208706525556e-02,4.498402866606623918e-02,7.765253744774362754e-02,-5.881230059447876274e-02,-4.446713265452714205e-03,2.263090737153236609e-01,1.214033525196316493e-01,1.806456510449089281e-02,-1.748981808234009380e-02,1.014312667161165193e-01,-4.874451064397584271e-02,6.413245790217941833e-02,-2.609693207555354930e-02,6.044781347667871341e-01,-7.325751964879141376e-01
-3.269117166928719206e-04,-5.456415600312180576e-05,-5.449346011019833361e-03,4.407042188323644777e-03,2.326672560120284037e-03,8.940115293355250679e-04,1.208908991654006858e-02,-7.541851870153223891e-02,9.330332449228456726e-02,-3.432657922947993101e-02,-1.064209883679034796e-01,-9.959942849581480961e-02,-1.444333880856173424e-01,5.830774905754349674e-02,9.325382751175972373e-01,1.773863722845600843e-01,-3.131771279824548809e-02,-1.639599542326419523e-01,-5.744374575501421526e-02,-6.225909320827726495e-02,2.245247519570737690e-02,2.037314806281771001e-02,-1.209904703821454083e-02,2.580138576308812701e-02,8.695869032320967251e-03,2.014282245654753362e-02,3.515811634261196278e-03,-7.860348364237023863e-03,-5.129020723377636197e-03,-1.655539190759141785e-02
1.947328139541228644e-05,1.223756567825802868e-04,-3.818325818335133615e-03,1.726446038951599468e-02,-3.439924786179557326e-02,-1.599725092375348448e-02,-7.030485611566474058e-02,-5.282652984922937556e-01,4.395699137539009135e-03,7.872680219327840012e-01,-3.016563946543930341e-01,-1.256960754643301342e-02,2.602569005212571063e-02,-9.823988998366818548e-03,-4.681390985838666807e-02,5.173272170604993267e-03,-1.474272708316619329e-02,-3.870823391238328859e-03,1.606415497623075593e-04,2.630880154047940506e-05,-1.825414306589599135e-07,1.643831251386430013e-03,-4.487019582362145563e-03,2.381313718384672415e-03,-1.328547116771356708e-03,4.283468651263901660e-03,-2.793602062592639361e-04,2.411399040631803528e-04,-8.887538157000871670e-04,-1.494454032726941261e-03
-2.399531462990099270e-03,9.752531980572342772e-04,-4.113216751148799505e-02,6.208998774571276164e-02,2.872363855985887032e-02,8.151546680896709640e-02,1.173136100847584073e-01,-8.161171614686578701e-01,1.967231394293332825e-01,-4.667057638915845796e-01,1.909065285121254452e-01,9.320876872744025821e-02,2.312932468392323027e-02,-4.572348403048744070e-03,-6.151359660952421260e-02,-2.477936322540704242e-02,-1.084443309804839981e-02,1.782133058394243588e-02,9.381059875023427599e-03,-3.115006824629434207e-03,-3.901135204542604661e-03,-2.582803944058812296e-03,-1.749870965258228323e-03,9.431403861378501825e-04,4.931166534522898231e-04,1.616211607001868901e-03,-3.864374315613912782e-04,1.647879013342668864e-03,-1.113172521465803942e-04,1.005507161570087706e-03
-6.120178265969467707e-02,1.197623146809346020e-02,-9.906501661711637485e-01,1.042304223516322542e-01,2.836747390453652623e-02,-2.447092908293845362e-02,-1.921484667347020739e-02,4.148748867697560350e-02,-4.175832907502933025e-03,1.756783876249369894e-02,-5.399533451756322218e-03,-1.916650823130666703e-03,-2.537759611856466480e-05,-7.895630122696652804e-05,-2.401108423225017420e-03,-1.143711012151572473e-04,5.123701804472416237e-04,1.569215396653056861e-04,-4.286878966466843609e-05,3.976284102628666159e-04,8.723550573819120800e-05,4.157178486288111348e-06,1.065272935326110645e-04,-2.031593646378350741e-04,-1.045471780266344367e-04,-1.299821090390269700e-04,-5.249651809001056143e-06,-1.444136357130256484e-05,2.685749132051250046e-05,2.340742835309500021e-05
6.464229991704551770e-07,2.050991332466497293e-06,-3.195225994316743630e-05,-1.753964016498360702e-06,-1.565282594745357055e-05,-5.220950725111845648e-05,2.972110859240337005e-04,-1.459271716263091856e-03,-8.685946186223022407e-04,1.238836429704776748e-04,-4.963654523178831490e-03,-5.421928550328340528e-03,-4.050505836309521886e-03,-1.980940373865258675e-03,2.293945142258595540e-02,-2.554106942655936727e-02,1.298583409657910748e-02,3.440663503279766527e-02,-9.136301202775037877e-02,-2.139572640620371682e-02,-5.530218791113988841e-02,1.134536719965356134e-02,-8.383746658618834724e-02,-1.112634781585545296e-01,-9.362895127051730493e-02,-5.145075082641813180e-02,8.065038141399118177e-02,7.634867526507120861e-01,4.808913877172482088e-01,3.659299496749928160e-01
-5.345078943232005957e-06,3.911959402736739827e-06,-8.727504260617431956e-05,1.104609821914698947e-03,4.105572622044608138e-04,6.407827823903624090e-05,1.618277991374968442e-03,-1.058579727696842658e-02,-1.673807628738325365e-02,-1.423320953388221809e-02,-3.702865259373513268e-02,3.769719232903016165e-02,3.952163143076499463e-02,-6.777671101722178293e-02,4.335566513917805780e-03,4.986098441700236028e-02,3.445836493849177007e-01,-7.000500956170871425e-02,-2.715345674831661782e-01,8.917514628557890455e-02,-1.059012365415385876e-01,1.439102941084990650e-01,1.401574030926644732e-01,-7.729183835170972960e-01,2.700216595598429192e-01,1.609430715074101625e-01,1.323968404762393136e-01,-1.740449830330322717e-02,-1.288483573460015019e-01,-2.015736030226440365e-02
-8.319685191744801477e-06,2.352162716320517911e-05,-1.327426811014811880e-04,1.178801231932633626e-03,3.679911982672785927e-04,2.143891003093146164e-04,1.373157328229513080e-03,-1.179955233432222403e-02,-2.614483357671943189e-02,-2.423355477809871830e-02,-7.410586837444048391e-02,1.308931456842672703e-01,-1.107794533537621723e-01,5.051134290983463893e-02,-5.723876338881800363e-02,8.298402248938542558e-02,5.802422496951016306e-01,-8.655397393698119335e-02,-5.494285899385161764e-01,1.091161308089971527e-01,-1.034061254144521408e-01,-3.412262490791356795e-02,1.065394546093433870e-01,4.150394969360581277e-01,-2.747898500980616165e-01,-3.253729177738542977e-02,-1.710123568032058394e-02,6.642012221939073979e-02,-8.686751986283824944e-02,-9.349387175931905825e-02
-3.309461319618679015e-06,7.012440338165962957e-06,-2.942148024798796175e-05,2.870572883925812590e-04,1.629683079246187617e-04,-5.074377458892188929e-04,5.426700962323845624e-04,-3.904032407516362657e-03,-3.253963827986237206e-03,-2.042259785213101832e-03,-9.163672428704493222e-03,1.266933184690565393e-02,-6.015406059516802129e-03,2.206650446736037807e-04,2.271680119236645611e-03,-5.846356665962099131e-02,8.644295912586340280e-02,-8.939286297890342015e-02,-1.016394157257176772e-01,3.797362477010828713e-02,-4.013571202535977378e-02,1.329280528545235247e-05,5.107312232378114630e-02,-4.566847299893666071e-03,-5.406033146142810719e-02,1.745404855204983618e-02,4.386972229854133737e-02,-6.188428460751339566e-01,5.793626360364999561e-01,4.909276832344696695e-01
6.060680358745539930e-07,1.265057288493737574e-05,-9.157533563419037914e-05,2.076304412157454332e-04,1.033544589885338529e-04,-9.460232668625067956e-06,8.124038970532461998e-04,-5.663726900940806337e-03,-7.780982837616800770e-05,-1.062781188265440185e-03,-9.635171355391360104e-03,-3.285062308418261034e-03,4.889071823231910807e-02,9.033966060776009444e-02,2.961806205401607060e-04,4.151496683179674296e-02,4.544720564821962128e-02,-3.514602358907407270e-02,-4.647457404509303114e-02,-1.458344990609825864e-01,3.821597371214355190e-03,-6.915691759472493427e-02,9.297645768614413997e-02,-1.236646907397748324e-01,1.163049979493604030e-01,-9.551390252467956143e-01,7.599414874660291759e-03,-4.643823704584701395e-02,-5.433249624522087928e-02,3.377081777848098265e-02
1.570330857708836443e-07,3.373121170042582438e-07,-1.714274467440596368e-05,8.590001216548277406e-05,4.192872367232214277e-05,-9.192854631156348354e-05,2.832189905434209527e-04,-1.738806286427882573e-03,-1.860747090807365368e-03,-2.177750341201798150e-03,-5.252055034487060174e-03,1.870483613459713625e-03,2.562718682574683694e-03,-1.138953952190348631e-02,3.823024547731299072e-03,1.989098606115628949e-03,4.703842130328118182e-02,2.198734565677111421e-03,-4.672452022149665291e-02,4.614832834448913748e-03,5.535147640061888197e-02,1.092379190603745553e-01,2.176393883304731172e-02,-1.135954440516970393e-01,3.175302215759080726e-02,3.274275389192108331e-03,-9.792202013954711681e-01,3.050715207549022090e-02,7.472222067902643816e-02,2.451993042830803715e-02
-6.925603758989692937e-03,-1.233202241776012705e-03,1.481893148252869281e-02,6.401151318615994068e-02,3.952211174845070979e-02,-7.187056242813454066e-02,-4.599561596422570287e-02,1.446674100610427782e-01,8.735945931000885789e-01,-7.136926879020598358e-02,-3.875183050571359145e-01,-1.483711750918919603e-01,-4.415686804023524759e-02,-3.837725234779388456e-02,-1.437127033831605560e-01,2.540200031017622595e-02,4.562745196549284656e-03,5.823897230684499035e-03,7.067313771129897330e-03,2.016323799749583645e-02,-9.285286837763506371e-03,-3.420493781120168258e-03,6.227272164517605978e-03,-4.747679689384768330e-03,-1.113490946217094227e-03,-3.434196256962889372e-03,-1.886154240679750944e-04,5.742001296920028761e-05,2.079973397525582482e-03,2.676236109139464633e-03
-3.083164400553169409e-03,-1.612540840221292002e-02,2.927900185072292855e-02,4.085969127327852002e-01,-6.989610420573638683e-01,1.046700260588622339e-01,-5.690674540979849816e-01,-1.202763668610946392e-02,-7.689683224521591315e-04,-7.603318682287035779e-02,5.040293856267012013e-02,8.806818605221479164e-04,-4.855139226818833316e-03,2.822745293532658668e-04,8.706577897471501695e-03,4.529510059423162401e-04,3.518761419709026238e-03,2.989009069150742920e-06,-3.639546548323894224e-04,4.922155846380058160e-04,6.100178007184200871e-04,-2.006243435265577272e-04,6.003189002357735889e-04,-2.699298346776954198e-04,4.011068852286164073e-04,-7.637736268112986461e-04,5.140506819438231742e-05,-8.046983313300812022e-06,2.166969631501675043e-04,2.406980455721167641e-04
-4.830359742716443944e-02,-6.290945588590612057e-03,8.810315746974327344e-02,7.692147717850376099e-01,4.299642684305226004e-01,4.360510835845529676e-01,9.882597700788342543e-02,7.648854994750922676e-02,-3.601819136354082046e-02,7.733989185869348526e-02,1.347494304080862869e-02,-1.378494346418719738e-03,-3.469301029381668261e-03,2.494619376350305957e-03,7.548707469499232013e-03,-5.611677892224422844e-04,1.977084457669460969e-03,5.389846040275396303e-04,-1.443973340623274466e-03,-1.966403081827031944e-04,1.536090056424805088e-03,4.338605862978090182e-04,1.071916461714991856e-04,-6.330626216691420183e-05,-6.337946958411759361e-05,-1.740473079743280152e-04,4.377880089020024841e-05,-1.923415414651310129e-04,-5.630140806886964474e-05,-1.363354350390799977e-05
-8.450305379783623616e-01,-5.307523052261176044e-01,4.098600572199383174e-02,-4.504700792927167352e-02,-1.024614806874301134e-02,-1.886065819969634169e-02,-9.059564998693017375e-04,-5.176085541882203579e-03,-4.211576434003948960e-03,-2.325594284598255825e-03,1.866492528337239821e-03,9.658707328504451172e-04,3.691853578059796793e-04,1.287296033505478071e-04,4.663512467816436171e-04,-1.106615193276500736e-04,-1.045054463918381154e-04,-3.396880117478059524e-05,2.184621258944401804e-05,-1.150472385053620512e-04,-1.361485054309730602e-05,3.386715438164334982e-06,-3.550883932801370663e-05,3.202350685343337793e-05,1.020203490958492729e-05,2.069165915593858428e-05,-5.966868901453071515e-07,9.029259919881815587e-06,-9.690626151983841171e-06,-1.234339622451350114e-05
-6.363054704559949045e-06,-6.773658702792155581e-05,3.577792761394323832e-05,7.704108125276122685e-04,4.107444793901727370e-04,1.284546171784882451e-03,-3.836259271586056011e-03,1.824935644543954853e-03,-8.682483086635934058e-03,-2.032848993550009919e-02,-5.526470387759985919e-02,-8.097072854859070634e-02,-2.512098914963770482e-03,3.588686359889327326e-02,7.275947781203360998e-02,-4.003691822262250288e-01,-3.250031338780930978e-01,3.651298867844093854e-01,-5.149472504903265246e-01,-1.788360678466012765e-01,-2.854922521271082148e-01,4.569156255481656576e-02,-3.582800987855996877e-01,-1.218285685662304774e-01,-1.865984634690330823e-01,-2.956585136089564733e-02,-1.374436057327981485e-02,-1.128146356328293687e-01,-7.031934791520709493e-02,-8.088641481047882664e-02
-9.269691372945583529e-05,-2.746550079082879623e-04,5.258733662221757926e-04,1.217228854204780754e-02,4.045605507978940023e-03,1.265843945564201246e-02,-9.011080881638556736e-03,8.697413633247471796e-04,-1.308333581014493041e-01,-1.602312313994722348e-01,-3.676610808190894919e-01,1.032801496417555254e-01,6.921937086717430132e-01,-5.090506916539974114e-01,1.204047586031119083e-01,5.138734660485873296e-02,3.656061004157066391e-02,4.384698855506775905e-02,5.941426603177505511e-02,-5.230940632240056211e-03,-1.852118321272108736e-01,-1.835423728899491375e-02,8.171878406225253563e-03,1.084813724907251892e-01,-2.090883144039784244e-02,-2.622461000798536127e-02,-1.450456287707200913e-02,7.942881910295578225e-04,2.134852570042636635e-02,-2.176496308773562260e-02
-1.545827794790347357e-04,-1.391863889561399388e-04,6.346867020733752132e-04,1.309533951370982566e-02,3.482999839356618142e-03,1.548971264177613841e-02,-1.387411124484542319e-02,1.830157713131295560e-03,-1.941349670190102572e-01,-2.068560378358648699e-01,-5.748731970939408020e-01,6.014540011757149029e-01,-3.143677386276249042e-01,1.464036844262752712e-01,-7.491861392226215055e-02,9.213121770685796241e-02,-2.670575554401087293e-01,-2.631674678985747654e-02,-6.868823865699798768e-03,2.855256831540621543e-02,8.844191158225801763e-02,-4.968381131483565888e-02,3.356082548595513970e-02,-8.805711995415846371e-02,-8.634905731892407801e-03,7.104422403005265438e-03,1.058886409430894555e-03,-1.576126396642791921e-03,1.104334301467393802e-02,4.242952911282150789e-03
-7.029913439391316564e-05,-3.308916805120599519e-05,2.867111643778681284e-04,3.337979764603448297e-03,1.644237988227401385e-03,2.003638827191542987e-03,-3.703286668859375082e-03,-1.412060367495087234e-03,-2.491460927602286851e-02,-4.207420808623856673e-02,-1.151843468073447674e-01,8.749272419012299462e-03,8.160623714931132186e-03,1.125391777372316236e-02,1.752597850381965028e-02,-7.102156249966714574e-01,7.589404657093247464e-02,-6.333856728129660940e-01,6.763909662763235853e-02,6.205449001762453759e-02,5.696495379677072972e-03,3.940703387834606358e-02,-1.419586458474167423e-01,7.557201233949641106e-02,1.680224377708200434e-01,-2.247025348619539550e-02,-5.027853969839362128e-03,6.956422963471108056e-02,-3.973303507070694712e-02,-3.651357101617427187e-02
-1.376589108955060017e-05,-1.612606171513500549e-04,2.471056736212371460e-04,3.041008695896614197e-03,1.533008707948060618e-03,6.370989172669845081e-03,-6.518752179036958923e-03,4.764822055578766570e-03,-8.466556425755918450e-03,-5.394991902145896551e-02,-1.139429376004636452e-01,-5.558638269756269179e-02,5.204961751996547425e-01,7.646948948169184357e-01,-4.956474125109351647e-02,1.060616333060596106e-01,2.668374094625362500e-02,-1.080162092322295708e-01,-3.800963313631181006e-02,-2.696947673950864655e-01,4.079893200509782797e-02,2.841882387853991113e-03,-1.067965771266291865e-02,-5.334488315082886942e-03,-5.847004145558133519e-03,1.514523067335877549e-01,-1.135777447562607559e-03,5.355699102888426301e-03,8.081295765430117350e-03,2.279133939377367586e-03
-4.947576797715262227e-07,-4.839586969898097705e-05,2.223006785024336023e-05,1.054020544193667039e-03,3.978931010115777035e-04,1.118427698586454706e-03,-1.249713033080935730e-03,-1.320172819159599843e-03,-1.516548626811525802e-02,-2.588103819427131635e-02,-5.413140762216550606e-02,-2.532119061408761099e-03,7.080697891762072205e-02,-6.902407239469912636e-02,-1.057082920093019339e-03,-4.781358300783315057e-02,-1.560612489813311896e-02,1.006817954924456582e-01,-1.055268935218518084e-01,-2.561508978466827541e-02,5.195601816523499616e-01,7.773091255061659322e-01,-5.503484286597475463e-04,1.073112111829931103e-01,-5.275712886074959002e-02,-5.826752085176213625e-02,1.011307273236245613e-01,-1.179136319984254054e-03,-1.457270273352931078e-01,1.964897804289136019e-01
