5.210148195776316549e-03,-1.070597447448868277e-02,-9.098575538998624618e-03,-2.511188278299635382e-02,-3.157073221284171366e-02,-1.388192301672639128e-01,1.455725357130655158e-02,-2.045122763130539645e-01,3.141566835750964071e-01,5.589775234333183018e-02,4.181181727586604224e-01,-7.371081944136260722e-01,2.593146361034569525e-01,-6.975277676817256967e-02,1.021988098267957307e-01,1.078407676920608016e-01,-5.167428200164831537e-02,9.458666290051817582e-02,-7.525622580199640976e-02,-3.883930552950608239e-02,-5.232237286376707069e-02,1.550656801001038324e-02,-1.089590080139210201e-02,2.719361737921993649e-02,-5.686510445689445942e-03,1.217130951529294455e-03,-3.539086466873868873e-03,-2.175783572023044961e-03,3.082795226162934454e-03,-6.307337734672850867e-04
2.817274344578564720e-03,1.499094046260184346e-03,5.057931174584436203e-03,-4.035080687851527736e-01,4.171006587755896056e-01,-6.851506492946353444e-02,-8.055398228623257273e-01,-6.036367062939918850e-03,6.133777833884915265e-02,6.612421799606885142e-02,-3.599299781388290431e-02,6.371395870978117069e-03,5.113405516993848460e-03,2.840897833134557651e-03,-3.651177931013794078e-03,3.984914651160349590e-03,3.097959739099680285e-03,-1.369992344012550432e-03,2.741016453326069698e-04,2.315645483153826753e-04,4.735770288776890678e-04,5.886134777060178843e-06,-8.342014199596819567e-04,-2.176248918061749436e-04,1.010462187562425697e-05,-6.695647494623074153e-04,-2.406107876730099755e-04,-6.586340631168445515e-05,-1.234155070391345927e-04,5.740009095255589730e-05
3.588494242282477820e-02,-7.137786782261720808e-02,-3.376588207486298093e-02,-2.680375110669293015e-01,-3.112746508813521995e-01,-8.838852256856136735e-01,3.590568372111678508e-02,1.351101588313605717e-01,-1.126457811708183737e-01,-3.734430725268531037e-02,-1.080333653332800131e-04,8.357036000910646190e-02,-2.924836009417661892e-02,8.616030792028734481e-03,-5.482039147604239777e-03,-1.928736414584176009e-02,9.532504339902402035e-03,-1.484347880833989698e-02,8.590744193259960970e-03,6.832490808997857511e-03,8.974969974094741676e-03,-4.049758334105811250e-03,9.877083794710144089e-04,-3.801732485130090988e-03,4.391326863078192874e-04,-3.013312097405106095e-04,1.110194508228820929e-04,5.948338475929775904e-04,-3.176507854555825155e-04,2.686614681192586950e-06
5.114145040198458947e-01,-8.542825978244283913e-01,3.105539094430257580e-02,3.816170744860329644e-02,5.362133283633488401e-02,5.721689781356040921e-02,4.533662307079043552e-03,-6.818641832812351485e-03,1.377516388939325695e-03,1.929120385103347583e-04,-3.881236432509038280e-03,1.473040641045293567e-03,-3.295899906323657212e-04,-4.494326755050409713e-05,-5.378234938094797338e-04,1.279478577613143964e-04,1.220734299972325244e-06,2.550467058423824915e-05,1.593859968793099821e-04,6.705349899283240033e-06,-7.864283780074163429e-05,7.584383394817325252e-05,3.046507432501225387e-05,-2.393064263283176826e-05,3.220311662622173798e-05,-4.250042672542845062e-07,2.181427109001503784e-05,-1.357268268599742562e-05,-8.701620002335389652e-06,3.490607850826897680e-06
3.777183963036056049e-06,3.313791674707157074e-05,1.629859535042480639e-04,-2.566057125906439631e-04,-7.573686567136465875e-04,-8.047459452081536565e-04,1.178777822296212452e-03,6.583180590987608785e-03,-8.342062635117849720e-03,-5.911083351829235369e-04,-3.407491725646746850e-02,3.890612878868292962e-02,1.680610408857967364e-02,-3.398727390195383641e-03,1.495208652323411769e-01,2.020837989847011906e-01,1.899975111427153196e-01,2.842133869418942416e-01,-1.602805574022730939e-01,1.963376729210077054e-01,-3.593325235937350204e-02,1.387727998018916942e-01,3.960022398274115618e-01,-4.932518876835510491e-01,5.543662219004206193e-01,1.008367870883291745e-01,3.191630671092517135e-02,-7.945250670937842319e-02,8.407161244214729490e-02,-7.252654829402632383e-03
4.232903479093785197e-05,1.323683259767352802e-05,5.100772368970399101e-04,-2.865253339194636685e-03,-3.053183746417750203e-03,-3.348745168503144249e-04,-9.103466392436462178e-04,3.759822828665720235e-02,-5.132222790295635356e-02,-1.905684732968295284e-02,-1.185798276930268569e-01,9.154991225041402003e-02,6.943432005828101272e-02,-8.769888243439952213e-02,1.176663665039431733e-01,1.369030302938220311e-01,-1.543687296891665395e-01,2.918018752346104305e-01,-9.305630913138383808e-02,9.790180935621306535e-02,-6.988217734343848964e-01,4.545333235659610449e-01,-1.504442832350140757e-01,2.177569347859020510e-01,-1.229715703842724078e-01,-7.706448310150232350e-02,1.622825426343167676e-02,-1.175113996815993211e-01,2.561305636614099115e-02,3.520781811894462422e-03
8.217774627162757934e-05,-3.243713805241308295e-05,7.086480792024819030e-04,-3.243322218583189181e-03,-2.796299491025176168e-03,5.720860183778495598e-04,-9.774303438060945402e-04,4.156827271785597244e-02,-7.380836724658318415e-02,-1.312648079616024130e-02,-1.855763318286225982e-01,-3.792960138843302215e-02,-1.229281356030316463e-01,1.376817032787041040e-01,1.680388891228645487e-01,1.873502822617693908e-01,-4.336045946459115563e-01,2.242665448693844654e-01,-4.249496339924537791e-01,-5.240881527201615153e-01,1.659682634123903766e-01,-1.504756118138806109e-01,-2.748673432249646442e-01,-2.558467224425993100e-02,1.938561654368932130e-01,1.030960035838878082e-02,2.085080366624685044e-02,-3.170193717648833037e-02,-1.627072692601125650e-02,2.222824235915704487e-03
4.855722640627848003e-05,-3.349573196291039172e-05,3.192229520043851285e-04,-1.100236142417692752e-03,-1.368737854546311179e-03,-7.137323604854781817e-04,6.668263334713177542e-04,1.431028681039096806e-02,-1.834649616907347430e-02,-6.692433713602724890e-03,-6.160403850362453776e-02,3.185561578323593823e-02,-6.504852302221865792e-03,2.141329139977581064e-02,1.779338662384749581e-01,2.995910711174904484e-01,-5.067984145840179200e-02,-5.469032065208014048e-02,-9.838310209772208048e-02,-2.779374217847261908e-01,1.816022970926528535e-02,2.115614182657637315e-02,7.121334758777319029e-01,2.819605695165534540e-02,-5.116225642632522552e-01,-6.098980351114718923e-02,-3.463588783360754125e-02,6.884839840353711160e-02,-6.877350147287073119e-03,4.988582638879316723e-03
7.320533497809158193e-06,3.362010493029311245e-05,4.114371832805349119e-04,-9.682595762741194210e-04,-1.074045471313481116e-03,-5.211209620533261344e-04,1.797772986109493322e-03,1.185118134939151628e-02,-1.554075294055174555e-02,-1.027712742952057758e-02,-5.621803281533609836e-02,4.776851688539131280e-02,2.416799211755199239e-01,2.007464976433304960e-01,1.564231627830595384e-01,3.205024722859640268e-02,1.172249147743424473e-02,5.214296662128193871e-01,7.213436603124029345e-01,-2.394269405787015637e-01,9.385371861135646809e-02,-6.184113754783711336e-02,-2.706730940521192078e-02,-3.601621004634174283e-03,-2.140444680234710947e-02,7.809308557902533421e-02,-1.355308382319744473e-02,3.281445603854377113e-03,6.527699832070762639e-03,3.662463422652270954e-04
-2.707792417194920554e-06,2.400956105860610251e-05,8.685173353690829742e-05,-1.883600550718421798e-04,-2.853523797637423729e-04,3.176591208356733110e-04,-2.467326038071717916e-04,6.378868985632618269e-03,-6.882190324289061585e-03,-3.535905530322232954e-03,-1.912466476608753671e-02,1.366294948884390174e-02,7.603041056723430259e-03,-1.151046794355833208e-02,1.453419847187623765e-02,2.455065501249663329e-02,-9.803645458988024392e-03,7.686395562262449133e-02,-3.802337074566032593e-02,4.575663504038898766e-02,-2.232865549087943990e-01,-1.507025546930179372e-01,-3.286939990414181750e-02,-5.232205018575353944e-02,6.303233111349064444e-02,2.857987201711667535e-02,-6.332250790129119455e-02,9.456505724329630214e-01,-5.692198938407785208e-02,-7.821729343719846517e-02
2.909394767377699079e-04,3.873289399902811307e-04,9.283157460452415993e-03,-2.112946681251181430e-03,-8.069114526657035318e-04,3.081293433628821358e-03,8.973885785712935707e-04,2.030274360292955160e-02,8.048686816029003432e-02,-5.610420807860738018e-02,-9.986578899326983838e-02,1.643795714785361434e-02,2.966544662878787403e-02,-5.676802113739463224e-02,8.791829132247493961e-01,-3.734432235903465958e-01,-3.210201620257274735e-02,-2.087080098855104981e-01,8.244425077450240336e-03,1.198014772625266150e-01,1.889087205138130499e-02,-3.247181246585601616e-02,-4.269727126163953834e-02,-2.055577769005034749e-02,-5.042422911936266482e-03,-6.457734051520877538e-03,-9.569644403409790362e-03,-2.801824191807479147e-04,-1.597766936488627040e-02,-3.286230510103497864e-03
-2.741535996235388396e-05,-2.348169213656796568e-04,1.588508913774330442e-02,-2.575445852798176685e-02,4.262759671969500175e-02,-1.651240103315830196e-02,1.348498179835349031e-01,4.543008205518432874e-01,4.082764985122400714e-01,7.545478218589695141e-01,-1.875342988445284353e-01,3.926623190209719248e-03,1.648563765967503772e-02,7.276305042786047547e-03,-2.154417247385510478e-02,6.597089095925832807e-03,1.282728447736201753e-02,-1.084918788120574351e-02,2.901727611442334910e-03,3.230479018006239371e-03,-1.195933728365407419e-03,-6.526677683389845623e-04,-5.399950882484908649e-03,2.366842722825632692e-05,-1.639872328260340469e-03,-6.018506614713929788e-03,-8.131297365186784028e-04,-3.148358704319303807e-04,-3.432865781071356822e-05,7.719090975430408766e-05
2.077902478808968997e-03,1.113103302313133997e-03,6.949633050084459696e-02,-3.904591733461484221e-02,-2.938081608345346693e-02,1.080065455106578448e-01,-3.885302150284458689e-02,7.338445586491887385e-01,3.039729059960020741e-01,-5.716440438164798188e-01,1.118479084182336103e-01,-7.237710960634610724e-02,7.202974644884104459e-03,-3.704327497490033424e-03,-5.362076735601020022e-02,1.991369520937615392e-02,1.381186493029201538e-02,1.802232216756928865e-02,-8.815390874182286660e-03,-1.307006524351978123e-02,5.459508362184027630e-03,1.814172957087417963e-03,2.554842017264515649e-03,1.248106116009531754e-03,1.151728316082158143e-03,3.756287959943466919e-04,-3.875805175965465143e-04,-7.185236918453831662e-04,2.110422879777854119e-03,1.107129722982267333e-04
4.823519841152243415e-02,6.032564378492141777e-02,9.915132664803223417e-01,-6.183299030793525108e-02,-1.562352115485929512e-02,-2.260337031385845769e-02,3.191221282250539942e-02,-6.399513781767041110e-02,-2.572629456609381096e-02,2.336202468786066633e-02,-2.679542317600113344e-03,1.699403820499642342e-03,-4.187765544702787626e-05,5.874323765909277359e-05,-4.586507312977767918e-03,1.961269386576697596e-03,-1.623294897438919626e-04,6.602679619456345564e-04,1.710920482609222168e-04,-2.726418808723646411e-04,-5.587167575215924459e-04,1.257807765907503165e-04,1.712203297100945440e-04,1.240255036564643731e-04,-2.304968988308032539e-05,-3.048251772235596017e-05,5.781596741977258779e-05,5.688958835494040714e-05,5.644755508265070519e-05,1.681824478393858588e-05
-8.986120568661984091e-07,-6.960658838360213136e-07,7.945027636235011195e-05,2.548667932935317308e-05,8.077893994451571273e-05,2.125789116353522871e-05,-2.480102124073152664e-04,1.370617225967045395e-03,-4.281878145786256469e-04,8.458692605715298091e-04,-4.463486361222908372e-03,5.081266351753609828e-03,-5.331660267539102202e-03,-5.036986956074331924e-03,2.406471952356410704e-02,2.054629550943531252e-02,-3.007359638885330477e-02,2.090179846197148805e-02,-1.751774496658934158e-02,6.775720468431202514e-02,9.437185693350126636e-02,-2.768012531576884844e-02,1.815365503886112297e-03,1.664169320542975561e-01,-3.978266141166032083e-02,7.610047669369748857e-02,4.933666404740464917e-01,9.343829111877056948e-02,8.258208050279357559e-01,-1.174380744042945734e-01
5.361568074540529484e-06,-1.327150586874710637e-05,3.616966431659863991e-04,-8.043502049494277717e-04,-5.801830586151128294e-04,3.634858830804618712e-04,-1.807770886173038589e-03,1.495573861739903782e-02,-1.508867557857463716e-02,-2.370187087228365318e-03,-3.912765198368003267e-02,-2.154133305969207698e-02,6.191390132389520094e-03,-5.666130977021770904e-02,-4.007394468976722968e-02,-3.887345821226879938e-02,-4.029219496384386923e-01,2.645275634534422285e-02,1.047675521745819044e-01,2.246561517877865566e-01,6.255233227604321822e-02,-1.453028443077104548e-01,3.724633039332964635e-01,5.884123960549791921e-01,4.314055115243364269e-01,-1.355994422168802505e-01,-1.817024311157484362e-01,-2.550630322529854818e-02,-3.523031982288083591e-02,-1.315139937990459640e-01
9.011797255023523532e-06,-2.714113557622738212e-05,4.728833297403705390e-04,-9.063207965261078306e-04,-5.731426181363549364e-04,1.122973756622020147e-04,-2.363373869131051193e-03,1.918532050808298417e-02,-2.610661479578233954e-02,-6.956134591182472869e-03,-7.564564085913569325e-02,-1.203980229496747073e-01,-1.074195140103476054e-01,9.194062561654102461e-02,-8.285512454105452285e-02,-2.614528945940687576e-02,-6.109820968601029634e-01,1.224217433479137668e-01,8.587462779364496424e-02,4.936404327314090623e-01,1.549198194584954225e-01,3.248865780524527735e-02,-2.513776021678220882e-02,-4.199774255926100874e-01,-3.165092257632122763e-01,-1.635704544592809367e-02,-8.397484796513425553e-02,4.507972065789409358e-03,4.507764584518195172e-02,1.328930742563895137e-02
3.460596814510738039e-06,-1.522230332938923921e-05,1.877523851651053907e-04,-1.890189309195104488e-04,-2.114227188689962679e-04,-4.017732646863265305e-04,-2.937256781241152893e-04,4.936752762427117948e-03,-2.122229772396553183e-03,-2.193853945668263264e-03,-1.017379495061485235e-02,-1.383522292779602522e-02,-6.836975216273419656e-03,1.366657472972025982e-03,1.025984552214821884e-02,7.417861488706602169e-02,-1.136641561070656364e-01,-2.653578734991784288e-02,7.118829726677750047e-02,9.673353008322707614e-02,2.557023425200190964e-02,4.747980101708031489e-03,6.160321947621486688e-02,4.317597216117744635e-02,4.146826519945218115e-02,-7.194783489235708970e-03,8.305687077444211530e-01,3.437205749595160370e-02,-5.144479946852346108e-01,4.665198899705746971e-02
-1.714443090890821669e-06,-9.281710800609206219e-06,2.354714105203931606e-04,-1.818138038129193718e-04,-3.497419575095273388e-05,-8.244110697733861434e-05,1.877886460125356867e-04,5.628697411789332881e-03,-1.762028976142160060e-03,3.036172603060971562e-04,-1.241540317644518852e-02,1.517939006985692674e-02,7.147381798716265222e-02,7.782873903031270468e-02,-1.930113988633594749e-02,-2.364114781916846694e-02,-8.904955625095693772e-02,-6.040534152834998310e-02,-7.651696007262290267e-02,4.950539230542604779e-02,-1.032256088268556672e-02,7.107286121417369373e-02,4.908817062571833867e-02,1.548143515562366013e-01,-4.449458586190515458e-02,9.604900720224327504e-01,-6.324605239138679502e-02,-1.742431721484057408e-02,-8.490614464277985995e-02,-5.496279026879963281e-03
-1.074122939861982767e-07,8.902933862771124543e-07,5.042942956261087912e-05,-5.300822470552012594e-05,-5.116750455275979501e-05,3.428541129835258901e-05,-2.608634193585976108e-04,2.065726378851003887e-03,-1.323352168540278167e-03,-5.277344504482091954e-04,-4.991980378684941072e-03,-6.428247249666170764e-04,-1.859770301754150269e-03,-8.486874348459214762e-03,-9.459799261192371840e-04,-7.704935069510774302e-03,-4.398470602872837920e-02,1.126813114646217640e-02,6.822684475332614282e-03,3.774307709663927285e-02,-5.420611970442252431e-02,-1.153685650060791434e-01,5.189095691955418477e-02,7.963691172069009561e-02,6.137394082786779698e-02,7.890849912756099996e-03,-2.808307695826661385e-03,5.530887056550925357e-02,1.177302170797280834e-01,9.748130722262855485e-01
7.402111504353771701e-03,-8.614829147976717531e-04,-1.243181784307107775e-02,-5.133062267781893229e-02,-5.714256266485182728e-02,-8.922041647658635055e-02,6.071896796808437524e-02,-4.190648194459632436e-01,7.284095729941530983e-01,-2.562386638521093607e-01,-4.076145440471477532e-01,1.599578525757745784e-01,-7.446069434102098317e-02,-4.000438710717149453e-03,-1.111982959431915136e-01,7.322901468826142554e-03,-2.944848245508534419e-03,1.509068434281053521e-02,1.055137943337678547e-02,-1.491637737868595388e-02,2.908452658126242478e-03,6.883133184310379071e-03,5.104715748769430260e-03,-1.410541856888651796e-03,3.243749963164154100e-03,1.979907594669146759e-03,2.078695944652775036e-03,3.947768862601443770e-04,5.833438475374228948e-04,2.527034683260580652e-04
4.117040326897247748e-03,1.212304468344081905e-02,-4.918954094593949028e-02,-6.070992443755108825e-01,5.401312200861879687e-01,2.629284785702686728e-02,5.671511771031011451e-01,-2.598179491898022081e-02,-6.858354588523343787e-02,-8.810854180868885055e-02,3.922633820357905587e-02,-2.976944171068043443e-03,-4.816937546658963190e-03,-1.988261617138672478e-03,4.084934753891768591e-03,-2.372232295205134803e-03,-3.029849622579852079e-03,1.771635678481128188e-03,-2.942480235292462519e-04,-1.912324237915547203e-04,-5.942953772264816066e-04,3.318517738833622132e-06,1.059823424718206453e-03,-2.231426576490970647e-05,1.484382517811441693e-04,7.492633310654362539e-04,2.088614862812387377e-04,8.260078551406419673e-05,8.732566975811442863e-05,-4.441453908733798705e-05
5.129639175065490997e-02,-1.209697119246747402e-02,-4.497191741566487072e-02,-6.201268014444705212e-01,-6.532917321137324818e-01,4.122226788476279213e-01,-5.850260584199535457e-02,-4.765476327626941982e-02,-2.281063858071575093e-02,8.358639709861782896e-02,2.484067571118786857e-02,-3.436380908375339521e-03,7.608575293266298199e-04,3.981189237056470369e-03,8.461822307909708935e-03,4.374025848614038659e-04,-1.772302113768921272e-03,-2.408040467608866739e-04,-7.476321268168410186e-05,1.636589363018249501e-03,-1.059622079143707511e-03,-3.603718898285305844e-04,-3.452436397224608916e-04,1.557894474132363242e-04,-2.371554363665505209e-04,1.725810935694721708e-05,-3.457405802076946131e-05,6.190754310256308681e-05,-1.493509897887598760e-04,-1.456136409624997067e-05
8.556273920067862804e-01,5.109351834975316420e-01,-7.013349596195843361e-02,3.404175262331243096e-02,1.784307132340043345e-02,-1.911799342269122556e-02,-3.099922059387463878e-03,8.085765912131471014e-03,-2.040425463477902115e-03,-1.336346234713139958e-03,1.867015613032221638e-03,-8.685556778558941584e-04,4.065136063490616745e-04,-7.012187116468303664e-05,4.467587360338143624e-04,-1.218383196153295043e-04,5.454221152023205530e-05,-9.225047886029610791e-05,-6.037861584336630351e-05,3.174264350796171562e-05,5.206294153559949651e-05,-2.397616397143853431e-05,-2.254709452023759031e-05,1.621055042430883807e-07,-1.154662867028751066e-05,-6.777103372504091157e-06,-9.369207426275621614e-06,-6.185116802324816852e-06,-6.625088726670541217e-07,-9.666841368822416115e-07
7.166524607417598170e-06,9.243172501995892845e-05,-1.465594178251752736e-04,-7.229039240337519672e-04,-9.201183718910217095e-04,1.831730557476151993e-04,3.067655092205109728e-03,2.164801082110886284e-03,-1.448262559553815422e-02,-9.992998205772183479e-03,-5.664426043131409044e-02,5.738264307166658640e-02,2.219239974480205491e-02,-3.499156150724644365e-02,1.631721571599734910e-01,3.538079981321832213e-01,3.350000316427912961e-01,3.582053668139639213e-01,-2.505119163343716426e-01,4.236228635944884191e-01,3.859199629468893500e-01,-1.102900622102704481e-01,-1.944451551046527671e-01,3.018307520400019262e-01,-2.121269841487332386e-01,-2.826429154780079819e-02,-8.077454392982606757e-02,1.694296416760985788e-02,-1.179257111812373610e-01,1.946982041936706417e-02
1.080597301231583197e-04,2.352225587882973094e-04,-1.105913686223071891e-03,-1.101907415171742184e-02,-9.309747686237275499e-03,7.683688783352103820e-03,8.605816144969494381e-04,5.514920954247516660e-02,-1.528133996778536507e-01,-4.889227155413197051e-02,-3.796322597650710895e-01,-8.936342919828663134e-02,4.916450943071741797e-01,-7.126169546867869853e-01,-1.182935406497735292e-01,-7.342963269670943482e-02,-5.340089430702428530e-02,9.075394693797478318e-03,-2.412189124158689926e-02,-8.753069103019056607e-02,1.627025075787090491e-01,2.431748868531582661e-02,-5.704619613464232721e-03,-9.759970388422560539e-02,-2.293258932176924642e-02,2.704530535106593886e-02,1.038438156816127826e-02,2.408197629563546896e-02,-1.793436443825183017e-03,1.303460843847863496e-02
1.790592416137191793e-04,2.169777737103631724e-04,-1.240722504500327457e-03,-1.222218329212378801e-02,-9.589049519799443602e-03,6.291544394075292840e-03,-4.156896340698087674e-04,6.510753175204327114e-02,-2.165464255555765716e-01,-6.748122073733947568e-02,-5.920739371053376221e-01,-6.073841940175552789e-01,-2.556061679532268816e-01,2.427733519232745107e-01,-5.556853530856960266e-02,-1.111830837983491249e-01,2.531414866589852264e-01,-1.347317755952375309e-02,5.388008909125734103e-02,3.137582300360582804e-02,-6.679451565397515056e-02,4.871693197826627852e-02,5.716024198274333862e-02,8.027563703843702825e-02,5.466737083553142862e-03,2.686528623560915235e-03,8.389770739313778120e-03,6.051805419532963436e-03,-1.906292013058377428e-04,-1.434840062432075512e-03
7.536967301016508371e-05,1.729421469088203667e-05,-3.045090532007834134e-04,-2.967694780828950430e-03,-3.294378882819109632e-03,-6.491664030055078289e-04,3.549767901315138523e-03,1.435837966844561581e-02,-3.529902808091996830e-02,-3.207681721704409850e-02,-1.215678847655694977e-01,-4.109589458468808354e-02,4.547157481243832566e-02,-1.791972893384552457e-02,1.399367421416367607e-01,7.114418108735101054e-01,-6.726909431549042695e-02,-5.129196750324614973e-01,3.116493945300431445e-01,7.271134924081520956e-02,-6.494097890535781292e-02,-4.150316694001962570e-02,-2.085738986324463251e-01,-5.394844161750701056e-02,1.415084054380417178e-01,2.789545012142244026e-02,-7.727132801911089366e-02,-1.812317101882294362e-02,5.820598269110438538e-02,-5.529803416460202931e-03
1.582922581443798362e-05,1.392757695295508507e-04,-7.051490867435729034e-04,-3.256213900945752020e-03,-3.133248690074578145e-03,1.602998935623283720e-03,7.231450177344475420e-03,2.878161280885577124e-03,-3.397658207094682303e-02,-4.433354963775706231e-02,-1.348407428435063338e-01,8.001264731618944193e-02,7.202820656257535870e-01,5.768926021023838002e-01,-8.265170181918081449e-02,-6.395660179125278733e-02,-1.045567619219334339e-02,-1.674632211389713299e-01,-2.279636303520030105e-01,9.865919490815344695e-02,-1.064369607724999049e-02,-9.434474798988007685e-03,1.126843515306646601e-02,-7.957463350590582296e-03,1.090334567178839927e-02,-1.378014902061824587e-01,1.574861058592527327e-02,5.184730771147006735e-04,8.435432304342118867e-03,2.106141816454401659e-03
2.146615098817958799e-06,6.751888264645044863e-05,-1.155658428520998091e-04,-9.380984965666703266e-04,-9.656550339859886617e-04,9.998871358529006284e-04,-1.816661228614583983e-04,7.831865868765728114e-03,-1.626165370853970352e-02,-9.418723687020118251e-03,-5.018892182478534164e-02,8.654227844570949540e-05,3.460782430827604589e-02,-7.242577158719018526e-02,-1.754142418824431240e-02,6.546742641814535905e-03,4.419677543008741077e-02,9.633298311139973369e-02,-5.141191531981999241e-02,9.548861297290997530e-02,-4.425871273885144674e-01,-8.154106024783620565e-01,3.229397950344194135e-02,-1.066785054738730310e-01,-1.126039802865018979e-01,6.827048819169284632e-02,5.028584084616594119e-02,-2.543294207254372385e-01,7.953336067041830507e-03,-9.725421994229072054e-02
