5.401118487688509259e-03,-9.639187262578967699e-03,-6.452004375707451160e-03,-1.806890906683263770e-02,4.588844474433471238e-02,1.263696807605748929e-01,-1.839612236744801732e-02,-4.995046605448191790e-02,3.736855584997227919e-01,-1.682405772151323864e-01,3.172247139634654656e-01,-7.709327147108683276e-01,-2.357947696603657495e-01,7.442190382321299535e-02,-7.677476115126355416e-02,1.467734264802822153e-01,4.652153731714107898e-02,-8.457983706287508507e-02,1.826200211663640827e-02,-1.041566208586348907e-01,7.001359133548411273e-02,7.235772708429495312e-03,3.177210769882601871e-02,2.338352880254497210e-02,-8.204996550888030496e-03,5.526687970193800911e-03,7.416007416884988403e-04,1.227896082323727068e-03,-1.193776994932508901e-03,4.059665522568641090e-04
2.227337430481808427e-03,5.761053724336074331e-04,4.116938208838476568e-03,-4.835987151830851705e-01,-3.064368802603994468e-01,2.375647507072433939e-01,7.788888661492050502e-01,-3.237917278753912192e-02,-3.412704889794122842e-02,-7.026109175537402496e-02,-4.339862566804369298e-02,-2.006253329814193694e-03,-3.798744328878657546e-03,1.680887235170590516e-03,3.962966850094037756e-03,4.747391376947592175e-03,-2.444685203740870356e-03,1.051261833285962750e-03,6.821413718665028008e-04,4.303910599785521472e-04,-1.017577610648094758e-04,-8.209439191522365311e-05,4.726241180459540814e-04,-3.131161390323153933e-04,-5.753123669334075105e-04,6.366976127253649994e-04,7.777938570806029397e-06,-2.544925444045223733e-04,-1.749770297784837309e-04,2.193918705936469379e-04
3.710312996903634281e-02,-6.435066657375206056e-02,-1.600546296872952523e-02,-1.911369113609856507e-01,4.126758784273738545e-01,8.405368885861274064e-01,-2.060196089640281836e-01,9.307400063992517236e-02,-1.237370966658827148e-01,7.166883750957708799e-02,2.372941873800803875e-02,8.260888052212446431e-02,2.765969035964656667e-02,1.459742570918795513e-03,4.968348309377737006e-03,-2.207448555644364249e-02,-7.710297600340830504e-03,1.413676768658489284e-02,8.121044114301584045e-04,1.524986328802176161e-02,-1.165158630193895671e-02,-3.378747967664660293e-03,-3.988615114639401313e-03,-3.058755237954239019e-03,1.265533520824008813e-03,-1.109343719653864326e-03,-7.238415825660466968e-05,-7.835213975940653322e-04,3.140389184723821792e-04,-3.153727247685388741e-04
5.254043960279332071e-01,-8.472035998232725351e-01,-2.407661612143978912e-03,1.800875302356866672e-02,-5.101033560955949703e-02,-5.618536759495856153e-02,7.102502753428245261e-03,-4.865859250427206038e-03,3.701593453336717542e-03,-3.722012146539340144e-04,-3.888378461643845173e-03,1.875722094314729010e-03,2.196556351953511752e-04,-7.444204233514429636e-04,2.290877998580840061e-04,-4.172506802624279220e-05,-2.673105261760987318e-05,-5.997941158046708493e-05,-1.578137005730059132e-04,7.359839540387070613e-05,8.537273291320462228e-05,1.319679691593621436e-04,-2.557618094239986787e-05,-2.873457452081113318e-05,4.698432733905638978e-06,2.176595604372412969e-05,-2.038995544085705139e-06,2.778679020762058824e-05,-8.577035878080331886e-06,1.069517040302420397e-05
3.786203763753150834e-06,1.592497691836736022e-05,1.826842520912089251e-04,-8.610554313521740063e-05,5.915128422321355803e-04,8.944930453416157726e-04,-2.453077269852455607e-03,2.463481226490741530e-03,-9.855431129912300969e-03,2.297399087561833100e-03,-2.469892831452006471e-02,4.506877234844783309e-02,1.438563363316300346e-03,4.691977852246845271e-02,-1.102400218289617817e-01,2.100048709802401492e-01,-1.584336230724005812e-01,-2.496032742374592051e-01,2.568845414261710092e-01,-4.768346179597549202e-03,1.441782645187646705e-01,1.753765031484457448e-01,-4.715895491423784947e-01,-4.047111601103291489e-01,4.487307232757624664e-01,3.629475575912225471e-01,3.524142876085312875e-03,5.450425023768839389e-02,9.412625962485791919e-02,5.200033895366368980e-02
4.285930368867136214e-05,2.785281251115351596e-05,6.293757543176885499e-04,-2.104842194582836386e-03,3.495138702386985877e-03,2.692609224053639245e-03,-4.793334930003843690e-03,8.236970573482396696e-03,-6.025494183594855280e-02,3.916053305446914184e-02,-1.035671538796226337e-01,1.011850621402568123e-01,-9.079246644008828748e-02,-2.845172735949105108e-02,-7.289802161585640095e-02,9.045248970766503471e-02,1.569983470501561673e-01,-2.743965614060109859e-01,3.614707450971711006e-02,-5.408235467892484258e-03,7.627891855036248447e-01,3.616012391555953887e-01,2.533662329592596407e-01,1.960662969857544791e-01,-1.445278264574585414e-01,-1.591143281401508069e-02,-1.199645128711937210e-03,6.348455743969304288e-02,1.334343507166673402e-02,9.663985804070433783e-02
8.632568589690307404e-05,-4.390416757339820345e-05,8.543074139220732709e-04,-2.479132019583323888e-03,2.789921869541315148e-03,5.148019701621681099e-04,-7.492982048069271248e-03,3.891097198782988379e-03,-7.650829676234165155e-02,4.352904309390207005e-02,-1.689897093389640115e-01,7.566685782807064907e-03,1.917886607112818109e-01,1.394671930593805731e-01,-1.075024990897315014e-01,1.588670692587269284e-01,3.306275478017389746e-01,-1.574677626080534243e-01,-5.259047994770162798e-02,-7.307277635703532948e-01,-2.000569697689847104e-01,-4.665682250976339179e-02,2.915904801122403689e-01,2.963472565057394606e-02,2.252392442898307756e-01,1.409176360181461640e-01,3.033604340444099202e-03,2.485597540657676421e-02,-1.801979922535205253e-02,6.048379746780950007e-03
5.070704043491566375e-05,-3.797006483134558443e-05,3.668449774924688171e-04,-7.820914763530136243e-04,1.340975923829522756e-03,1.004327801140972309e-03,-3.009719965061336076e-03,4.368355122232989336e-03,-2.188333584996564329e-02,1.338946257439188429e-02,-4.625974706386717233e-02,5.499884259010556081e-02,4.376605311679935412e-02,6.259483930358154813e-02,-1.117947094058972662e-01,3.199071871829198277e-01,5.392611732420561632e-02,2.830960453163568549e-02,-9.665070518277937839e-02,-3.284141074927169335e-01,4.407048094806865352e-02,2.436992042184043389e-02,-5.570963118692920935e-01,-1.333267562375277104e-01,-5.493920020760642009e-01,-3.455780658872408262e-01,-1.981844161703511225e-03,-1.158803636396099276e-02,-1.409049086148382764e-02,-1.747760754611966949e-02
8.187771269238064168e-06,2.674290965918177729e-05,3.849311680404253564e-04,-5.279687087366700168e-04,9.443308986439020829e-04,-4.619203351706214502e-04,-2.331212773675783636e-03,5.748578731773623315e-03,-1.742011163751472358e-02,1.155826467075302642e-02,-4.737371142294864723e-02,6.469109526790992049e-02,-1.518322737877539075e-01,2.823603509903240827e-01,-8.299616562523652596e-02,5.883643563811847416e-02,-1.891571372970361486e-01,-6.312716834729324988e-01,-6.051348794141159226e-01,1.968869869694264974e-01,-1.585791928067794565e-01,-9.674257425766538687e-02,5.515868669111623039e-03,4.018524709184737725e-02,2.669599532425937644e-02,-6.071879204235331590e-02,3.101557137860280929e-03,-1.141462814160655419e-02,-4.475469374623322963e-03,-3.873575058485887769e-03
-2.922466449000858600e-06,1.896748820542344148e-05,1.032292331144280131e-04,-1.307290113029639103e-04,2.368385978637188301e-04,-1.956774776827927389e-05,-5.165678259565963061e-04,2.300433615449761632e-03,-8.671681358261426262e-03,5.911960495162579300e-03,-1.747731286165830553e-02,1.918050775809892333e-02,-1.078254867207409200e-02,-7.070133858774290542e-03,-6.551128935367757020e-03,1.555742804777148630e-02,1.119616277116092067e-02,-5.873151430932872785e-02,4.190747617505631573e-02,-1.962143987381032711e-02,2.030225593098522463e-01,-1.658725812393124222e-01,-1.548056374466759422e-02,-7.099068569623658183e-03,5.960067575599033163e-02,3.250878425919060538e-02,6.410177265652225453e-02,-2.953667407640720444e-01,-1.620336289597410773e-01,-8.954369050035554389e-01
2.840688812812963162e-04,2.824892756969711377e-04,8.729125567367830574e-03,-1.940077879465939648e-03,1.058360195085303324e-03,2.082796800277258645e-05,9.823436290182542552e-03,5.463366275927505206e-02,8.443872897711779402e-02,3.951255046269799148e-02,-9.066539245351540321e-02,1.002564601173281354e-02,1.094150152718798702e-02,8.094402988594023851e-02,-9.290785456865343628e-01,-2.762485735355966754e-01,5.103320130909720642e-02,1.296315041273813362e-01,3.340527404519978011e-02,1.044869118311407413e-01,-1.120135752781212593e-02,-3.673589617869829627e-02,7.048213033692863824e-03,-8.925659886106565577e-03,-1.750774617916207518e-02,-2.065671916567941597e-03,3.195923193360193128e-03,-1.179625617512656058e-02,-1.163979240766718597e-02,3.400099699640161521e-03
-3.556963556056499655e-05,-7.763270483328064487e-04,1.524265114021063940e-02,-3.629271402119955969e-02,-3.356300530528811416e-02,-1.365754748726146980e-02,-9.954846144566362187e-02,5.329494530414686793e-01,-9.998364345689854382e-02,-7.941829334870158519e-01,-2.470969490649717881e-01,-1.131140301603731670e-02,-2.052034739643832095e-02,-1.206741005793753561e-02,1.178890680433652451e-02,3.788347180462549486e-03,-1.248111480410518150e-02,1.651291227166200651e-02,-1.779951315413380196e-03,7.484265815553232080e-03,-5.179539096373996171e-04,-5.167720013486757063e-04,5.225629444399637613e-03,-3.435435508981661210e-03,-5.023408444304598361e-03,2.888293882616878566e-03,-8.216504922929251432e-05,-1.247989079453335533e-03,-8.119613449746026362e-04,8.043848641097938118e-04
1.986085499902436567e-03,1.020861037693604175e-03,6.030591111852589420e-02,-3.225361095506942138e-02,3.627422398343622262e-02,-9.582144292959890453e-02,1.147390242623033962e-01,8.217026624448356964e-01,2.086585671968199107e-01,4.877113778808680467e-01,8.811745181592910148e-02,-3.568174224036398806e-02,-8.108062404424477496e-03,-4.662831944925378488e-03,6.946085644361597866e-02,2.224341803075567670e-02,-8.490388701931811041e-03,-1.317396283646835205e-02,3.295340355286665874e-03,-1.776547389514092010e-02,-2.823163152419830724e-03,4.061423768140260369e-03,1.942517992919952363e-03,4.600693209418399063e-04,1.419642656794494048e-03,1.651894918505922901e-03,-2.274409456350565107e-04,-9.474901217596412659e-04,2.771420972911897013e-03,6.169887255506790623e-04
4.703344895095297462e-02,2.461695858247991281e-02,9.955502976434600360e-01,-3.448586712714129393e-02,1.191066907012415001e-02,5.522221485678536351e-03,-2.801238680654774896e-02,-6.008756944148570950e-02,-5.093860253213778472e-03,-1.613245329832770081e-02,3.281590398562541071e-04,-2.958928560174740462e-04,-1.829352873691807342e-04,-1.956575689353383894e-04,4.042962496190799157e-03,1.198340107248780815e-03,-3.099684598800085699e-04,-7.881213062334614119e-05,-3.186699805953587591e-04,1.740235231574218809e-04,2.894941136806552249e-04,1.788763433140402347e-05,-1.276632005397619889e-04,7.038211932978413656e-05,9.931874891079125133e-05,-3.586219204777427275e-05,-2.513912602126348045e-05,1.092549732160274958e-04,-2.902911897265367505e-05,-7.067886086464708118e-05
-9.274943535918930348e-07,-3.497067734423644375e-06,8.408421058348922118e-05,2.177871245347846321e-05,-1.206944743071928258e-04,-8.540539837899756889e-05,9.754073712147017666e-05,8.653458453203661171e-04,-1.942921703936539499e-03,-1.924782890885078264e-03,-4.404477742031235460e-03,4.214480568239827203e-03,3.770813635126530391e-03,-3.050696444245576400e-03,-2.052329758521527839e-02,1.766487326880296360e-02,1.900902057236909803e-02,-4.565342164206748210e-02,8.116866574514945698e-02,1.608879013226260923e-02,-6.929517469826827758e-02,-3.139514823696196166e-02,8.529268513119178663e-03,1.428351929953157184e-01,-1.661709380333462049e-02,-1.017849474672120197e-01,1.061396632353655972e-01,3.690506783888045650e-01,8.536148959728097063e-01,-2.772799489392165362e-01
6.638792390861716685e-06,-2.296958506411755831e-05,3.493660763830921685e-04,-7.047223541654278533e-04,6.906560080306423360e-04,1.522205338513293296e-04,-8.204296297740766531e-04,5.145036867596891432e-03,-2.180267439180602965e-02,1.112761301385902998e-02,-4.395834391120310991e-02,-2.322239682725519422e-02,-3.975050560988290654e-02,-7.024063056750859402e-02,4.199041059472249232e-02,-9.939411410051504636e-02,3.954561379507174346e-01,-1.697325432371996623e-01,8.773727360899964689e-02,1.059142960715572235e-01,-7.745453765339975483e-02,-1.898310659116993204e-01,-4.218903597445651799e-01,5.644473215012599798e-01,-1.237429861440236117e-01,4.379259170290663583e-01,1.359905538139641878e-01,-3.784634225616029940e-02,-5.438572772871003852e-02,7.766616682224428136e-02
1.133501514834831540e-05,-3.749534360621302112e-05,4.307182846652958031e-04,-7.834762909084905117e-04,5.901815590494893793e-04,-3.937225603180193544e-04,-1.475162841312394448e-03,4.246784542876066125e-03,-2.694154954779420796e-02,1.871351166761028861e-02,-7.985811264179103197e-02,-1.063992287038356827e-01,1.150678802698727604e-01,3.029272235744272582e-02,9.189741299795890772e-02,-1.300514779124921361e-01,6.259196959472097532e-01,-3.070650248907306756e-01,2.095255606619973454e-01,3.159518714091711922e-01,-1.278635780466569338e-01,3.798144691350572102e-03,6.700314251157342416e-02,-4.519898345049702670e-01,-8.074366434108826152e-02,-2.397673543885112668e-01,-2.260382996048409740e-02,-1.384546743945117286e-01,5.184748953133903882e-02,1.929071319221596290e-02
3.894058532718808721e-06,-1.480811043940980217e-05,1.274261067417222686e-04,-1.369374158100953741e-04,2.360088532452147788e-04,2.014954543303289409e-04,1.068201819223134466e-04,3.917526633665064165e-03,-2.642873495617898295e-03,3.797009914548722838e-03,-9.318518013566021163e-03,-1.160788975112465871e-02,1.452006856561914756e-02,-3.929370638014301718e-03,-1.018075816460877001e-03,5.517993078544236596e-02,1.184787824292179992e-01,-6.281954142385214913e-03,1.060259722593559148e-02,1.133529195530525030e-01,-3.470004684515014259e-02,-3.104069939048226603e-02,-1.174008099806025419e-02,-5.029770648654791065e-02,2.118665034390652957e-02,-4.291100445921765261e-02,2.940129516810542978e-02,8.512677475905535696e-01,-4.439169074050325903e-01,-1.993048966118829424e-01
-1.584490523270790782e-06,-7.895772691351379762e-06,1.981587653811881520e-04,-6.294466385175496558e-05,-8.273340964414883510e-06,-5.912828869568315972e-04,3.835815785946088824e-04,5.001247606035797398e-03,-2.571212416560455204e-03,-1.869401708929208442e-03,-1.643076097566667851e-02,6.470329363975273890e-03,-4.875738278185810098e-02,7.995138910191323944e-02,1.258997182987857053e-02,-3.697552685645386084e-02,1.086269308209522888e-01,2.580490169505565354e-02,7.261055581548850335e-02,-1.286746264900964776e-02,2.424268088574580565e-02,9.882348823894637757e-02,-2.601179449112996367e-01,3.713587268139451614e-01,5.756544649440600292e-01,-6.412158170121338152e-01,-1.226540649257385103e-02,-6.637969090283496465e-02,-8.139934042437854678e-02,4.257878902604332605e-02
5.353165814701835989e-08,-1.538836657569069004e-06,4.949963162864529629e-05,-4.487531504347977478e-05,2.144570066595811677e-05,4.783040288967048599e-05,-4.443571660677928972e-07,1.172201878723760308e-03,-2.775965747442050123e-03,1.273534151714468023e-03,-5.834712210088379564e-03,9.579451724537113360e-04,-2.780686756889757996e-03,-1.063179394002473736e-02,8.608771180439022536e-04,-1.288114672866317797e-02,4.381534286448046656e-02,-2.883401788879231403e-02,1.526076364515284098e-02,2.766755180222132005e-03,4.075679394694903951e-02,-1.297511186137505212e-01,-5.875145454113949589e-02,8.056138892654418626e-02,-4.953487562468524355e-03,5.599863914315614949e-02,-9.767676570262715519e-01,5.237393637556249371e-02,6.745327483955536330e-02,-6.089673678105902294e-02
7.475846573271782876e-03,1.258740302766497366e-03,-7.753619298767738637e-03,-3.692316300325866607e-02,6.623114823966874676e-02,8.327228385130412691e-02,-2.046728672497684712e-02,-1.247143425119312254e-01,8.312102283632241129e-01,-4.689662249961305818e-02,-4.607350495394670897e-01,2.146058747846054937e-01,5.257444823125412281e-02,-6.934630945164363403e-02,1.074836272569104079e-01,-5.295594838082192009e-03,-7.835052603155808620e-03,-5.960086815283463860e-03,-1.750417397605837783e-02,2.184131790483536013e-03,-9.185008098589400247e-03,9.459264080167405914e-03,-5.381545943585496795e-03,-2.068936465714005940e-03,2.975419421084915615e-03,2.673714870307437224e-04,-5.247454454158544460e-04,1.643125797497697492e-03,1.333549666097777042e-03,-9.345665214034664737e-04
3.180819193597906030e-03,1.240415428218887180e-02,-3.518123146700772447e-02,-7.283326160016240225e-01,-3.729246301503136296e-01,-1.213812635560499453e-01,-5.499115650578969561e-01,-1.278938954702172302e-02,2.713642459981977298e-02,9.088911623131157302e-02,5.198500226601665553e-02,3.035771840786708094e-03,3.495942917348247858e-03,4.585967169238981483e-04,-3.761397011692616584e-03,-2.945176371873616840e-03,2.795213549502065329e-03,-1.858962992095841487e-03,-2.283153783950645616e-04,-5.537000343418923545e-04,3.727283206290834638e-04,9.751501940166089170e-05,-6.289207619346035612e-04,3.211779036053104947e-04,7.398357219184000530e-04,-5.779927266053379005e-04,-1.535934765819281597e-06,2.374704967339948537e-04,1.341533442002448319e-04,-2.321463591228650682e-04
5.134133741762852282e-02,6.639516543997785875e-03,-2.585955883911493502e-02,-4.386944950243958918e-01,7.640502315013004697e-01,-4.315544438250813464e-01,1.497876075393498874e-01,-6.997860223174770522e-02,-3.650978348898462761e-02,-7.152692473015288821e-02,1.592746275242074364e-02,-7.942716995951218037e-03,7.370328537804933392e-04,2.171332275322548390e-03,-8.702534779394923217e-03,-2.625627734982562611e-04,1.272221549529353691e-03,-8.543519468890389042e-04,4.819694212858902397e-04,9.977118339952189164e-05,1.623885255592576442e-03,-8.888205751997843053e-04,9.193535908607808533e-05,8.155438355101639922e-05,-2.101311855049866543e-04,-1.012188965393375124e-04,6.313824380415751741e-05,1.082403243446461053e-04,-2.769777903837278418e-04,6.395668370063634382e-05
8.471252987173996107e-01,5.265019019132285427e-01,-5.142541121108661767e-02,3.023063443625748775e-02,-3.216690548116783732e-02,2.239786141811435372e-02,-2.856134008294264771e-03,6.155022615348742891e-03,-4.548509819808365350e-03,2.386098266959710106e-03,2.382869763437365108e-03,-1.068891964768450657e-03,-3.351828208624842717e-04,3.762587744694195053e-04,-3.488585761333507299e-04,3.905766071553986019e-06,3.716099879670599002e-05,5.202964060743850758e-05,9.641727850032301818e-05,-3.212363980228152534e-05,-2.674169473876825411e-05,-2.602164214677081631e-05,2.705129491227022538e-05,5.694329968009983262e-06,-1.181081726230905501e-05,1.428368668120980456e-06,2.263443437846796755e-06,-1.352957592849499245e-05,2.153812114568379152e-06,4.605314996763908053e-06
5.573169446963060980e-06,9.078054740456577623e-05,-2.631261674358322764e-05,-4.075488039583366798e-04,6.527983424148812866e-04,-1.030620267641813763e-03,-4.791519593804724302e-03,-4.187116225257576756e-03,-1.430581454551344694e-02,1.224501375781627231e-02,-4.660475625096775765e-02,6.289908028266383289e-02,2.353709011882587632e-03,2.066434248175774702e-02,-1.183169896436594565e-01,3.653830426914714824e-01,-3.090316734186013270e-01,-3.116879737402585282e-01,6.310333253480885363e-01,9.395246672266521770e-02,-2.761724764254582798e-01,-6.810405818307338488e-02,2.146460282407298414e-01,2.242119811900150361e-01,-1.768054036000440421e-01,-1.266219561186018860e-01,-1.633482124456984985e-02,-6.322753676130350720e-02,-1.282312446713994580e-01,2.458103136697867286e-02
1.026814775054130872e-04,3.599966357521334603e-04,-4.010909390669560289e-04,-8.751850812979626582e-03,1.030173401125609317e-02,-3.268427927216448117e-03,-1.873378571441693813e-02,-1.971567818864889202e-02,-1.778340198070854083e-01,1.583424126640863294e-01,-3.900073999780051537e-01,-1.163870093472878231e-01,-6.845293141140931237e-01,-4.998909071463463749e-01,-4.040556661171278846e-02,1.217404607745446558e-02,1.864276784114785729e-02,-1.340260229985410292e-03,-3.203016068585943371e-02,-9.533772814897442660e-02,-1.703274122960463932e-01,6.858832337028597514e-02,7.778767235295006369e-03,-9.676915650150355597e-02,2.715061108393225509e-02,-3.304977384321692441e-02,-1.511863976561251925e-02,-6.356610195574526577e-03,-3.284623944465190812e-05,-2.760430335787871989e-02
1.830892483053161632e-04,3.293658999415481777e-04,-6.122583758733155098e-04,-1.003495503272830956e-02,9.204144147423808445e-03,-7.575285975824106594e-03,-2.629626786363790589e-02,-2.352733850244929231e-02,-2.108052448524180000e-01,2.028731861735696418e-01,-6.010826835165512527e-01,-5.399650311526174029e-01,3.675176679451582773e-01,1.576718050379523617e-01,8.730196239745366404e-02,-9.479768559422420415e-02,-2.360800196447270516e-01,4.661028379729509341e-02,-1.115943892810149739e-02,8.848552964054311187e-02,8.283223731738730000e-02,2.658796269155893829e-02,-6.358440701078456325e-02,6.725547880502288911e-02,-3.554959680743888933e-02,6.142996525276880546e-03,1.386192926036326463e-03,1.382820090053184584e-02,-9.170974536059757704e-04,-4.938829217296039284e-03
7.892308221518981874e-05,6.156405626899987156e-05,-1.718465310316216374e-04,-2.093962229529300507e-03,3.308060348368596811e-03,-1.077277224276945288e-03,-6.689725924431745227e-03,-4.322847368061432348e-04,-3.587271818190892331e-02,4.679970630230582962e-02,-1.070581308539637344e-01,-6.784078673199124077e-04,2.180361382336145140e-02,4.245672185727900755e-02,-1.043285232155410081e-01,7.309686451771362226e-01,2.496359740117190806e-01,3.621773691336807599e-01,-2.094318637705612496e-01,3.751921091800254904e-01,1.236966150634737690e-03,-7.675359723812871793e-02,1.079515531280007545e-01,4.334823776771296738e-02,1.417388153540796447e-01,8.819329151935748068e-02,-1.758911216180870669e-03,-9.133600211096497279e-02,5.745358325292562046e-02,2.147389624079298551e-02
2.084602279753905725e-05,2.033160534654671774e-04,-4.443989734357730518e-04,-2.034842791500411033e-03,2.902232588562639413e-03,-6.837062061342076905e-03,-7.562258646015376264e-03,-9.908537714606716063e-03,-2.238036894843964050e-02,4.784569072662788608e-02,-1.450801679664441013e-01,1.003258156279575736e-01,-4.940279821183641840e-01,7.635821764966038705e-01,1.440964983520785780e-01,-9.403607703912157667e-02,6.215433085127641116e-02,2.256879009639857769e-01,1.954655340005908293e-01,-2.431094206284634476e-02,1.324511344402580504e-02,-1.007620434066884216e-02,1.797338785302227127e-02,-4.388929997616917988e-02,-7.443314217631900875e-02,8.393083850752487696e-02,-1.021268791830767927e-03,1.838019429135320446e-02,8.280386531389155591e-03,-6.254373767428189276e-03
1.850279495211493053e-06,6.721793297007092689e-05,-2.319493340458602662e-05,-7.637666626442985145e-04,7.337184641340633879e-04,-3.542995578356801316e-04,-2.582943387317059372e-03,-7.891870217172149453e-04,-2.138027634294083559e-02,2.217417316873405639e-02,-5.687852267571337495e-02,1.048762817594292920e-02,-6.708035399854889169e-02,-6.591641576880542808e-02,1.053842461823464166e-02,6.342319718602100476e-03,-5.428363334053366157e-02,-4.537238949111324637e-02,7.519321862291242220e-02,-7.192680724653036095e-02,3.753029565227128939e-01,-8.465699689869833344e-01,2.577189387530640780e-02,-1.364051584951274931e-01,8.752157738579595392e-02,-1.272564648655365172e-01,9.990927960350193260e-02,5.667941355586895297e-02,4.075308512518013848e-02,2.352776131736248888e-01
