5.384169122081476286e-03,7.657669381737362835e-03,-1.136678063629767248e-02,3.105091052514818983e-02,4.355766075508750446e-02,-1.213643098103043966e-01,6.159254995778980918e-02,1.485900544540977308e-01,-3.815233621284853660e-01,-6.548844179324067594e-02,3.551348486139399019e-01,-7.645326418885362019e-01,1.692210342542001811e-01,8.316171607845573854e-02,1.407949106338499401e-01,-1.411224183399017174e-01,-6.745285893073961481e-02,-7.534269985954045179e-02,-4.585466600101581469e-02,-5.932160865248806841e-02,5.998783973035210632e-02,-9.831295529735280259e-03,-9.713839334967925079e-03,2.806338706426492538e-02,-5.338374890145708125e-04,-9.370900692694928910e-03,1.029894487258569595e-03,4.494642408613609176e-03,-4.165057491750724129e-04,-3.864336605775546378e-03
2.146300707211243417e-03,-3.519643606189784817e-03,-6.013845519832455161e-03,4.343822107802707833e-01,-3.940966641998349673e-01,-3.740073222833771860e-01,-7.076548950026094742e-01,8.138846335199950710e-02,9.600916252651725200e-03,-8.650465869732451574e-02,-2.948451832738605699e-02,3.358415957764898652e-03,1.028812776428064853e-02,-1.384260754129282307e-05,-8.726218013294028200e-03,-3.733840217326058614e-03,2.875379474996571979e-03,3.747827131834812289e-04,-1.150034456363806419e-03,5.145931971914293477e-04,-9.485667609822193754e-04,7.435813844343529440e-04,9.470050544804492357e-04,2.289976825333295946e-04,8.426617852267079571e-04,8.870180619890367848e-04,-8.591432561956316417e-05,-2.124273914205102254e-05,3.223405741893675550e-05,-2.386772330711843873e-04
3.722854885205401088e-02,5.197985271634364413e-02,-6.158781008951354219e-02,2.953948514674156756e-01,3.897130914917112943e-01,-7.656394180693864016e-01,3.512444621179305893e-01,-1.034547576291356824e-01,1.438230358290451261e-01,6.357384532303395064e-02,1.328318041865787953e-02,7.890851743676112473e-02,-2.178535321027895780e-02,-4.964567849643904303e-03,-1.375371946905152611e-02,1.941415256704743381e-02,1.187384642755095511e-02,1.142849311317846797e-02,5.506681317188448499e-03,9.627704561202475933e-03,-9.767440194501604556e-03,2.952468650926943182e-03,1.084300231873802992e-03,-2.909424484866056891e-03,2.317239222026640905e-04,1.074678375672007743e-03,-6.027455885282537087e-04,-3.154755782080486716e-04,1.209900813904043195e-05,5.622756076462013608e-04
5.385380408022578669e-01,8.329503886158000636e-01,-1.030326947431309953e-01,-2.747985435577699267e-02,-4.686137684760548205e-02,4.757812986093232221e-02,-1.701836954129466728e-02,2.466896535041419695e-03,-4.782910946310388149e-03,-1.128004644207898557e-03,-3.997802322720624482e-03,1.954622483229599608e-03,-6.531427620511165747e-05,-3.943770615055777122e-04,-1.231187623792754553e-04,1.446319975097605742e-04,-3.377326300951481882e-05,1.354240567417896215e-05,8.424434300739820267e-05,1.073836467521186014e-05,4.961430891162657412e-05,-8.649020089261097097e-05,4.221227786706294486e-05,-5.676891595072536430e-05,-1.139080105916441332e-05,2.729083505089879806e-05,1.821901005426215396e-05,-1.998426900589658897e-05,8.938537710017486411e-07,9.939810693797110769e-07
5.074677213790411460e-06,-1.156896151850168667e-05,9.358621613332714550e-05,2.132542956221954937e-04,6.155439804676091997e-04,5.978705842508181829e-05,2.445968172349848122e-03,-2.924239133154880269e-03,1.132893616117841042e-02,1.205896378144898995e-03,-2.394548144779549623e-02,3.807945477884994850e-02,2.431263179534610269e-02,2.902979527730604678e-02,4.640325909775994129e-02,-2.493867084976745252e-01,1.465802657914790641e-01,-2.725714238996586603e-01,-1.854583892640258302e-01,1.413061133186631069e-01,9.588229126126998625e-02,7.921675353108980841e-03,7.846859901284991556e-02,-6.221732461589727370e-01,-3.761617573916437585e-01,4.719207061365197631e-01,7.521758391417886214e-02,5.631182407177018345e-02,8.165989858603391743e-03,7.932552970396387904e-02
4.571847854558391556e-05,-3.040699699054533070e-05,2.781868615104520978e-04,2.442448696691786568e-03,2.826545039717170277e-03,-3.599032437164247675e-04,5.525150754059778534e-04,-2.539323236148881280e-02,6.504735737200618984e-02,1.668847016394654076e-02,-1.102190298798322587e-01,9.028651401102476270e-02,7.301251245813519808e-02,-3.096329093448737385e-02,6.721980706731643662e-02,-2.015501618405511342e-01,-1.583809919642056863e-01,-2.572588351926360928e-01,-5.857033642310539162e-02,-6.151290796630052432e-02,7.518057154763311267e-01,-3.832481625209787635e-01,1.981572362257281450e-01,1.867752221982860450e-01,1.175731907111462471e-01,-9.463417719310211751e-02,9.883460235008183215e-02,7.167689041692451579e-02,1.969894783988641526e-02,-1.744766073541710247e-02
8.637739712641924982e-05,5.544119727600972333e-05,4.485242036059192377e-04,2.728551227917634919e-03,2.760984716216735840e-03,8.507776148019203545e-04,9.067958623686981062e-04,-3.015319057600328312e-02,8.476923458346480311e-02,-1.489685183623894009e-03,-1.957013879084614216e-01,-1.516023599228675731e-02,-2.410704531454472832e-01,1.692139719935764064e-01,7.958899453453296968e-02,-2.103464737087856751e-01,-4.174747168241538242e-01,-1.924243003833580323e-01,-2.930550871387619938e-01,-5.494244806101477030e-01,-2.244771086452392317e-01,1.350133131479747117e-01,-2.949281311121156046e-02,2.612395947784793560e-01,-2.412935238585726394e-01,1.405935865550466402e-01,2.610490361418364019e-02,-1.948648169115232281e-02,-6.132613167870958754e-03,-1.205983377573904836e-02
5.155372300534618430e-05,2.330726791247764282e-05,1.120584683233377958e-04,9.971410124862347020e-04,1.392644855843094484e-03,4.098686617450892538e-05,1.261922093710639466e-03,-9.771051734028243785e-03,2.422043802917023259e-02,2.245264967685597739e-03,-5.553407591371238572e-02,4.559504572755263690e-02,-3.094413823996039481e-02,5.817676480613716977e-02,6.813227517946526812e-02,-3.127733961624070136e-01,-7.647471834805370100e-03,3.292145432504703373e-02,-9.593541865556630410e-02,-3.096092434940614369e-01,2.460698201442808666e-02,1.191437437347680345e-01,-2.906801086692662461e-01,-5.376889970512537253e-01,5.164791598088350755e-01,-3.534135786175804927e-01,-2.569144260083163281e-02,3.745990403551081264e-04,6.377078670918402865e-03,-1.929870619466262510e-02
8.943621900996439865e-06,-3.086610564628775098e-05,1.657592845652724653e-04,6.927058893036199504e-04,9.580614965677043422e-04,4.318180640333206836e-04,1.182788023489001914e-03,-1.093742450417077398e-02,1.797354993762991654e-02,1.984683964209041276e-03,-5.229112566442263577e-02,5.968543808103940473e-02,1.449973260372997563e-01,3.183151628532971400e-01,5.155168681616122128e-02,-1.113658133331639905e-01,-6.070944329363801156e-02,-5.022088617487843187e-01,7.443440451978333705e-01,-1.255426327093995750e-02,-1.815328934250530768e-01,-2.822405049737764307e-02,-4.741039979659340126e-02,-1.948102451654570508e-02,-4.218674609717969204e-02,-8.503513182179379959e-02,-1.022842530161180733e-03,2.883221853004773634e-03,-4.104252657047684563e-03,-1.802729925802212807e-02
-2.566442128515124821e-06,-1.469527852759867894e-05,7.678411536452194681e-05,1.311631711675321111e-04,2.171329490005633074e-04,1.501702771162229881e-04,-5.532897265433619935e-05,-4.621046210350043988e-03,9.482511835357818400e-03,2.670374544922640529e-03,-1.923726392884897440e-02,1.255693899269855890e-02,8.267668548281608201e-03,-2.479977388239708140e-03,1.333333635607938071e-02,-3.983273091631872598e-02,-4.039754152029562811e-02,-7.354857052007128526e-02,-6.006992799235189376e-03,4.613757276349383929e-02,2.002237621442707338e-01,1.800597066735574736e-01,3.870763379176327124e-02,-6.484097925736488199e-04,-7.095013409927683479e-02,-1.514827666636663073e-02,-7.909427812770368771e-01,-5.039347452846395514e-01,-9.184668666207629339e-02,1.451173287361072206e-01
3.172339049676430761e-04,3.079920919978267708e-04,6.707644417384665478e-03,2.687535035791417150e-03,2.516530360697676917e-03,-1.015561878413458533e-02,-1.198068683367897909e-02,-6.104319847110339231e-02,-8.116271163256556787e-02,1.063034098195071546e-02,-1.218861795846778728e-01,7.352623072266667448e-02,-1.125266832864059291e-01,9.898613374415304866e-02,9.391524989539645762e-01,1.817423091133135160e-01,1.434344536272297022e-01,9.447844553736431394e-02,7.517810696904818346e-03,3.243364348569321987e-02,1.167419003588625326e-02,-1.262174813128449230e-02,1.747163896927074467e-02,1.100642741136768042e-02,-8.242568558162032683e-03,-4.781928572912122813e-05,-3.219924777616981100e-03,2.947917866695964656e-04,-9.803929203698956429e-03,-1.671615580441813530e-03
-6.136198731239584498e-05,5.531040084736509347e-04,6.036814406121727983e-03,2.550399054934007759e-02,-2.767438415161302401e-02,-3.911233035913016555e-03,7.702073073792349567e-02,-5.219146453876142289e-01,-1.881475330582366157e-01,-8.119411440119004286e-01,-1.377922300850185633e-01,1.856194613551358620e-03,5.213438977035703137e-02,-2.737818636280680076e-02,-5.121969604847070867e-02,-5.557122975784254890e-03,1.624615674343298302e-02,7.709180000516591483e-03,6.936143496363861988e-04,-1.148404663099158974e-04,-2.541038750285753902e-03,1.802485016048294142e-03,6.609184137251194503e-03,2.657724673436422276e-03,6.083035848747586627e-03,4.676417433513145074e-03,-3.698274250797557185e-04,-6.918928185741748558e-04,1.513863383609216824e-04,-8.668867685819328867e-04
2.303324610248752829e-03,3.744960463068101528e-03,4.823545444270965765e-02,3.973075559326015582e-02,3.845413085243748474e-02,3.808980745214020358e-02,-1.749341700892435014e-01,-7.588759653112525649e-01,-2.920506754016893858e-01,5.402741593272776255e-01,2.215003475794702012e-02,-5.927845243979283640e-02,1.376429383029840157e-02,1.895050417582404972e-04,-6.858177722071462368e-02,-1.756349817658133666e-02,-3.859845094429191666e-03,-9.390931131570029108e-03,-7.762890159111662802e-03,-6.160614524921464823e-03,-5.791541115651426680e-03,2.203958131423603990e-03,-1.718425725656047608e-03,8.196909245396031673e-04,-1.279091382294496673e-04,1.223637928524809633e-03,-1.097958440326857014e-03,2.880530615504519817e-03,1.042176230045749937e-03,-2.181414175121395638e-04
5.417107046565579342e-02,9.331644751880779909e-02,9.893462184428581940e-01,6.648860115407276283e-02,4.185628410902246521e-02,-1.683297710401197508e-02,2.523384994266059111e-02,4.279143729563490012e-02,1.400065176827332107e-02,-2.044786257580105682e-02,2.496433863367030805e-03,3.171728191457547585e-04,2.430698961319123551e-04,-2.883895130860835007e-04,-2.526667220832733412e-03,-3.784993342928448935e-04,-6.247872494911007593e-04,-7.091839982972664700e-05,2.812805462570661824e-04,1.199183906682171766e-04,2.223733152061355188e-04,6.641016953611967338e-06,-4.503588453855503004e-05,-4.560517072623217080e-05,1.096174986773246446e-04,-5.199930988176633282e-05,5.118002308903144080e-05,-1.172686688846931468e-04,1.468742053885104698e-05,1.784425243202972049e-05
-6.931847211391414041e-07,3.820263204140940790e-06,4.380050084484402625e-05,-3.991084556226558703e-05,-6.791399064445577502e-05,-3.442640829328397364e-05,-1.761860175017569577e-04,-1.460043208453138492e-03,1.474651837774309995e-03,-2.118028304507746807e-03,-3.849471412450622410e-03,6.104812273449058795e-03,1.742313142052598959e-03,-1.881907665202592382e-03,9.941380214188692485e-03,-2.675454144291285544e-02,1.099560574258647873e-02,-3.358059422452834564e-02,-3.689074621230105377e-02,4.199189794953818444e-02,-3.630464325046615232e-02,-3.556335263076566833e-02,-1.392755179762280859e-01,8.680502509906684594e-02,-3.254253418881676574e-02,-1.325956161021557833e-01,2.137238301561384182e-02,1.871407629894112079e-01,1.720571074946990464e-01,9.388859315535940109e-01
5.250590685800210823e-06,9.281337939736129290e-06,1.473940232995373401e-04,6.310275447587931300e-04,5.493394395614660357e-04,-7.310074833027035111e-04,-1.658154502687243619e-03,-1.236731299780583632e-02,1.977499839890543495e-02,-2.266098139055941377e-04,-4.539812112994476984e-02,-1.771549206718170053e-02,6.823488499254057316e-03,-6.515830670773302413e-02,3.469646016492366342e-02,6.091868661145496272e-02,-2.963280295758701777e-01,4.336419445161743269e-02,5.966178168060276565e-02,2.226724871132896022e-01,1.783800078079021967e-01,-8.376239207579895540e-02,-8.307305123290439353e-01,6.641148613484271213e-02,-1.233940424726894837e-02,2.980027478720890244e-01,-1.453000882982307361e-02,3.221464809194896778e-02,-1.299198416951480028e-01,-6.776057387592503145e-02
8.442918281963276167e-06,3.233751095996713251e-05,2.467172527418510239e-04,7.443025475174690425e-04,6.794139405327249666e-04,-8.687913820632239912e-04,-2.190668282616110418e-03,-1.860029849920086242e-02,2.743747249808288491e-02,-7.351291863979865331e-03,-9.735141763910776236e-02,-1.001199648280510640e-01,-1.959399347338053321e-01,7.073510067744166740e-02,3.910700034663254498e-02,5.700122002189906417e-02,-6.809141067229962374e-01,1.907381734919773308e-02,-5.206356910677570338e-02,5.008793345088775606e-01,-1.527382779118904577e-01,-3.710173967154781205e-02,2.948992387985315267e-01,-2.275771052884211498e-01,1.450283682061160873e-01,-1.227554042367392934e-01,-4.622898674310775557e-02,1.059567053333065334e-01,-2.037618561456914362e-02,1.491988720385472797e-02
3.585256264659940268e-06,6.023553802608841502e-06,4.583490233595884322e-05,1.829581520891517302e-04,2.744566381166681376e-04,-5.485437628028253226e-04,-6.584115630871417149e-04,-4.837511713540290290e-03,2.175046926844094019e-03,1.371050993229912772e-03,-1.263652532581842694e-02,-1.177106891885094236e-02,-2.153844421994206837e-02,1.377891827964606826e-03,1.277144587160974377e-02,-6.099274827867118276e-02,-8.095369454729905989e-02,6.864487125093894637e-02,3.134268434646990398e-02,8.731067076085145817e-02,5.596300175627709874e-04,-3.488395115164596300e-02,-1.585615146499736935e-02,-3.172359467340605393e-02,-2.599590094225634473e-02,-5.360393614290346470e-02,5.416818381785630798e-01,-8.105327784090737842e-01,5.882073724534565839e-03,1.378744526518406177e-01
-3.071359993339254559e-07,2.199815324994172346e-05,1.117507525329977278e-04,9.653312867494389155e-06,1.977222518039373019e-05,-4.504053460436534977e-04,-6.439434129240782963e-04,-5.187545879871967823e-03,1.581984701749991054e-03,-5.356921305879241806e-03,-5.102119390651626944e-03,1.272434020514744309e-02,4.725578190109427229e-02,7.044900872680849579e-02,-2.154026007515178961e-02,4.584664951220647489e-02,-2.287618368961824578e-02,8.094311581968842428e-02,-9.874401653079001306e-02,3.401003473605210270e-02,6.839780079670931823e-02,-1.112110191022501193e-01,-1.789222065777905935e-01,-1.436271778856929304e-01,-6.643534630532635932e-01,-6.609058383623673816e-01,-4.222056157469546156e-03,5.712140451396866686e-02,-5.683882506727174627e-02,-1.328443522699317425e-01
-1.702770315342697008e-07,5.205185683851195686e-07,3.201155362790986911e-05,3.300217961849396771e-05,5.412973094532690582e-05,-2.131128500899044772e-04,-2.130833037142950662e-04,-2.055143939607345215e-03,2.263232102662474446e-03,-6.272508816054922628e-04,-8.645084940526114384e-03,-1.720621890918095460e-03,-5.076309403931441450e-03,-4.945646053533954770e-03,1.533144645097171688e-02,8.209535987638232057e-03,-5.772965152739904793e-02,-1.147339781279357846e-04,1.084872515759517826e-02,6.270950662183140401e-02,5.798959874678643461e-02,9.631501361139802042e-02,-9.037378714847695005e-02,5.242915656497239285e-03,-4.498399634781247158e-02,8.815075434901394752e-03,-6.602074043807260040e-02,-5.558489795892564145e-02,9.651039780968835302e-01,-1.742619517347579472e-01
7.280572182630823570e-03,-2.942354486733535310e-03,-9.715992308032782993e-03,5.239472684921264722e-02,5.826388537440759657e-02,-7.709157968879915002e-02,7.887303412936040592e-02,3.124874901972214958e-01,-7.701881730894075684e-01,7.418382392988112639e-02,-4.713182474682319212e-01,2.110893991258307734e-01,-7.914111026660883286e-03,-5.720764046669208486e-02,-1.206707245758115443e-01,1.641242057982670449e-02,-1.229538887875890676e-02,-1.955330759204234985e-03,4.938352858349226784e-03,-3.472932386102949714e-03,-8.990023398757079204e-03,-3.702064956449360386e-03,8.721847348172992627e-04,-6.200964635234667600e-03,-8.987527641467555868e-04,1.753901552937434973e-03,-2.314711978682585010e-04,-1.299161231577347425e-03,6.441700206312994106e-04,1.223315661075516586e-03
2.821895365864456398e-03,-1.530748435657986774e-02,-2.553965056048343452e-02,6.308112716086380356e-01,-5.059380790534824257e-01,2.419011765322258978e-01,5.236444717730454057e-01,-3.491105559354724941e-02,6.561195274669090124e-03,9.889320240253311745e-02,3.475035047710547942e-02,-2.012921812151026967e-03,-1.101579494417584924e-02,2.431527907647548434e-03,9.393209174872543116e-03,2.284653146015673281e-03,-3.075864966255372358e-03,-6.588393096043101103e-04,9.156651145808448891e-04,-3.115214161091452833e-04,1.206105486878331990e-03,-6.169273028778446280e-04,-1.008723712850433411e-03,-4.571421631546913715e-04,-9.383705586254775842e-04,-8.070406568358359095e-04,7.171290128658396035e-05,2.323370964452271318e-05,-2.027692704959961967e-05,2.328527498599422053e-04
5.045977356342200293e-02,-1.436557827747889787e-02,-5.822489671668713146e-02,5.598294432668825538e-01,6.515227195348994860e-01,4.355404213116577661e-01,-2.318075120544983991e-01,6.694841997744374607e-02,2.221233949034745123e-02,-8.246127268941487454e-02,2.532797155325550512e-02,-4.343456447611686311e-03,-1.998317013457443381e-03,2.174469190243185409e-03,9.338013022086928683e-03,-1.318044539372502160e-04,-3.800419130339936953e-04,-1.182935907417015419e-03,-1.060083298375603326e-04,5.612565713013241680e-04,1.585954842783847364e-03,1.823537248782985606e-04,-1.392547681741916610e-04,1.283779965269823465e-04,-9.692327400075270369e-05,-2.141774211035313779e-04,1.835073263418981831e-04,-2.419675049444646819e-04,-9.524686900246580063e-05,-3.659068291355405562e-05
8.384569671577083438e-01,-5.424469486023443254e-01,8.620610455670706801e-03,-3.745436348768545198e-02,-2.730458336878256384e-02,-2.020243122160383237e-02,7.111366179913799178e-03,-5.460365980018530747e-03,4.263162445931906880e-03,2.278673554189282729e-03,2.254703803365613445e-03,-1.186115082682177900e-03,9.948269128334350940e-05,2.572591865089529466e-04,2.469092065975091914e-04,-9.042060016309263603e-05,7.376002392034983028e-05,3.574639943332042370e-05,-3.257874977646993349e-05,-1.781954082685728998e-06,-1.584233780615226778e-05,2.012402848863332309e-05,-3.813540022573225009e-06,2.734983240938337093e-05,4.843160126862065293e-06,-2.395730680229532486e-06,-3.333590409790059800e-06,1.791428784422754365e-05,2.475665318654899427e-08,-5.899662563799548561e-06
6.477382829602455878e-06,-7.907921537679695628e-05,1.731217465555488037e-05,5.762739669927413903e-04,4.130092366728456985e-04,2.804849176760648103e-03,4.690957927604811478e-03,1.800698892044322839e-03,1.911104395475255249e-02,7.207975183042149292e-03,-4.705905547033646663e-02,5.612814986349452806e-02,4.720072020831239668e-02,2.064705848954441481e-02,5.502255195002882238e-02,-3.913828207632119582e-01,2.721555300896172924e-01,-3.610623818671812590e-01,-3.891582138442298833e-01,4.570107811901435446e-01,-2.918408786084740747e-01,-4.025476661371558962e-02,-1.286742979698632106e-01,3.182720683259754879e-01,1.375355719340208560e-01,-1.646089705778772672e-01,-2.533576536722741829e-02,-3.610253807917231106e-02,-1.872967148062036624e-02,-1.327796902441105154e-01
1.038124900750335617e-04,-3.849806491423427338e-04,-2.296753822758894770e-04,8.671932768086360391e-03,6.094867686520481428e-03,1.422386471833541645e-02,8.086357448846856130e-03,-1.680676343865684930e-02,1.951800889802535743e-01,7.718888583521298086e-02,-3.634382413626332520e-01,-1.492199724830914620e-01,6.934961837278028618e-01,-4.745538554460730918e-01,1.367590264310058756e-01,1.881647239777617039e-02,-1.443074248156461514e-01,-6.041502338122125594e-03,-2.321754667360657887e-02,-9.294567855418409130e-02,-1.971493353575122509e-01,-2.042153729802601014e-02,5.431290072060825785e-02,-4.837372197376758887e-02,-1.968173737713453664e-02,-5.820233355464644008e-03,-1.826684878717845309e-02,-1.558251277685296192e-02,9.760410148549104187e-03,5.254466663453524929e-03
1.701492842356627029e-04,-2.918075095086668583e-04,-2.958801789852524475e-04,9.792372272407161640e-03,7.189237897418578049e-03,1.510197416354759105e-02,8.373462250077989485e-03,-2.626769280683460134e-02,2.381866742677278548e-01,5.602933256050390831e-02,-6.205402399285020465e-01,-5.441097893599314839e-01,-2.946795043979068551e-01,1.486068219836871040e-01,-1.443547161556179848e-01,1.412107853254289391e-01,2.995047567469634187e-01,-1.691991121771288520e-02,4.968061481070745050e-02,4.989134664496154559e-02,8.864717573976096943e-02,-4.540129581873048048e-02,-3.472971743019669794e-02,-2.609188168003327701e-02,3.277251502719436688e-02,-1.580244117757379982e-02,-2.126859230455697969e-03,-7.864045481357695086e-03,4.723296214570978264e-03,1.336295336163046982e-03
7.923032054709392607e-05,-9.341160393082715890e-05,-1.844237947845794509e-04,2.492037937486706219e-03,2.805493275993834173e-03,3.523627401241147608e-03,3.792146741140942166e-03,-3.558598898730459033e-03,4.162661474967484926e-02,1.929111444267288950e-02,-1.183408646668619169e-01,-1.884431496417120211e-02,-6.577186532996374090e-03,5.017260532527836880e-02,4.552293657118292036e-02,-6.915350586336684868e-01,8.759549351564975203e-03,5.955381753366368880e-01,2.794624990137934417e-01,1.011299347464599124e-01,6.194235785351669523e-04,-1.596848712418329902e-02,7.992879724962326238e-02,1.252997578597279116e-01,-1.331556685567152620e-01,8.746790654983278845e-02,-5.512246370049356942e-02,8.239439984166831155e-02,-2.604110107984383346e-03,-7.121514821274050353e-05
2.148591375265621707e-05,-1.853743610994480360e-04,-2.529174010313389059e-04,1.921331899740733170e-03,1.768946036507165103e-03,7.059118856871313130e-03,7.228402876689904791e-03,2.687916480718821350e-03,3.518485899887639073e-02,1.995403432501042032e-02,-9.253813393544473020e-02,8.678779472715969501e-02,5.036995407067630381e-01,7.594854878634510476e-01,-8.010460490199688977e-02,1.462260406836752014e-01,-2.356049399023708163e-02,2.051715333826322762e-01,-2.400784783798182165e-01,3.936326644836581762e-02,5.553426932532034427e-02,2.547108003190465611e-02,1.098876668977327199e-02,2.414065271345476951e-02,8.243051769286952046e-02,1.001759858096419736e-01,6.849018538420826273e-03,-1.254553352654164990e-02,6.218662389490692971e-03,2.179520181616826507e-02
1.557236230054820842e-06,-6.087062423904565249e-05,3.252060332640590451e-05,7.526849363856416520e-04,4.836833504922511046e-04,1.707706296651267377e-03,1.292160927070212361e-03,-3.687586718336658461e-03,2.348226564553824308e-02,1.067338093851220686e-02,-5.932933296290849451e-02,-8.536208625126202529e-03,6.337847580260599911e-02,-5.280857847197655691e-02,2.445890293299358628e-02,-2.297556721521220452e-02,-2.903299771737864049e-02,-8.256008062783276591e-02,4.537600565631152300e-02,1.575452245358398007e-01,3.132252182213910996e-01,8.657986957425358732e-01,2.974205785958172407e-02,1.153951125819601409e-01,-3.965083287391195366e-02,-9.910021892243148223e-02,2.301335690824267421e-01,1.347798219119006047e-01,-9.388150597012351328e-02,-8.382902665752793190e-04
