4.926498673620347511e-03,-1.044545542739258072e-02,-1.969633791916339076e-03,-4.306914483644692926e-02,2.322802730930296003e-02,-1.391647985549349376e-01,1.375548645855857906e-02,1.651491884337003557e-01,-3.080498044804357294e-01,-7.671362455416863568e-02,-4.956327886507463365e-01,-7.024581105519307478e-01,-2.357680634449668411e-01,-5.128290897552839622e-02,1.463173193649205395e-01,1.120698872989332462e-01,-1.003651302980721610e-01,2.609434431434495220e-03,5.964494835906953424e-02,-3.169847275039366918e-02,3.229449297463021090e-02,4.257959091676555979e-02,-2.540477125292649879e-02,-1.934793251725815469e-02,-2.004485565847190145e-03,5.610612688821629140e-03,-1.991742066147690962e-03,-2.974356639233672554e-03,-2.631696363263484606e-03,-9.314744059674542670e-04
2.124726257102242666e-03,1.264479768129612427e-03,1.482297771199431700e-02,-2.321375299760857214e-01,-5.208830763281744325e-01,-1.009176735090871746e-01,-8.106663999520976605e-01,2.443326073762181264e-02,-7.040618363803453732e-03,-7.843368611942815039e-02,1.629238062146499272e-02,7.374759351791594815e-03,-1.018668836799986209e-03,-7.135183342887212350e-03,-4.301085576384048627e-03,3.340059523500174023e-03,3.612684959068409121e-04,-5.324326288250868779e-05,2.041872067479189577e-04,-4.644096331368594466e-04,-9.716832883816299777e-04,-6.328924885352240183e-04,2.486100108927222913e-04,-1.208480118793281476e-04,7.202527345110501826e-04,-7.458897180296427017e-04,-7.502156970386374409e-06,-1.501114495783699475e-04,-1.516571295812972457e-04,-4.773742072969363849e-05
3.397002435147778582e-02,-7.094157684351150295e-02,2.198437926683824428e-02,-3.852447852890024116e-01,2.027317197534609650e-01,-8.650896480287534329e-01,7.748218346925510314e-02,-1.607443659748541143e-01,1.064056322121951642e-01,6.153855196898039281e-02,2.143328176819685182e-02,8.014872546037818402e-02,2.515372171390975464e-02,5.312358995953670761e-03,-1.002857766360261242e-02,-1.806234527375525506e-02,1.841763688175690472e-02,-3.756487718083138284e-03,-5.415689373802588281e-03,4.533380529124897591e-03,-3.503053190462823794e-03,-8.814721245438366867e-03,2.988633742206296511e-03,2.871176074212837721e-03,1.065938739497300849e-03,-1.254535863318908097e-03,4.352416662276837006e-04,4.148585969349834765e-04,3.144009092106856882e-04,5.979387204388499685e-04
4.998928844523880533e-01,-8.602435478718386541e-01,4.545687620527939787e-02,5.928589956030688723e-02,-3.801135160208127944e-02,5.441240724556856145e-02,1.953938726139058720e-03,9.015652438746045438e-03,-1.703273769086167304e-03,-1.237010277540463027e-03,3.197352314610157464e-03,1.049900532111652362e-03,3.038640730833997816e-04,2.019279521195293159e-04,-6.097277449388298180e-04,4.426681536505876798e-05,-9.291660196197161850e-05,7.129444575593076863e-05,-1.572074409293573987e-04,2.766107628488073057e-05,-3.966654023362240676e-05,1.304206806475318955e-04,2.094573729795092337e-05,1.284520130424662966e-05,-4.231729225751589885e-05,2.889768361557497768e-06,-7.402915215415122925e-06,1.284485254333731430e-06,4.062608614697069981e-06,-1.950057480421706128e-05
4.051043895251549659e-06,1.781970695505606994e-05,1.199104048664441987e-04,-3.715794370189326803e-04,4.695884680449159253e-04,-5.339445087888535597e-04,1.538254160230918778e-03,-3.438637902857553941e-03,7.710954633257801130e-03,2.531055709157132259e-03,3.467018118741068550e-02,4.251304468503416811e-02,-1.595659780354260517e-03,-4.610926436924848992e-02,8.410496782846060837e-02,2.315941038505685001e-01,-1.277585129244092899e-01,-3.134417671045654497e-01,1.344296845307763333e-01,-1.839634526767698064e-01,-1.398827028718014308e-02,1.668675870822414198e-01,4.819758813272910780e-01,4.986297657459608512e-01,-3.367158577968448752e-01,-3.591025900171063157e-01,-3.519772348464974762e-03,1.139690754004044626e-01,-2.671834193618490699e-02,-5.069166722289847327e-02
4.111780822614335989e-05,-2.468054665113866966e-05,7.974353616289215621e-04,-2.999410004591939339e-03,1.566003373060499216e-03,-5.450035148409446834e-04,-1.454450227882210045e-04,-2.751946674774483417e-02,5.111154674597573333e-02,1.271479366467170510e-02,1.302033904203300785e-01,6.742972872018418440e-02,-1.000139817363891875e-01,5.713329187401328113e-02,7.834464440525575057e-02,2.049609888043879002e-01,-2.453476049652916768e-01,-1.530532055797439311e-02,-1.185526513317553959e-01,-3.210731155849839702e-01,2.350471346770652836e-01,7.427570732471060477e-01,-2.583566610188464119e-01,-1.955916807489979925e-01,5.767666214484693660e-02,6.976868001657160479e-02,-1.071048873786085640e-02,-2.652127694378744391e-04,-7.426797897969673878e-02,-1.010246050977874205e-01
7.989480248924262363e-05,-8.032215979374357972e-05,8.745312040460087198e-04,-3.339779824047949420e-03,1.334913268757076995e-03,5.302084731028698173e-04,1.805790891620985203e-03,-2.939430455465282324e-02,6.322415280613116750e-02,8.465069208187446861e-03,1.756420358654169345e-01,-4.345569077366680244e-02,1.793415826952313163e-01,-1.736788330725876350e-01,1.662003910399172668e-01,1.401311472099862621e-01,-5.694829356538390064e-01,4.727814212557189255e-01,3.766487877497942671e-01,6.257651565347874256e-02,-5.566305664264359354e-02,-1.813185125630774885e-01,-2.620388337502148612e-01,4.708574166223432333e-02,-1.734538618544026467e-01,-1.431543694002750944e-01,-6.831228463167015978e-03,-1.757641491083674137e-02,2.689118212428060709e-03,-3.622902597499107896e-02
4.699206744216348041e-05,-5.819585249136890673e-05,3.604484245412261506e-04,-1.219732857546946495e-03,7.079619449990244605e-04,-3.807906017541801678e-04,1.662898681207552500e-03,-1.051937742108133636e-02,1.786614752612190188e-02,5.516171151367164731e-03,6.131192642377331081e-02,3.065455833410561312e-02,3.785231802511751509e-02,-7.374554435824035026e-02,1.287308253338260711e-01,2.961974028857463082e-01,-1.407218901415261403e-01,1.382237428334008311e-01,1.891217580440840429e-01,1.335103006398679071e-01,-9.335291382521636663e-03,5.959942696976701371e-02,6.477608777481069779e-01,-1.995434963999829503e-01,4.013254850477476765e-01,4.053485587429790926e-01,5.307534999821889379e-03,-9.059552260265403209e-03,2.444307122909964575e-02,4.506987660453874722e-02
8.072705155033021556e-06,1.467047054772738994e-05,4.614230465433220157e-04,-8.310011562457185605e-04,5.230988977683445271e-04,2.416324988687898988e-04,2.054386463696409454e-03,-1.169253677541048052e-02,1.190892450280143025e-02,6.438682547616136724e-03,5.385252095395951649e-02,4.602293228748081944e-02,-1.650049941682198429e-01,-2.824756613280275941e-01,8.245158445869733843e-02,2.530236989496703615e-02,-4.781014958953211935e-01,-3.519878001279735935e-01,-5.422299944758355306e-01,4.620215382672484550e-01,-3.637278598411012448e-02,-8.524815701482217623e-02,-3.401453434421086025e-02,3.532789782206451133e-04,-5.468800252994768935e-02,8.008984732558238617e-02,-5.270231905834084178e-03,-2.310832388795218753e-02,-1.185060052138740827e-02,1.975586306516093418e-02
-2.182285535135006032e-06,1.738105500468214629e-05,1.055553316260229494e-04,-1.618448744523018736e-04,1.233820266883347346e-04,3.772927852194846404e-04,-2.538337709158233865e-04,-4.347773146198020792e-03,6.979916516475067646e-03,2.360732568290818418e-03,2.114245221053353413e-02,1.294663773169005272e-02,-1.295586974476717335e-02,2.250768269068558446e-03,3.923500006750754374e-03,4.597643971764612397e-02,-5.440576994693600149e-02,-1.253052432410154023e-02,-2.175257064526595410e-02,-1.072105892705226687e-01,2.619536166960048651e-01,-1.225512761053482516e-02,-9.101101532654753967e-03,-3.238531635580178814e-02,-8.795507319901242627e-02,-3.370942679687875115e-02,9.179612816067801717e-02,-1.199713528066636940e-02,5.483757896756242811e-01,7.706264208674614702e-01
2.841192223520821623e-04,5.122708979672049336e-04,9.125042428475872713e-03,-1.568293509364474762e-03,-1.725231461508580730e-04,4.885119501657239453e-03,-7.531740137435008996e-03,-2.634611311248380439e-02,-9.827513998421563701e-02,4.716246198674788059e-02,1.119233839536452890e-01,7.484791524549194719e-02,1.286251415515235648e-02,3.856842230122435600e-02,9.365499199515043838e-01,-2.090421659412317335e-01,1.964905958698152100e-01,-2.735406000123334624e-02,-4.646679377365362656e-02,-1.846294291684420774e-02,2.707408431251015143e-02,-2.863890153677477179e-02,-3.382956616965109714e-02,2.521839273012937629e-02,3.251603960059069875e-02,-1.496880423955841699e-02,9.537860102527582346e-03,-7.740043740902537509e-03,2.475880660017009110e-03,4.656278059273350790e-03
-6.911207870958072151e-05,1.480156117783919549e-04,1.420343252375337421e-02,-5.175698659182899515e-03,-5.406993456506909573e-02,1.412408519584004880e-02,9.813562447022859681e-02,-5.432510188865128375e-01,-2.766516270919693876e-01,-7.802911279291530056e-01,7.497304874376065076e-02,2.116983631658536646e-02,-8.082065604938703986e-04,-6.990984588662633829e-03,-1.510214731764454588e-02,6.967138756704084265e-03,6.415914764290668072e-03,4.856839554561317930e-04,-2.082398771685393165e-03,-4.224051977726229340e-03,-8.745840712076220205e-04,-3.011967608235700897e-03,-1.407674304295207773e-03,-3.670303000410526191e-04,4.624183096327553165e-03,-3.656440031474867802e-03,1.581637152124477886e-04,1.153753322394268668e-05,-3.614419375848568639e-04,-2.441993391991770582e-04
2.010876794996322228e-03,2.349863701885545123e-03,6.827699053024458009e-02,-3.959278445343109021e-02,8.756331604689228387e-03,1.410539200989316122e-01,-8.819943102170982319e-02,-7.144560220231113146e-01,-3.024859861539935801e-01,5.899199760303829310e-01,-6.171526650718844181e-02,-8.567655506807862753e-02,-1.329800961871789935e-02,2.242293254807760632e-03,-6.168552271369528300e-02,1.782298126844127431e-02,-1.368469255431286995e-02,-8.308877154373544432e-03,1.759050990549015925e-02,4.517101549852695422e-03,7.944252907135736545e-05,1.562131432446570113e-03,-3.850964419322883722e-05,-2.885683103157925776e-03,-9.388009005192065638e-04,-1.057750693528062549e-03,-1.011938757653404195e-03,5.436062800284373678e-04,-2.035768749628920436e-03,2.617352131392558382e-04
4.854786439156850292e-02,8.501818332993590910e-02,9.905927152385052281e-01,4.431255349226987522e-02,-3.761672387451304306e-02,-1.490245177339867035e-02,3.552659635490726386e-02,5.768049445149846938e-02,2.043441980726329668e-02,-2.255538145921125170e-02,1.835216119388509469e-03,1.068838839900509725e-03,-1.835951479253387193e-04,-1.689876638332276726e-04,-4.400680322650879668e-03,7.752618243120298382e-04,-3.414589644741148808e-04,2.613611329970157377e-04,-1.065802404693643097e-04,2.074362735249642045e-04,-8.307612647314622123e-05,1.784457798013578214e-04,1.798759152334556408e-04,-3.728043578501608708e-05,-1.482534540639835342e-04,1.118451814351743769e-04,-3.183538367225518330e-05,5.027282229365503122e-05,6.111806408031976543e-05,-1.763993296676293975e-06
-8.755739381750765644e-07,2.819176021531101293e-06,5.166650725130500900e-05,5.732137848234635034e-05,-6.587974562717316071e-05,1.245950113160998809e-04,-1.680577223543420801e-04,-8.844368507753329420e-04,7.749666174019276309e-04,4.277799559171153597e-04,3.971585516182899074e-03,2.256993430382335779e-03,-8.436859764882771165e-04,-9.494257877534575691e-04,1.565985286934979195e-02,1.662374092590993002e-02,-2.175525315206171262e-02,-3.509814346199616186e-02,-6.938126435212551082e-03,-6.198555287079211135e-02,-6.230003439492123873e-02,-8.472347271870062091e-02,-6.617495708702253454e-02,-1.216576065985633115e-01,-4.945916894378964146e-02,1.374741093660966085e-01,1.388783335835089838e-01,9.496048683799174217e-01,1.189148796766806848e-01,-8.424403202080421593e-02
5.723515373047389051e-06,-1.258817782789829301e-05,4.488367490139480161e-04,-8.731949953325087842e-04,1.975163178252945493e-04,3.192134988963493030e-04,-9.746832938356863110e-04,-1.060271172056106992e-02,1.629536273530251406e-02,4.742627667767279967e-03,4.276112783210597040e-02,-4.750028764422646599e-02,-6.828929950278504746e-02,9.852202564716618094e-02,1.568859066273802644e-02,-6.848872365179073385e-02,-1.005536311489263063e-01,2.192464215682073947e-01,-3.471208224223060745e-01,-3.043068687482908818e-01,-1.330487816289426806e-01,-1.641447000111344867e-01,3.520418918570703548e-01,-5.668812801705451765e-01,-2.849189272154947772e-01,-3.148781265161847420e-01,1.478646554627628673e-01,-7.203617994837129002e-02,-7.708808346859895300e-02,-4.091671668097911913e-02
9.580257351201284223e-06,-3.210250905745065100e-05,4.677773218525433188e-04,-1.030443011503410448e-03,1.887776107805865878e-04,3.666511912577508580e-04,-7.426638718008902280e-04,-1.214417221098855471e-02,2.165824160917166619e-02,7.012779606120789211e-03,5.077645120101369897e-02,-1.050502932211066082e-01,5.102395814077744646e-02,5.895330023917530124e-03,-2.163818599198371120e-02,-5.148650470735426782e-02,-1.443299813619590699e-01,2.810971190036249956e-01,-4.452591938699999585e-01,-4.577550234136315011e-01,-1.976765322774137468e-01,-1.280712450856138218e-01,7.325776259197351072e-03,4.932913209667277865e-01,3.413159387952859891e-01,1.524377440353820723e-01,-2.163559583483944809e-02,3.979598915169536150e-02,-1.130132386947013401e-01,1.374522908663959597e-01
3.422605734259460066e-06,-1.427217302758353964e-05,1.602313640613828923e-04,-2.257162690203867153e-04,8.598135609335493272e-05,-1.633259893486148048e-04,-2.010291018509061838e-04,-3.259105679296964587e-03,1.869777183213336197e-03,3.182258526794500691e-03,5.834720714460567802e-03,-1.470005079872051951e-02,4.754022322029306108e-03,6.524427780205222654e-03,2.230954625774725277e-03,7.068317919596622811e-02,1.627616356790096211e-02,6.051084869673001992e-02,-1.350471041846188491e-01,-6.270376661339573110e-02,-3.637336026095124714e-02,-2.656922040059005521e-02,7.736341936598490482e-03,8.770510789206632796e-02,4.053573880405577506e-02,2.167050356764997979e-02,5.726988241139398944e-02,-1.540801572767122873e-01,7.844239286655753096e-01,-5.606496936445694024e-01
-9.391014775519617105e-07,-6.940632814563962063e-06,2.821459987456667118e-04,-6.120817591616419125e-05,-9.197688716151195237e-05,1.905993395795488158e-04,-3.686100583315116141e-04,-6.469647530280737101e-03,5.656446200777143208e-05,-1.521083232820748580e-04,1.057757498204335740e-02,1.030885993248511351e-02,-6.125274946820746108e-02,-7.371938591769751359e-02,1.058005143349496392e-02,-5.961018511239320194e-02,6.370576141117263724e-02,5.838924177289254308e-02,1.803529666496670597e-02,-1.468786545224734230e-01,-1.022782465816474834e-01,1.354256806346065475e-02,2.855880339303024443e-02,6.778329585000895940e-02,-6.550744298704784807e-01,7.029857352843091878e-01,-3.640653751845537855e-02,-1.270536331416347586e-01,-2.607594022549137441e-02,2.776281501774307235e-03
-3.911161313480776731e-08,5.824069269538994461e-07,6.680329699177552322e-05,-4.342337379509351829e-05,1.045988232735324361e-05,-2.564928482414411949e-05,-2.320741107788338610e-04,-1.425110480574682311e-03,1.903636639022505484e-03,7.775493706239814751e-04,6.049795638243627392e-03,-2.512380679923290235e-03,-3.338721273832072258e-03,1.464672611555279010e-02,8.943284898330893309e-03,-4.424360480118001357e-03,-1.501993060124529739e-02,2.539110636663871948e-02,-6.043342119134364337e-02,-6.293347003110479065e-02,8.687447175598222993e-02,-7.730111390802885118e-02,5.740467281751657908e-02,-1.093190879012375244e-01,-3.662254414747528192e-02,-4.849719474599390595e-02,-9.673471156538541171e-01,1.196394868165892994e-01,9.276582812972981873e-02,-1.038274761179717402e-03
7.154790753688988238e-03,-1.289488834796705813e-03,-1.618883722805680974e-03,-7.471348053091923791e-02,3.392376902273099709e-02,-9.085040630198670808e-02,3.006868857056216662e-02,3.551893988472282770e-01,-8.087604832961217127e-01,8.339907560291799637e-02,3.982642909309852541e-01,1.250601295821015535e-01,5.669538926577923771e-02,2.778796917278825510e-02,-1.330022829766981107e-01,-7.731912161793063395e-04,-2.053136365704155350e-02,1.277649636637351142e-02,-1.019434688932663834e-02,6.917207045784535754e-03,-9.501186719226797917e-03,5.518848373423479448e-03,5.355989409637895889e-03,4.557592326004305866e-04,-4.470607718595948077e-03,2.189036663149029286e-03,-7.783542211788105998e-04,1.458445188210225237e-03,5.483906572645087145e-04,-1.816264238747124552e-04
3.077014996284841829e-03,1.111222682350427975e-02,-3.103309117666549349e-02,-3.714953490738240327e-01,-7.307834700031859976e-01,4.846697727132048134e-02,5.597507967114601080e-01,2.011209416844870340e-02,2.764578308170001150e-02,9.792280323107543927e-02,-1.856715341668550845e-02,-4.995389612153453181e-03,7.331679487042388208e-04,5.052124375586517467e-03,4.384131836395997912e-03,-2.186328172591665321e-03,-5.570242128232916895e-04,-1.038122448862982664e-04,-1.589483465090082916e-04,6.306647337215874659e-04,9.169551672948250253e-04,7.809652050429531037e-04,-8.264800151950371247e-06,1.689889784660352347e-04,-7.997315492108359120e-04,6.401162070660589964e-04,-5.330501915775297196e-06,1.107043447180742243e-04,1.229169211266907514e-04,6.732132849519137699e-05
4.950322939663018978e-02,-1.287051250054655274e-02,5.143870018718509074e-02,-8.025563060600060528e-01,3.820049244705389646e-01,4.331220642730967962e-01,-5.968693847880078562e-02,6.286766089349778153e-02,4.246294648627924051e-02,-8.176412234364381637e-02,-3.149495641395581857e-02,4.439593039672356904e-03,1.143697609942584013e-03,-2.887819354006569087e-03,9.362491567825126024e-03,1.575098397047402900e-05,-6.126219701266101634e-04,5.873937522011454110e-04,-1.380631498048184511e-03,-1.834729971331523681e-03,6.035914094022446375e-04,5.511365105518295629e-05,-7.191109313287563480e-05,-8.564444745892476631e-05,-3.260107645105151200e-05,1.472207876893334808e-04,7.731825485365038421e-05,-1.203244447753588317e-04,1.085181515593966857e-04,-1.011866560595927635e-04
8.625845155998348446e-01,4.973056264335279919e-01,-8.597601591421341616e-02,2.723787729754897219e-02,-2.311883511152280479e-03,-2.019087028836184447e-02,-2.870829640465093376e-03,-8.119711150440141190e-03,2.247079753091306680e-03,2.386061519245823940e-03,-1.526741724606612638e-03,-7.767558622855366603e-04,-3.145338151088462289e-04,-8.521965949545656186e-05,5.372140425555316321e-04,-3.549088449946154818e-05,1.130023195022706282e-04,-6.834187312993528424e-05,8.734511295096685564e-05,-5.385655495221658334e-06,1.954435310683974206e-05,-4.782543282279925882e-05,-2.400910002437849953e-05,2.426479794453133987e-06,3.088144992458705980e-05,-1.666007458677792256e-05,3.529430258257660543e-06,-6.065845725090664045e-06,-6.328437771075578370e-06,1.621424413341466076e-06
6.723955353093977091e-06,6.840805966115581674e-05,-1.713444205295035585e-04,-7.758149675943709416e-04,4.195272461355591424e-04,7.005143642093979465e-04,3.368737160871537132e-03,2.510767188463277656e-03,1.282930055849077974e-02,7.575853531265855541e-03,6.204548294824493299e-02,4.488195528611669399e-02,-2.590636816060905810e-03,-5.615218119637157418e-02,5.755229486577503883e-02,3.542064788971319156e-01,-5.166652480947363235e-02,-5.320481212077121658e-01,1.920371962122835729e-01,-4.219097040895897210e-01,-2.840310895743823338e-01,-3.610508677837621638e-01,-2.341319698263297777e-01,-2.132956686389584355e-01,1.450256382792563803e-01,8.011845582855565973e-02,-1.485175441795528496e-02,-1.476073398409657178e-01,-1.335082811445650539e-02,1.864612406622484161e-02
1.060615161381396740e-04,1.228182586019959527e-04,-8.230648653410869054e-05,-1.149256398339795933e-02,4.484222244936898402e-03,8.748031637419082657e-03,-1.032990163901464139e-03,-4.222803119771215835e-02,1.407903862102003467e-01,1.006624559903269642e-02,4.293762297403870831e-01,-2.035941228476045861e-01,-6.357087238098652060e-01,5.280570215496991349e-01,-1.497514501099636228e-02,2.705756649357773415e-03,-5.781376961917135404e-02,9.607551885677185002e-03,1.276538150065401889e-01,1.365100131372936343e-01,-1.176458111866644646e-01,-7.047193320961370189e-02,-7.957421445390763445e-03,9.718783368383018817e-02,1.825345773501663160e-02,1.935960798930167273e-02,-1.707129006301175492e-02,5.179212227398318803e-03,2.578237341901631896e-02,2.600031643904488973e-02
1.717129585805384038e-04,3.530482738903620353e-05,-4.388476470755025768e-04,-1.264721872767920335e-02,4.638308738021556903e-03,8.075829758001647207e-03,2.409981856757626925e-03,-4.388503728811227883e-02,1.717927112797991429e-01,6.202872988475162733e-03,5.363989069947252553e-01,-6.255343976264675643e-01,3.717196301056422958e-01,-2.247654708306787985e-01,-5.838426499009798792e-02,-1.604004150163108600e-01,1.349376436117084854e-01,-1.858437363073106308e-01,-1.786582196559880278e-02,8.872833321411926696e-03,4.607582160529473392e-02,9.268911107839279684e-02,4.956356821664803514e-02,-6.880813802950112856e-02,-2.684173012429009846e-03,1.021546194378696731e-02,2.930849253745824393e-03,1.067471916797348933e-03,1.347319914841499204e-02,-8.302799616335095403e-03
7.292821578387590593e-05,-2.952937162917983359e-05,-1.275522436749243829e-04,-3.273787368129088202e-03,1.795770611412611864e-03,6.498323301696984746e-04,2.740531086505144237e-03,-7.689614668411099904e-03,2.914457486145680121e-02,1.359791712235777598e-02,1.097885940029228180e-01,-5.716107629463278855e-02,1.443354669684204436e-02,-5.544911073507124977e-02,6.287170803493130622e-02,7.416377214464658918e-01,4.397945465085033034e-01,2.427758275293786516e-01,-2.794635557655519298e-01,1.986314639209325883e-01,-1.587767092253320952e-02,-4.387625622232101813e-02,-1.342307609215971365e-01,4.208058819785491511e-02,-1.341966125673561550e-01,-7.863306664377486821e-02,-4.900661471849992838e-03,2.668491910636044961e-02,-8.154513904503014887e-02,5.333162569929689872e-02
2.166987638779252875e-05,9.606359873320414761e-05,-2.118512167902366565e-04,-3.220586959156868621e-03,1.428791109315742441e-03,3.925712616240041239e-03,7.660606370609849593e-03,-5.339981998420382549e-03,2.005394635966311484e-02,2.344244490258862515e-02,1.383751889938936441e-01,8.809700898968708671e-02,-5.595324563543413454e-01,-7.210261094223929801e-01,-5.283794691732159043e-02,-1.219824014928435896e-01,2.043830755779839359e-01,1.392617473427812669e-01,1.243794135660444139e-01,-1.507243857993516567e-01,2.848148971479573521e-02,6.531890243512358980e-03,1.598867616213217255e-02,-6.555586343433832987e-03,9.328849648296091979e-02,-1.066542697598965861e-01,3.378611156784575020e-03,2.194872188425683879e-02,8.390066965685427300e-03,-1.579239190110174121e-02
2.555575344378208327e-06,5.002314479990223079e-05,-1.399527598550125810e-05,-9.433629371312439145e-04,4.172579934857681330e-04,1.222042857773255860e-03,-3.624694865109142662e-04,-4.304371356226426373e-03,1.682893231227239675e-02,3.872315292383303204e-03,6.200571692760310782e-02,-1.075781463547872789e-02,-5.077744633563349708e-02,5.699881569424044420e-02,-2.075889044665172808e-02,7.051647270828811931e-02,-5.272434480497569659e-02,-4.202396627413024915e-02,-3.892676151911530352e-02,-1.434233405048916388e-01,8.317792772759203812e-01,-4.130322021790119869e-01,3.840569609382920441e-02,6.151283761383318643e-02,-1.395869529906422664e-03,1.039103097798642766e-01,9.330582990545303879e-02,-1.190205268559511517e-02,-1.645761306321097128e-01,-2.083616187151805521e-01
