4.845396573748959011e-03,1.031053388000254672e-02,-1.311987480463442171e-02,-1.904105838463059780e-02,-4.530199952630074162e-02,1.396102912004152097e-01,-7.732129338969666484e-03,2.927627070854975713e-02,-3.488797855230674760e-01,1.035427254983071615e-01,4.337017658875145787e-01,7.135911331743166608e-01,2.405496538407932983e-01,-1.673428206575688360e-01,1.647381962882295825e-01,-1.303351836911459116e-01,-7.536072949241832269e-03,-9.008229540214832132e-02,1.006917604307538787e-02,-7.991013406963465293e-02,-3.471331345824599235e-02,1.224977886928155409e-02,-1.298989704067289065e-02,-3.013811213577662421e-02,2.121150142843080278e-03,-2.278765409304960021e-03,-7.726819232250454550e-04,-5.458231142716739488e-03,-1.723810663982990867e-03,3.423857003520320197e-04
2.407774369729505370e-03,-3.186357826582398786e-03,-8.042716655288106864e-03,-4.987978106396128153e-01,2.734105052659951407e-01,7.566205437145867574e-02,8.136952601396658658e-01,5.332393854537918754e-02,-1.356481882881854523e-03,7.188431835304082140e-02,-2.091697179330315876e-02,-4.021435428235292132e-03,3.890632241867577387e-03,-4.148199869419079248e-03,-5.493977363581979342e-03,-2.618439439454035844e-03,9.897816321616501913e-04,-3.712490465358879725e-04,-1.713283561214753179e-03,4.032639735206378063e-04,6.485199910144754136e-04,-7.085969540340723676e-04,4.171406795846060176e-04,2.144051117367929186e-04,-6.491371238440979971e-04,7.438335479749267785e-04,1.498239114208914107e-05,4.279101493597362499e-05,-3.257353431131209477e-05,-1.774304492090276011e-04
3.339584377432455037e-02,7.196565518077691070e-02,-7.327324194083600917e-02,-2.020730077084038068e-01,-4.068418893954557358e-01,8.546667199293388473e-01,-5.437531562313431543e-02,-7.956321965488821757e-02,1.609872839893143615e-01,-8.624389609555938030e-02,-1.345887968898423553e-03,-8.109761989842029228e-02,-3.004437205880181733e-02,1.643859210279275188e-02,-1.798143165478497535e-02,1.951148345925080713e-02,7.144384148135968921e-03,1.267086878446723429e-02,-3.700356443119042025e-03,1.029784906020041711e-02,7.626791903543609676e-03,-4.483278325912794411e-03,2.153838900394796849e-03,3.768576524241539546e-03,-9.957951679609385086e-05,1.188212015178050562e-03,1.759666277186390602e-04,3.263813566639615937e-04,4.646541331620947408e-04,7.049903456956274662e-06
4.966875821054238527e-01,8.632541919846575817e-01,2.525591036812393358e-02,2.273206708502237966e-02,6.402130316588491854e-02,-5.266008677321501463e-02,-1.043688198132234441e-03,3.790733619146280809e-03,-5.746421005492418840e-03,1.901498455026492344e-03,-3.631689650166983196e-03,-1.232285572994321760e-03,-8.158071477567289617e-05,4.773375762930267413e-04,-2.668641191888781799e-04,5.234685173838722052e-05,-2.243867083378649826e-04,2.632990555368327969e-05,8.305379310208757711e-05,1.479365461401724075e-04,-1.284279618171102727e-04,1.189499458984501722e-04,1.223055707577026178e-05,3.298261208749070171e-05,4.596204705559655265e-07,-3.813413776566496933e-05,-3.290301303481145032e-06,2.192005886457173565e-05,-9.680204306195392113e-06,-4.393998120067910597e-06
3.616998437741715409e-06,-4.838265662808176230e-06,5.431617194021136309e-05,-2.210223131460517043e-04,-6.986960267646776662e-04,2.086674102617464498e-04,-1.248842673929726702e-03,-2.232836196426139438e-03,9.588938455283954609e-03,-6.168714827316692205e-03,-3.113303777496142719e-02,-5.584019221453397075e-02,-2.662660202103422826e-03,-3.000090183140966676e-02,6.919746532145649998e-02,-2.519684305685124248e-01,9.961827980465400023e-02,-3.530443016639000509e-01,-1.270115480687614706e-01,1.020055071838728289e-02,-6.790101414384835943e-02,7.626618933052116411e-02,2.294824742402728490e-01,7.100964031185800218e-01,4.375727098943538729e-01,1.058357291763831476e-01,-4.596838830154448448e-03,-6.959103774749089005e-03,-5.249684871535367087e-02,5.448986000781567973e-02
3.737718249118944177e-05,7.852713946714387700e-05,1.353289126992367880e-04,-2.139077412550898036e-03,-3.333202375688139405e-03,4.255165777049739972e-04,2.954512371987589128e-04,-1.013927491729873370e-02,5.805967360673607025e-02,-2.480529807420298050e-02,-1.118563545785473679e-01,-9.845690761318820483e-02,8.610325859830832151e-02,1.874631475012313725e-02,1.692868614365815594e-01,-2.139450783856274574e-01,-1.090579007073082390e-01,-3.433201483616588057e-01,6.684283991738186430e-03,1.208605418158520232e-02,-7.121634553396214429e-01,3.353494435446155442e-01,7.051289581869865652e-02,-3.291426449845936686e-01,-1.097838563925890992e-01,8.932510867879656438e-03,-8.987175356818127153e-03,6.202859083280622826e-02,-1.099297313324462400e-01,2.126998373267163789e-02
7.543512661944108623e-05,1.683334266066673665e-04,3.272281613812189809e-04,-2.530056982959833899e-03,-2.984836593102587268e-03,-3.530831344195836663e-04,-6.417301245081602620e-04,-1.265168351337711376e-02,6.930726553256505440e-02,-1.649238728455360709e-02,-1.918597748880733755e-01,4.310449549272130781e-02,-2.424755567576789284e-01,-1.269703765174710897e-01,1.776550067590034754e-01,-1.928353851722870438e-01,-4.389566084700067261e-01,-9.250471231046678011e-02,1.421587782894964680e-01,-6.279726910779174220e-01,2.319506142343716326e-01,-5.182061843380426219e-02,3.420839638500463176e-03,-2.123482893340128963e-01,2.980659669750415630e-01,6.462495148195850081e-02,-1.901107538085176484e-04,2.835059814956906316e-02,-6.236620637062233706e-03,-3.415290484873960419e-02
4.447251631919579617e-05,9.334320519502529545e-05,3.221557989952323974e-05,-8.932573206966052878e-04,-1.478029802697814312e-03,3.177217746131861240e-04,-5.135750631076240000e-04,-6.740196232307115766e-03,2.027615354472380935e-02,-1.005519118600975773e-02,-5.796582668542470118e-02,-4.183722653386554718e-02,-4.693915513050044008e-02,-4.010267993112681673e-02,9.842549929041898016e-02,-2.837215986759233921e-01,1.598489080657515549e-02,4.829557788227599457e-02,1.386199263135773074e-01,-3.387513422062816137e-01,-3.779776617413365541e-02,3.065751057498508278e-02,-2.674752232609694524e-01,4.537612659423704287e-01,-6.791634774655000983e-01,-1.419822934308088980e-01,-2.042646798476324081e-03,-4.374038665851040508e-02,2.498968208947700831e-02,-9.526223443621290640e-04
6.639569197136587339e-06,8.256893869819583343e-06,1.811141503343799690e-04,-7.191491818046744870e-04,-7.602181003574695183e-04,-7.476245124906991666e-05,-9.848870926301312584e-04,-9.202135005165331880e-03,1.540331387911058475e-02,-5.952000870327460100e-03,-4.648964204391214938e-02,-8.253778409947444550e-02,5.361819147920556666e-02,-3.339116603321946042e-01,7.714599734150191790e-02,-9.605802049532809195e-02,-8.053775242461135367e-03,-2.135664680558374273e-01,7.817720826792968758e-01,3.999329904447869732e-01,1.532193924373392580e-01,-3.356640010706486710e-02,-6.932377543313188173e-02,-1.245732642361143186e-02,5.456774951280096708e-02,-1.036477307538162529e-01,-8.666537124141637924e-04,-3.162956514727783414e-02,5.311257412287093138e-03,-3.602397104210653799e-03
-2.482350368203152066e-06,-1.067153696505989324e-05,5.045875388418019061e-05,-1.511219189445362344e-04,-2.502113713575312808e-04,-3.951403902046805123e-04,3.867947910384934333e-06,-2.645314678296907963e-03,7.768901900162693448e-03,-3.552773641861858324e-03,-2.064426329376066460e-02,-1.531437329450665782e-02,4.203658627343394988e-03,3.737375270416465209e-05,3.143550507749270917e-02,-4.075826437309108125e-02,-3.776179671149635514e-02,-8.295911263244061529e-02,-3.296488127034379045e-02,3.207240625933339105e-03,-1.771535573521871298e-01,-2.105660132265312623e-01,3.591314495066093293e-02,-3.054808988555834590e-02,3.495419955118003047e-02,-3.285567939817889832e-02,1.507722683121866421e-02,-3.196434378261167608e-01,8.892155401387814573e-01,1.176335004556275377e-01
3.265655798501665408e-04,-2.778930600860684760e-04,5.605327380848640177e-03,-3.499798369025699900e-03,-4.486271997537798900e-03,-3.322668674344996052e-03,1.444135832155220116e-02,-1.058769117482102201e-01,-8.361651751209506211e-02,-5.162726415775633487e-02,-1.136667675922725662e-01,-5.055452213154070645e-02,-1.412752134281286820e-01,-6.061432339055965873e-02,8.428118806288843468e-01,3.036448317157142696e-01,3.552910292813580284e-01,8.487708243091429683e-02,-4.171350096545672903e-02,-1.370666155997650980e-02,2.242474559485131691e-02,-1.686457381939090528e-03,2.689967773043804369e-02,-1.453305700264626715e-02,9.585077630245512903e-03,1.068772030569448486e-02,1.166479273926532105e-02,3.623165084563559086e-03,6.161713214717707242e-03,3.344241285337213893e-03
-7.459280288374746219e-05,-3.171525725963979400e-08,7.375905294243419001e-03,-3.272898210955675624e-02,3.245180735103587316e-02,1.446020302582540218e-02,-6.049066467224046423e-02,-6.367781672017047701e-01,3.419245601798535927e-02,7.580916930754323380e-01,-1.004841784372819263e-01,-1.008213883661854098e-02,2.856148433227055292e-02,2.586064642260815175e-03,-3.580645804530054738e-02,-1.177237695492799885e-02,2.333053697824905796e-03,3.116623932647586120e-03,-8.505655972066126363e-03,4.189934020485675849e-03,2.957967615163002392e-04,-9.880277750383941859e-04,2.505136561876280567e-03,-1.150483286236003103e-03,-3.533532948671091155e-03,4.839099704202767631e-03,1.588717972276151857e-04,1.299805699269776212e-03,-4.029149860046247751e-04,-1.065325400083587349e-03
2.252914463950965278e-03,-1.315128062547761285e-03,3.889659007094802695e-02,-3.485318703393656264e-02,-4.954966701293026660e-02,-1.434073186475901263e-01,1.141952035463448117e-01,-7.501130240147672046e-01,-4.712130158601848806e-03,-6.083459530804163906e-01,1.058242499406926718e-01,8.174433935874217405e-02,2.999821621533878269e-02,2.199389772139684601e-03,-8.967996786580309521e-02,-3.019703449260672731e-02,-2.114054895762775346e-02,-1.286199304718546946e-02,3.535362214088236515e-03,-4.328503046693528422e-03,3.537921491652628626e-03,-3.098488510219573992e-03,-1.004214343437805990e-03,-5.834396249283668083e-04,1.692909198084880567e-04,3.332092855489058539e-03,-1.643033877458095239e-03,-1.950968294134134556e-03,-1.691877818772193759e-03,-1.718308331255974950e-04
5.874599399256009297e-02,-5.176804214258060727e-02,9.858293252261894901e-01,-9.732464545725751093e-02,-9.779407803602112315e-02,2.225468813985592709e-02,-2.384620997482751054e-02,3.807617450114202107e-02,-7.064991593115924930e-03,2.000944651369393479e-02,-2.073815862018174409e-03,-1.369007151663790460e-03,-7.120704018833307362e-05,1.012828106066678187e-04,-1.405614087967810245e-03,-6.881628606385590922e-04,-9.632538184338320601e-04,-2.442163815975712985e-05,8.068413421051828414e-05,1.564955652199090559e-04,-3.118939882555559926e-04,8.178109669043653624e-05,-6.896910058182101246e-05,4.484672229988319797e-05,-1.001026282299421463e-04,-1.718802429925172625e-04,-1.011735677521453853e-05,2.117405657756419826e-05,3.687655754701210295e-05,3.967772416994454203e-06
-5.771018974041732573e-07,2.153589300351647162e-06,4.767293569824284630e-05,-4.165988412285107041e-05,4.005830077489105863e-05,-1.716395186122893446e-05,1.932713272453868351e-04,-1.597584462708429714e-03,1.003512725405815518e-03,-4.780820635043269134e-04,-3.006456872847282531e-03,-3.402800856899901825e-03,-3.903565816822671466e-03,2.640125806194407784e-03,1.456287434222486646e-02,-3.053523814026712357e-02,-8.407347411114660454e-03,-4.671747433393338284e-02,-5.772981732740338490e-02,3.120951572106162378e-02,9.227788080048092423e-02,8.328535066075233584e-03,-1.686233713751707775e-01,-3.317887668722387801e-02,1.543159748599432987e-02,-9.570347674422864659e-02,-9.900263872523772102e-02,4.739817926786326074e-01,7.387410369614533234e-02,8.395324336404255128e-01
5.288589605090593509e-06,2.933936185490947850e-05,1.993081691802896065e-04,-7.021703026441640776e-04,-8.357401587246563205e-04,2.220129613531790036e-04,1.422769109420377433e-03,-6.299190565159421516e-03,1.779528847641579162e-02,-5.065509977374524353e-03,-3.801531605001216840e-02,2.777336034394449482e-02,3.325227329350355365e-02,4.679036546880668140e-02,1.147776004651475390e-01,4.801286816077442871e-02,-2.629454923451014503e-01,6.648663567753912429e-02,-1.139027988823795579e-01,2.053895112942181744e-01,-8.165249174265724885e-02,1.416173095557178574e-01,-8.120165903995882895e-01,1.161855479581155870e-01,2.311825871730928961e-01,2.526814007210704260e-01,9.403288683059363162e-02,-1.485026683057704133e-01,-7.193713849775538148e-03,-4.551482463673548612e-02
8.402690255543220806e-06,4.606353571819285893e-05,3.132994498887331026e-04,-7.469194769576350309e-04,-9.106740332106010331e-04,1.486795996204273436e-04,1.722949203671741460e-03,-1.173510395050174696e-02,2.732559877216371794e-02,-6.424538685891611339e-03,-7.888335058190326654e-02,1.315242563230154260e-01,-1.711347902118182107e-01,-6.034703164207837894e-02,2.157223552909236786e-01,4.571825683908459226e-02,-6.695726644947039841e-01,5.329200264795063563e-02,-2.151357963297111375e-01,4.260214523811495235e-01,9.205048153335235184e-02,-2.174952876084057518e-02,3.142468685379428694e-01,1.432316133180903950e-01,-2.564966774191335119e-01,-7.859402577379580312e-02,2.679999807330608885e-02,-7.510457713270671243e-02,-6.150940580849655059e-02,6.874260751069984077e-02
3.174795340689500605e-06,1.215882737107581520e-05,6.808733174498341313e-05,-1.365303343344484411e-04,-2.777394010142213328e-04,1.898218102068909821e-04,6.042586383672543353e-04,-3.207406557095507631e-03,3.535127735975523901e-03,-3.587310119032890120e-03,-8.798598274773208883e-03,1.663205247980081500e-02,-1.450674639714106748e-02,-1.582576008606672376e-04,4.445448084774043795e-02,-6.549616306545764932e-02,-7.325003003862835815e-02,6.259950796800206607e-02,-3.756367033160686042e-02,1.026928230953926130e-01,-2.252973350938508937e-02,3.662821179670228133e-02,-4.941187414049365983e-02,7.842666795604621988e-02,4.410425403287569074e-02,-1.315628312067950723e-01,1.096953876251723498e-01,7.676779910571863708e-01,3.360205293214343913e-01,-4.774143363983951449e-01
-1.426878235166842388e-06,1.080866404026222568e-05,1.245728259877473148e-04,-1.161969296047832029e-04,-1.071615346620542129e-04,1.548715915954837572e-04,8.053613887451941192e-04,-6.924645307262018885e-03,2.598171118349570409e-03,-7.045801930226143917e-04,-6.286984442200036806e-03,-1.998324055772327662e-02,2.182313458527171054e-02,-7.760032864598065405e-02,-8.760137027936655899e-03,5.151659743381041545e-02,-2.008895240057833112e-02,2.724548798724424695e-02,-1.419100241013377395e-01,-4.630172462677940165e-02,-5.354684767413842722e-02,9.419120109381033668e-02,-1.406888234467687515e-01,1.357957956257801850e-02,2.485735184363647432e-01,-9.144033604643533319e-01,6.464820108613005337e-03,-1.704509405610014350e-01,-8.433904542174273933e-02,-3.163221744935894308e-02
-7.685365760166239932e-08,8.396181646743537474e-07,3.309465858333486549e-05,-6.467755058550450674e-05,-8.206012001896243033e-05,1.012988489560465800e-04,2.314867600594075145e-04,-1.348215003487015194e-03,2.047207867461865467e-03,-3.189867948820136159e-04,-6.997480273053308629e-03,5.472699759006384793e-03,-4.992107955752744276e-03,4.235971407343209344e-03,3.321184047366965153e-02,8.424247847041280157e-03,-5.038334071738632264e-02,7.031747532210378716e-03,-2.240205742700160027e-02,4.126821229708234340e-02,-4.261823037627052169e-02,-8.105825042034756067e-02,-7.219844467266484100e-02,2.601632229466371848e-02,2.138667647582727371e-02,5.507109699423147486e-03,-9.787285829675737014e-01,2.541969739507604631e-02,1.675153340660141474e-02,-1.424950715064238205e-01
7.059478567184547700e-03,1.138611667254365786e-03,-2.005577880193697843e-02,-4.134269849077182313e-02,-7.668057984998934151e-02,8.996372868727066374e-02,-1.529199180223721199e-02,-2.749285722132867663e-02,-8.771663671669412965e-01,-4.590562191491941169e-02,-4.065733752756933717e-01,-1.444169116776730655e-01,-2.610843796193007896e-02,6.437017556610073743e-02,-1.310547855711420295e-01,-7.930461638011053471e-03,-5.104132737522105306e-02,2.212931587638913237e-03,1.201819189191109805e-02,1.519536061182508689e-02,-5.943684259146469334e-03,8.754005863704112170e-03,-5.244161269668554202e-04,4.366609945428344582e-03,-1.003383916870007270e-03,-2.076207505042909889e-03,-1.108941207089482722e-03,1.088759437643746887e-03,-2.844730495730218877e-04,1.664410891139454991e-04
3.279867282539779445e-03,-1.316256041716726451e-02,-4.362804486120449438e-02,-7.181735451530413261e-01,3.955953539868428681e-01,-2.861433100414332437e-02,-5.624106930189738396e-01,-5.381836609782689922e-04,-7.890131981526925806e-04,-8.841304769651490980e-02,2.487171755119802624e-02,3.144142892333710772e-03,-4.618643227860650020e-03,2.538073615746185875e-03,6.072827776728686837e-03,1.810598713630633171e-03,-7.688685894245608343e-04,1.909206213269325800e-04,1.449427325195495843e-03,-4.206793662990309583e-04,-7.673034872380037367e-04,5.124248353372107918e-04,-2.985336259538932339e-04,4.904967329504327834e-05,6.458207458208725833e-04,-7.610106717192794898e-04,-1.181497528304944870e-05,-1.290628071253849924e-04,5.585021724433724072e-05,1.667274765580350907e-04
4.848126808204493432e-02,1.461161475738058206e-02,-1.131303189122148112e-01,-4.233169649657705369e-01,-7.597033926682068561e-01,-4.591743332090117979e-01,2.433885810805512181e-02,7.961015406346928780e-02,1.974166436603921188e-02,9.624291373147414452e-02,2.612122095510273009e-02,1.785458394748811514e-03,-2.958563352090877278e-03,-3.958065280391021359e-03,1.227066098323085358e-02,1.335968137750972399e-03,1.746315495517275669e-03,-8.403691003990773883e-04,-4.720035424044853405e-04,-6.840545127956757345e-04,-5.653204765202279143e-04,-1.273828382819312778e-04,-3.041161101793056747e-04,-1.166936702074198646e-04,5.428605298184612557e-05,-4.583714650891149590e-04,1.473672361988084779e-04,1.501530412868733991e-04,1.292404261272773742e-04,-4.602898505174889674e-05
8.638805094267512086e-01,-4.964139683763023614e-01,-7.205531863634768996e-02,2.977077301440202509e-02,2.695776371517390191e-02,2.025106619197226260e-02,2.688161905954521581e-03,-4.311415698182777083e-03,5.566509406375344700e-03,-2.897985328624610220e-03,1.614185646282378494e-03,7.010765538456880828e-04,2.119936091067761404e-04,-2.421980823727150952e-04,2.915030164547389698e-04,1.854052707590565509e-05,2.048267877952455898e-04,1.621131721797148262e-05,-5.225674387067323184e-05,-7.071462307692710379e-05,6.842699950227711179e-05,-4.419862342672150761e-05,6.618921454326565466e-06,-1.522373033237981122e-05,5.520565238941983254e-06,3.133907050428831316e-05,1.956767769255186382e-06,-9.089919352853128933e-06,-3.239537896512104580e-06,1.766311213994660359e-07
5.834165026046813770e-06,-5.794057041120808554e-05,-1.044102831803039790e-04,-5.753142584772592914e-04,-7.533026238089336182e-04,-1.315988699085601831e-03,-3.735586472063420847e-03,4.722198962437163319e-03,1.156083785929011044e-02,-1.369934909420056530e-02,-5.935923304214158619e-02,-7.335133414900490978e-02,-4.853698761302103538e-04,-2.869329243053506118e-02,6.689677243327082912e-02,-3.957263402404838648e-01,1.990172948879592174e-01,-4.776000969161082743e-01,-4.080839351499430112e-01,1.885667518382088959e-01,4.485433707663653569e-01,-8.078151440933889482e-02,-1.502667679904372555e-01,-2.814757090546967100e-01,-1.676475960310639945e-01,-2.787669663307057802e-02,6.472105769716424845e-03,-6.115042987911639000e-02,-7.959830877604403415e-03,-1.295576962477120453e-01
9.016800685098964592e-05,-2.870240963958473540e-05,-7.834405869593486860e-04,-7.624906504559155612e-03,-9.512624913497781665e-03,-6.135465259842287113e-03,-7.432403949213782848e-03,2.303076078304483812e-02,1.494043542994118456e-01,-6.087216943087114113e-02,-3.917013360993063520e-01,1.020094740571554082e-01,7.953023484035085522e-01,2.987030950264203955e-01,1.387827757810588813e-01,4.630384530926483222e-02,-9.529382292277577271e-02,1.690064823672321817e-02,5.635680717133571827e-02,-7.008490905973153995e-02,1.935209891319880360e-01,3.343973737096916921e-02,8.441631927689760562e-02,3.654862111373100714e-02,-4.589746754397196205e-03,-3.020159609505749035e-02,-9.557406575393369297e-03,-4.386262882203142283e-03,2.648711672128036335e-02,-1.976237970138583825e-04
1.561389347621133642e-04,1.058242181723995751e-04,-9.185199694007773353e-04,-8.497229721743708442e-03,-9.939592718124706100e-03,-7.325334705300540379e-03,-1.072008848636514695e-02,2.804142309355631829e-02,1.996566524806712428e-01,-5.518112723639140293e-02,-5.988986383603295272e-01,6.062215970176146884e-01,-2.866068528556205419e-01,-1.052585419846171766e-01,-2.090482543515037039e-01,1.095452653994741787e-01,2.420873132784192305e-01,-7.010826843177429823e-02,-3.472684763908663076e-03,7.170709583549839117e-02,-8.574605215594359453e-02,4.043322472321746880e-02,-4.378152944903285215e-02,2.080100587077274993e-02,-2.728277470580697806e-02,-1.590331304367419672e-03,-3.267773144549218373e-03,3.045106573869472023e-03,8.800823428650995928e-03,8.189470752443192298e-04
6.954533800622364947e-05,5.301808162034370950e-05,-3.800019461310158008e-04,-1.894312008913930133e-03,-3.327666492118109675e-03,-1.685267565584407275e-03,-2.543728951355329459e-03,4.162587910970628503e-03,3.398658472313568352e-02,-2.282633522439145302e-02,-1.173303237445078445e-01,2.920904598019566020e-02,3.943378976731114378e-03,-4.296730384438027933e-02,1.018622293077336982e-01,-6.713138734010657416e-01,1.395468790961047756e-01,6.409895754308646554e-01,-2.204448545214883481e-02,1.745249191132687283e-01,-6.733007621335310167e-02,-3.253994682983884362e-02,8.168721527493726098e-02,-1.025354328287826078e-01,1.643841842948569054e-01,2.026506267365966313e-02,-6.747779307557571181e-03,-6.422883767948275868e-02,-3.737857958340836534e-02,6.080815076957872545e-02
1.421321266093768358e-05,-6.682778183252436938e-05,-3.273702215978009861e-04,-1.845203004208576100e-03,-2.243380411715439633e-03,-3.711396016426558083e-03,-8.055540720822568224e-03,4.793907481113996762e-03,2.035808226677087232e-02,-3.049249397991918645e-02,-1.149073878077932487e-01,-1.659007471879077045e-01,3.111739688173553176e-01,-8.465884863227028934e-01,-1.019704905174420861e-01,1.321541313956824115e-01,-1.025758164546472853e-02,1.035614787604899750e-01,-2.736360014930598883e-01,-9.235303884221245097e-02,-5.619173055934097855e-02,-1.053326630587105538e-02,9.108561613462877113e-03,1.128581769396874539e-02,-4.449368802742238727e-02,1.241492077372593900e-01,-6.791223699036805965e-04,3.538843048474931557e-02,6.870016201808194778e-03,2.709584902484513461e-03
1.166652038522933858e-06,-3.857569315386141204e-05,-5.572748260818073744e-05,-7.337800839138513024e-04,-8.936800553842372307e-04,-1.016991366454203212e-03,-1.227720634111392154e-03,1.504358920664264788e-03,1.747675001170686387e-02,-8.777472357132665159e-03,-6.276873119363292342e-02,7.747108946567921213e-03,7.004847695724106260e-02,4.262523153841188406e-02,5.062134706918788168e-02,-1.614539320451247734e-02,-4.038274340068596924e-02,-9.695042830075405182e-02,-1.817314700796307178e-02,9.913417742389822249e-03,-3.062292473806092485e-01,-8.857441880328512651e-01,-1.069037940903506817e-01,2.071463826334655686e-02,2.286197093083635126e-02,-4.720290961193538554e-02,9.994390275563058701e-02,9.817182545830674401e-02,-2.486697137396075563e-01,-1.467375017915726818e-02
