5.016861959417967878e-03,-1.094219318276240700e-02,-1.119689961078168192e-02,4.904747292179750112e-02,2.404764179563165932e-02,-1.344177741641857660e-01,2.146108629383321545e-02,5.585849760513973000e-02,-3.835924767440770378e-01,-1.360974423874959094e-01,3.296268629689163010e-01,-7.333409196627915794e-01,2.551688293446819911e-01,8.324813659933438803e-02,-2.083865646841169816e-01,-1.616899315261371706e-01,-3.008405597361190134e-02,7.335409712336270205e-02,-3.745296247860911004e-02,9.919645659311215891e-02,-5.250799647685007454e-02,4.128963990519973911e-04,2.120452903345901655e-03,-3.215273914971020219e-02,-3.977597487138372426e-03,-5.408634254358210547e-03,3.013434332791019733e-04,-1.367625908793887500e-03,-2.670124055811323293e-03,4.336851251357655792e-04
2.170710402271534400e-03,2.897461002111946082e-03,-4.157976467578516563e-03,2.124259352706406867e-01,-5.460699853062661591e-01,-2.185551111109876876e-01,-7.743308779635893480e-01,3.354567853473214289e-02,3.218646623957226172e-02,-7.838953290793128359e-02,-2.963859338033224960e-02,2.038542108378104192e-03,6.861708654204063534e-03,1.522976964693574693e-03,6.748524060419564853e-03,-2.888822863530832435e-03,-1.451394033084857935e-03,4.329081123853825990e-04,-1.085196634201543572e-03,-4.617201253531348724e-04,4.727703414198163707e-04,5.565426221286801003e-04,-4.471943043957119120e-04,-1.612336830611898510e-04,-4.532361376829577900e-04,-9.715701081625345353e-04,-4.007218708245250804e-05,-2.109423771798457745e-05,-1.642444118528725474e-04,1.930845805990404670e-04
3.460871564413195434e-02,-7.077577385808633825e-02,-6.110650002722785301e-02,4.372064188430667686e-01,2.068333111094586840e-01,-8.185710667958260300e-01,1.997050775476468532e-01,-9.678005339688995623e-02,1.523770857548946700e-01,6.853752588569470006e-02,2.117799858813826375e-02,7.735668529948452887e-02,-3.122511230282784545e-02,-2.182322037139472915e-03,2.146477113354531077e-02,2.296266941426832256e-02,-1.468454732672930252e-03,-1.256014916516910197e-02,2.634128420230467515e-03,-1.505220037826039518e-02,9.506482171033881629e-03,2.267428639544782302e-03,-8.384929729122370286e-04,3.938772815697550410e-03,5.347175194430833817e-06,2.425219791214492738e-04,1.041358073437284425e-04,1.882645007487530626e-04,6.826553271629513548e-04,4.640887662827671988e-04
5.112477726324784477e-01,-8.537107835797970168e-01,5.873825107944766893e-02,-4.689437979975601828e-02,-3.248202011153401847e-02,5.453672513264642974e-02,-7.168057268629637879e-03,5.198573953120114687e-03,-4.939607729141494083e-03,-7.452462350438018857e-04,-4.187686275436305200e-03,1.871767664298876633e-03,-2.546138283631070001e-04,-5.346001898205140004e-04,3.905927069679675559e-04,9.381931838424993099e-05,2.173933257265266671e-04,7.375582736123872517e-05,1.374740411615811206e-04,-7.526016247024399915e-05,-8.531417073156170427e-05,-1.020139534974548478e-04,4.065553469703537271e-06,2.868430664463924128e-05,3.833457361516157770e-05,2.364255043942411778e-05,-6.525195981264032389e-06,3.799178429516037011e-06,-1.120826136366015761e-05,-2.025474690328302993e-05
3.982267975183011160e-06,3.384568119646831792e-05,4.073178403211615353e-05,4.461812325068123357e-04,6.143216493365152506e-04,-4.767591194692676971e-04,1.792895904633924490e-03,-3.522356398546456612e-03,9.649591978197107414e-03,5.375755161806191999e-03,-2.827393673690113338e-02,5.512825554005540418e-02,-1.379776452352056600e-02,4.151689165112225355e-02,-4.870495308653086802e-02,-2.299930556499618084e-01,-1.467631566740683347e-01,3.101639512525312670e-01,-2.284297278753066041e-01,-7.029479058037951811e-02,-1.154690884018466472e-02,-1.371337290773543827e-01,-3.100002141857575166e-01,6.456476431629476487e-01,4.421272670534764915e-01,-1.371995666460993080e-01,8.142160893157768947e-03,-1.071728318597744561e-01,5.273214851517692321e-03,-7.872133968709399410e-02
3.747562404627459892e-05,6.346160776567217482e-05,1.174619125863993446e-04,3.410592500407539241e-03,1.564230211073160473e-03,1.251403668670993737e-04,3.097370694084844184e-03,-1.443842266481746954e-02,6.773909578581743807e-02,3.052759957596822005e-02,-1.070684068878226536e-01,1.206307422422867454e-01,7.040815259216495758e-02,1.952338647908901899e-04,-1.396043448369549966e-01,-1.805207826234264123e-01,1.183003957607614703e-01,3.161809638239783671e-01,-1.415886284119698968e-01,8.249990791733420592e-03,-8.007925676088774036e-01,-1.384922728293295213e-01,-4.452837713063841768e-02,-3.097067630554296569e-01,-5.373375688273671069e-02,-9.204188219912338639e-03,-1.890984794710293473e-02,-6.375787655299820778e-02,-9.472321378839226869e-02,-4.898524282387139994e-02
7.960690387104425096e-05,-5.355265198103809355e-07,3.113184335679993094e-04,3.512012989266699060e-03,1.043237471068689942e-03,8.117010586842070838e-04,4.907730052382958987e-03,-1.630107712124264155e-02,8.581542062431264661e-02,2.127476114464741178e-02,-1.973363245753128603e-01,-3.955256525632597220e-02,-2.447100721284812819e-01,1.604544083946177480e-01,-1.380455381529858416e-01,-1.668110878226283234e-01,3.021036181758553485e-01,9.313480151725962719e-02,-4.756229035934225052e-02,7.339231365356692072e-01,2.309391272475805057e-01,8.614443755603369210e-03,3.575275207821712684e-03,-2.024744556086082170e-01,2.804612126344644407e-01,-4.131409623509711693e-02,1.906335858142356801e-02,1.709093057941326937e-03,-3.899887590147233657e-02,-3.670869798318568411e-02
4.763402404315022050e-05,-2.373829756600779277e-05,2.888835100579704136e-05,1.422634216536629217e-03,7.952802722671340656e-04,-4.342501480577252711e-04,1.684461991219783497e-03,-7.733811481908387485e-03,2.329377978663609017e-02,1.038999628898920266e-02,-5.681254473434937946e-02,5.915442670075666404e-02,-6.075387643444818409e-02,6.533063385698101300e-02,-7.525145444415140550e-02,-2.889677271385621138e-01,-3.096654657742101829e-02,-4.771732276275820334e-02,2.574574051320344462e-02,3.314566257560992435e-01,-8.779980259055306102e-02,-7.472463919095262419e-02,1.589034306013339670e-01,4.999799949289898127e-01,-6.930113696089917896e-01,7.423440328303997082e-02,-2.707627587341914985e-02,3.500055264445944836e-02,5.370953412368392743e-02,5.029236185236816981e-02
7.028750604592591355e-06,4.211358145307480383e-05,1.867322870152877034e-04,1.116487396154390316e-03,8.659366432777448582e-04,2.908901630439288642e-04,1.401062024126764833e-03,-1.007603348940434504e-02,1.471317264138736862e-02,1.027644426212346619e-02,-5.203370093301591670e-02,5.600851719246185273e-02,7.959092774661861991e-02,3.190786230766379239e-01,-4.988179352689030982e-02,-9.269880270440938874e-02,-8.417763315732879059e-02,4.655635111568942608e-01,7.877759980495926406e-01,-9.378597654450501753e-02,7.725235313023157135e-02,3.136467569446747816e-02,3.108764070165246154e-02,-1.036821912482538584e-02,3.227606970339134268e-02,1.094844484158010722e-01,3.377022270675007938e-03,8.537043891597258932e-03,-2.243748859570641064e-03,1.162310904294637341e-02
-3.236814095285362928e-06,3.065397266884040183e-05,4.983380609230856663e-05,2.172301662186623206e-04,1.604357651471812146e-04,4.086226695162906934e-04,3.885863749725551857e-04,-3.081856557876828072e-03,8.966611870151408592e-03,4.217842679287078268e-03,-1.939165456874911500e-02,1.671809291117675941e-02,6.443614393670475844e-03,1.874696184220209097e-03,-1.905042452285198029e-02,-3.370794282844263162e-02,3.623616710053147866e-02,8.456257563162945801e-02,-6.569598086801461956e-02,4.431252077720562732e-03,-1.309131293027824550e-01,2.209466304608388165e-01,1.890218407593849750e-02,8.830787995115689168e-03,1.169180649084960028e-01,1.447067035075744190e-02,9.733400506005752961e-02,4.532439590267053897e-01,7.776649311330949832e-01,2.914718003453519168e-01
3.034282933216213957e-04,6.205540291160906640e-04,5.840078620866483508e-03,4.639180906432679476e-03,1.198409235059986339e-03,1.062868238929742543e-03,-1.601283768724051995e-02,-8.829661335438217240e-02,-7.516794193576266381e-02,4.913656864662377388e-02,-1.215276977226191768e-01,8.845230302429687996e-02,-2.054787880064198324e-01,2.156503993046559875e-01,-8.470779699431333354e-01,2.133794894796280373e-01,-2.250413846955378883e-01,-1.914731926669248907e-01,-3.523109301850587544e-02,-1.390536102781873840e-01,2.404091060884000226e-03,2.516321237924627752e-02,-1.022436545696804068e-02,-7.767623003335034915e-03,5.782183930325340620e-04,-2.276115313883221580e-02,5.627363832273469570e-03,1.370231824122074282e-02,-1.544306021185023635e-03,2.428240473901662616e-03
-8.112365188060768309e-05,-1.849078120252141020e-04,7.771790247792662032e-03,8.974937324870656957e-03,-3.868282132309813076e-02,1.926536491566077300e-02,8.235488861434780983e-02,-6.024588661967729131e-01,-8.635373777443906135e-03,-7.792200508990027030e-01,-1.322839220692512696e-01,3.905989934594483737e-02,2.464888722868747994e-02,-1.371441436930313437e-02,3.279565315396685415e-02,-1.238393453404838807e-03,-2.551197661666486198e-03,-3.423902966983573878e-03,-2.255961668775676235e-03,-5.612823424099659328e-03,9.921797746980833953e-04,2.849257672909868782e-04,-1.515117013683322557e-03,-2.639792307034836971e-03,-2.761287290375688194e-03,-4.765740475719999932e-03,-1.896359968331214822e-04,-4.320918902970809650e-04,-6.497873875487762511e-04,6.587977454256123237e-04
2.159208749411944961e-03,3.639308690475681791e-03,4.283468274533672182e-02,5.502247553358513565e-02,1.663196450902771489e-02,1.169983931946886463e-01,-1.280048728121283286e-01,-7.762648698305366635e-01,-7.740814163950701654e-02,5.716724884092425629e-01,1.088110641635515047e-01,-9.721059705115848992e-02,3.819357107496228199e-02,-2.033972341590857547e-02,7.041768467338514748e-02,-2.555510759138733892e-02,3.494670526442737127e-03,1.367774520105355385e-02,-1.657821875540188387e-03,1.906600514318267450e-02,4.414798301262009422e-03,-1.034043947505380260e-03,-2.990291324005645186e-03,-2.241015371007700537e-03,8.080393116032551410e-05,-8.497447641081175057e-05,-1.974773139409196948e-04,-2.331372820588093527e-03,4.274232511970765710e-05,1.109641282974373937e-03
5.593435624971799386e-02,9.342926769340879900e-02,9.850140431752355541e-01,1.208078272354054516e-01,1.404756964251386783e-02,-1.224068135409095599e-02,2.575344658457495023e-02,4.313519069549703183e-02,-4.101407232500779536e-03,-1.952830488023188371e-02,-3.872616978869350760e-03,2.343424002587444783e-03,2.158073028903292618e-04,-5.971549618156068908e-04,1.944520632594816303e-03,-2.716975555683141157e-04,8.965620971927705952e-04,4.619787076903235389e-04,1.456644212040398201e-04,1.143670429677693821e-04,-2.000663521973810872e-04,-8.414200451582900349e-05,1.397204045320887594e-04,9.124700793218564528e-05,-5.612266971592946456e-05,1.236495866956169559e-04,-2.916154700613718108e-05,-4.076617618059852751e-07,2.680987788097431910e-05,-2.210987705439234973e-05
-1.037241240808291236e-06,2.376157702114076166e-06,4.580645420139799060e-05,-3.734909916025463072e-05,-4.438042432874106792e-05,-1.119965747129238062e-05,-2.754004771138740429e-04,-1.507040583190416821e-03,1.326482580037819346e-03,1.885222421055036902e-04,-3.445582008562107605e-03,4.812176701632256241e-03,-7.327643975355929706e-03,5.356517048777380448e-04,-2.123783663763428170e-02,-2.201443613387456255e-02,1.527544511912911403e-03,4.596356075249757173e-02,-4.507444552084127060e-02,-3.924630503765672712e-02,7.484249676111393024e-02,-1.836849041332386939e-02,1.860170880320803355e-01,-8.066493286859303946e-02,-5.216219395917878060e-02,8.415464522521044766e-02,7.649952027785972275e-02,-6.283104499719797120e-01,5.485039882278397450e-01,-4.847169165386492895e-01
3.977696987098826112e-06,-3.644456156876027511e-06,1.931099044858479376e-04,8.525993551101824705e-04,2.946285184365615695e-05,-1.241007890476808798e-04,1.796729392771423894e-04,-8.059270010715205088e-03,2.390241988699530473e-02,8.574062120706563150e-03,-4.307422800257509204e-02,-3.932895822960735116e-02,4.754153254076775442e-02,-4.214163991407991056e-02,-8.940555529624399922e-02,3.959974541578817342e-02,3.196377359291504017e-01,6.409703447434864088e-02,-6.197351244233065444e-03,-1.736192110997819005e-01,-1.589690717474587581e-02,-1.730790593945267797e-01,7.902205875427978921e-01,1.970883881387054393e-01,1.987580030426624178e-01,-2.781592039888320378e-01,8.727705650861747322e-02,6.926360251323838589e-04,-8.706794785551633109e-02,1.423148639955276740e-01
6.534943925462353664e-06,-1.116444928934219937e-05,3.260496992799806221e-04,8.834408952979852557e-04,6.575667013259787628e-05,-5.369882117772460786e-05,6.679281074469850445e-04,-1.161733218771571208e-02,3.211069008685253634e-02,7.423133977293105111e-03,-1.017665570582787365e-01,-1.722439209568447926e-01,-1.654638110763494152e-01,5.910525321025195122e-02,-1.022566333982729558e-01,3.173308351914979480e-02,7.347942589038296557e-01,1.262317446494808371e-01,-5.147032975192080556e-02,-3.659901133918823102e-01,1.472083852248222968e-01,2.323886039187430044e-02,-3.384875035099426110e-01,7.927058550140875237e-02,-2.327942399837258647e-01,1.040355970695749366e-01,2.554995715836415673e-02,-7.667598678970700965e-02,1.483427753216722683e-02,9.553206881452014354e-02
3.359800733662824048e-06,-1.295927206667171476e-05,8.918072574642588375e-05,2.976722489436656681e-04,1.245830786022399204e-04,-2.711093267490341974e-04,-1.124410536557307811e-04,-3.608290331007127632e-03,3.936888757429358315e-03,2.273742318178713449e-03,-1.068539993584603776e-02,-1.578207646215882068e-02,-1.596403665012393128e-02,2.757361217925588873e-03,-1.811542760299175367e-02,-7.934518036929230633e-02,1.173151454417992040e-01,-1.345876320196777789e-02,5.711060833358279527e-03,-1.131850141508951441e-01,2.652801370632492176e-02,-1.242565644727649209e-02,5.255354582185147588e-02,2.747511263950406721e-02,-2.539003535695256303e-02,-4.290446505245126829e-02,-3.563612649998236515e-02,5.863086409580993141e-01,-3.954074696114282667e-02,-7.826094638135833170e-01
-1.829717858027942572e-06,-4.550738785408445095e-06,1.055147689621650678e-04,6.966290668665645731e-05,-1.242167306294784418e-05,-5.772812469098732110e-06,-5.773708056784955002e-04,-5.498081731625496446e-03,2.251417921588939192e-03,-7.534597536833020177e-04,-1.088329624235283462e-02,7.137159208360676277e-04,4.157188057360394762e-02,8.942296480165803918e-02,3.182572855527905295e-03,3.470987760392902494e-02,3.177165108567395896e-02,-5.101618714860810255e-02,-1.385569767295339039e-01,-7.232746991443116807e-03,-4.811918612191816436e-02,-1.199466917558874024e-01,1.899181810333935572e-01,1.096833812770789673e-01,2.228844622880555848e-01,9.167174215196582931e-01,-6.771799661786572812e-03,6.625450040403106644e-02,-8.079541458510410001e-02,1.513424801517362223e-02
-3.980525610888365177e-07,2.459016448945902483e-06,3.597836177496471522e-05,6.118264594095821740e-05,1.234301591535173769e-05,2.151057196276115574e-05,-3.809932252696315375e-05,-1.696968207741730373e-03,2.739954347417646041e-03,1.169678192464862357e-03,-7.016071578834414887e-03,-4.255250210767897411e-03,-2.305093217896715674e-03,-3.169067863048552133e-03,-2.040491734907423291e-02,1.725791662558385066e-03,5.725394967279444358e-02,2.181394531847812013e-02,-1.161297282949015457e-02,-1.829834375252068629e-02,-1.354087275748780926e-03,1.194065624528787006e-01,8.170299479725380565e-02,2.552988519542455717e-02,5.569948246800206920e-02,-1.690380077275057194e-02,-9.797711588468569488e-01,-4.389599435226562707e-02,8.899844593013321592e-02,2.210124423374420707e-02
7.109747823767619684e-03,-5.893984702533692143e-04,-1.870050263773900476e-02,7.968753952137774821e-02,2.977581554008652473e-02,-9.216928341347074838e-02,6.815858062524392941e-03,4.660016640859890313e-02,-8.334393654855538625e-01,6.617507267063081622e-02,-4.710110682706312168e-01,1.817866508726146413e-01,-1.637424122513237920e-02,-9.101772005658784193e-02,1.298601635201053484e-01,1.695906131563852323e-02,3.764739417935844545e-02,1.184449685223294864e-02,1.711059781437783076e-02,5.618176136820048246e-03,1.618193050702554110e-03,-1.061884550649975535e-02,1.433579143337618180e-03,3.393774513805223637e-03,3.442569978979101702e-03,4.438677871793571608e-03,-8.698823994221663389e-04,-8.763091255336186852e-04,3.901099975739077855e-04,-1.898895865847319894e-03
3.096648426890388512e-03,1.279431977058343231e-02,-4.204606624704915890e-02,3.243697117512072126e-01,-7.404759516046303114e-01,1.303635780981875769e-01,5.633748859797751418e-01,5.424022553636768940e-03,-1.753247727683827917e-02,9.233005017375442436e-02,3.432268580258066720e-02,-2.380066648098054082e-03,-7.229721828843823153e-03,1.355037759972064788e-03,-6.850660523846258641e-03,1.464528363322204884e-03,1.057643090098253549e-03,1.497453567370698535e-04,8.770912706011633119e-04,3.733673758398522871e-04,-7.627762034321327418e-04,-3.511494147119819135e-04,2.615925242450512314e-04,4.195282229166450621e-04,4.645604109415958942e-04,8.707407070398117364e-04,2.710561981450762623e-05,5.208379987958391678e-05,1.971539991811671003e-04,-1.434321803716162482e-04
4.908772642533974079e-02,-1.936240334044983611e-03,-1.004491066468300164e-01,7.921161470957298611e-01,3.258704084423807434e-01,4.696380166560819580e-01,-1.321249604363763930e-01,8.864848281105217054e-02,2.126163099383233251e-02,-8.342017471489045211e-02,2.064844797545307628e-02,-1.987341065737359240e-03,-4.047480814093508752e-03,5.201947176315798067e-03,-9.684913379324174357e-03,6.232637767639761508e-05,1.383133234675497987e-04,8.030299756305770038e-04,-8.424912007379527440e-04,-6.258746210046928779e-04,-8.967842312892029301e-04,2.999210599606143583e-04,5.763796914767442634e-04,3.394842039770090887e-04,-6.891332695109771513e-05,-2.013346492647148612e-05,5.161075387674279256e-05,1.741129334776639575e-04,-6.211751910725634123e-05,-2.764868931281451732e-05
8.554500949754619832e-01,5.070796807925078697e-01,-9.099924833839562188e-02,-4.582177600067852824e-02,-4.942467506056548963e-03,-2.428542588311221467e-02,2.174057642107306201e-03,-5.984654846559804738e-03,5.129173234498568025e-03,2.286991850878836077e-03,2.598797199139375041e-03,-1.173321545807236820e-03,2.440313587396101701e-04,3.764575158302903919e-04,-3.813929464156344301e-04,-9.071206077396491620e-05,-1.967994236147866381e-04,-8.900633598142481859e-05,-6.553689357687688462e-05,1.717635931212904779e-06,3.175630275019105205e-05,5.368140986887077326e-05,-2.655130711144399971e-05,-2.901259438974332957e-05,-1.413200366703435082e-05,-2.568568031446422990e-05,4.390070615482332254e-06,-9.516574438306661814e-07,-2.251704635736019067e-06,7.175961285803701758e-06
5.747547019904660852e-06,1.104023387017016589e-04,-1.436607280371208681e-04,7.304367277841224615e-04,4.016276425695755061e-04,1.171334101128070114e-03,3.707022279729326429e-03,1.915672185400719291e-03,1.507159817623699750e-02,1.249429507022855983e-02,-5.014639393199922524e-02,7.348712873943875901e-02,-3.178732289741756367e-02,2.267178429691804262e-02,-3.193352568591228263e-02,-3.480276837365220421e-01,-2.601675553028982013e-01,4.305002014243480835e-01,-4.180665035961940723e-01,-2.267340108317386083e-01,4.331016768849295095e-01,-3.951653997179965794e-02,1.540375614896186962e-01,-3.190868183845740891e-01,-2.101109124231296810e-01,3.939225800342237988e-02,-1.799222896894065934e-02,9.784596012217436356e-02,-7.089936424423656791e-02,1.162069199852604068e-01
9.376576740019970885e-05,3.488581708844947188e-04,-1.034472293015739749e-03,1.043054953156924251e-02,1.733633527584262785e-03,1.025200775912070081e-02,1.752586747855860300e-02,8.181757847745430717e-03,2.040570663133813578e-01,7.389011968531519758e-02,-3.694140684822605492e-01,-8.507910216211516177e-03,7.345925397557271364e-01,-3.751264964650815603e-01,-2.626455492143080495e-01,1.313819996987868749e-02,5.223972181448603008e-02,-1.334199100496949973e-02,4.448576395562452851e-02,9.615429378497954149e-02,1.815893122524891157e-01,-6.342539081421764979e-02,-1.115331921093741380e-01,9.661399738555238870e-03,-2.125551385903580101e-02,3.371328050046168423e-02,-8.211357227186811755e-03,1.300876735873287941e-02,2.777674068158941453e-02,-3.093660804109038716e-03
1.598682709770022519e-04,2.993026735262981986e-04,-9.166711159645011099e-04,1.121840435937652113e-02,1.889396075646033709e-03,1.167145873443186169e-02,2.358237759569805497e-02,7.845743149098565600e-03,2.495632094800183665e-01,7.014643604511219821e-02,-6.156459853409657068e-01,-5.800954339148391981e-01,-2.546062539508891498e-01,1.954896648508503559e-02,1.902774539761859507e-01,1.153426657976128894e-01,-2.766759197455103680e-01,2.773455064025440089e-03,8.910631028823168265e-03,-9.120130795146204339e-02,-1.128984597661725486e-01,-2.072362217665051423e-02,4.617899569425572281e-02,2.444068746653428603e-02,-2.076450316884275935e-02,-8.245499446010958952e-03,-8.815421820590755436e-03,8.363311435382828757e-03,8.092171997224940211e-03,-9.734152062340278161e-03
7.317138358255862796e-05,4.673047270954273474e-05,-4.039226611532112528e-04,3.427767072018911201e-03,1.405334198028652991e-03,1.569613773976522931e-03,5.595703631877719034e-03,1.297305073219162620e-03,4.018956666958029694e-02,2.133736861143629288e-02,-1.135700968643403447e-01,4.064008396879773000e-03,-1.258044542545741495e-02,4.348224928092184888e-02,-1.521181334645644451e-02,-7.490328884163259815e-01,3.607617638540405042e-02,-5.278193472426001565e-01,1.644161880483314131e-01,-2.442732415333564999e-01,-2.597153392837811200e-02,6.214677289452461006e-02,-1.242174781309370903e-02,-1.012106484035800863e-01,1.760751804219304606e-01,-1.838724217866616805e-03,1.133319714730039035e-02,-6.735593851671131671e-02,5.279136241019728726e-04,6.657292832957202589e-02
1.812215925464409963e-05,1.855176822794706113e-04,-5.373764771214782849e-04,2.565853598400176083e-03,1.080195384527044044e-03,5.723445159466261992e-03,8.544635670598429295e-03,4.975533500579032084e-03,2.475003111678344622e-02,3.272647185395509417e-02,-1.349239853088420316e-01,6.823459037851072051e-02,4.155323733490752791e-01,8.033296602660866537e-01,1.974851020653327627e-01,1.146014691801603980e-01,4.722468457529085256e-02,-1.542671879569157967e-01,-2.416676295943112618e-01,-1.870221321743013171e-02,2.208833457017744719e-03,1.261464691779868100e-02,-1.177372426622087798e-02,-5.746419426121686554e-03,-4.429919017948984183e-02,-1.335899945580151793e-01,-3.029600609555190959e-03,-8.624044176595322547e-03,8.705141521230641555e-03,-9.621665667581850642e-03
-1.390642359415162821e-07,8.052972610795947224e-05,-7.286455995027164183e-05,9.550889676556891797e-04,1.462175471084991294e-04,1.759237076397674512e-03,2.615703361810528191e-03,-7.879203001677755145e-04,2.331063961789001451e-02,1.158303101753381525e-02,-5.736476326965643524e-02,1.116291474694959020e-02,6.463023863210159980e-02,-4.428020453726192601e-02,-3.094839771063234019e-02,-3.092884674390315378e-02,1.446500262681557625e-02,1.145120543325434392e-01,-1.030901783036642788e-01,4.150998346400701020e-03,-8.396089580192388213e-02,9.144034367568449895e-01,1.322236216671027476e-01,1.306548098361993704e-01,1.128958623086178878e-02,5.200852928129424957e-02,1.138666459360120481e-01,-1.112189640232569554e-01,-2.262880083384875285e-01,-8.225348509828260546e-02
