-5.197057505732481653e-03,8.095321579855121324e-03,1.374636471116845449e-02,3.790640723011662327e-02,-4.040487156562639487e-02,-1.128391808305805044e-01,5.641384634747593357e-02,-7.952341283811674433e-02,3.573727315010303274e-01,1.912309195655299554e-01,3.704853232063733404e-01,-7.372552332184045820e-01,-2.193524553148316625e-01,1.423254230315358915e-01,1.638215634545728550e-01,-1.143388453555038708e-01,2.768771115882718778e-02,-9.211665276328354079e-02,-5.560142536985321349e-02,7.643253134668889781e-02,-4.077520350105991870e-02,1.733127325483537623e-02,2.401091493413943720e-02,1.171846022668060656e-02,-2.658953564256913687e-03,1.000858182862584059e-02,4.733624215453978955e-03,6.459304970213007070e-03,-1.197537730708171308e-03,1.612286126905112821e-03
-2.062596098866529854e-03,-3.692493535036988489e-03,5.362625891720550902e-03,3.887232138660490222e-01,4.262150343921272677e-01,-4.214771043967943109e-01,-6.948080140306909236e-01,-3.616431995987941933e-02,-9.741835040424211625e-03,5.806423289447935898e-02,-4.420697604946303289e-02,1.181756612781384479e-04,-1.804657208404899767e-03,2.129048539323366487e-03,-5.115665703037226668e-03,-3.704691036725780377e-03,-2.485065772224506406e-03,1.816037543734978429e-03,-3.064293723496069204e-04,-4.146640578715957257e-04,-1.660572735142581979e-04,-5.572462423598479675e-04,4.474758724961083690e-04,1.867638962914866952e-04,1.949005952902477809e-04,-7.779154173686872540e-04,1.624348240920193531e-04,7.061816364406152500e-05,-3.174803909754967589e-05,-2.743042868070093569e-04
-3.591767748294483892e-02,5.226868000455257152e-02,8.029315946983887897e-02,3.453615502935064030e-01,-3.461316708906960193e-01,-7.337447800960601452e-01,4.148276229866012521e-01,7.277040838294887570e-02,-1.284830053868784017e-01,-1.011720809685894840e-01,1.883712657611851665e-02,7.478519378315888477e-02,2.460842093711250109e-02,-1.499126514675335094e-02,-1.910091342954837318e-02,1.666073658012104733e-02,-8.219534431805647356e-03,1.536203510313544768e-02,5.646841611117630125e-03,-1.020059935208672552e-02,7.063570864789906270e-03,-4.661076303354575942e-03,-2.494986701819036732e-03,-1.886285360289118767e-03,3.567877395897373917e-04,-2.061023630118835083e-03,1.520514662625637131e-04,-9.078023802229241972e-04,1.713987983557346991e-04,-2.639126766275876621e-04
-5.362315383207778563e-01,8.361821475116006930e-01,8.733638892481672411e-02,-3.401182019817873547e-02,4.323117658597029622e-02,4.562120569341535786e-02,-2.185964406295562087e-02,-2.120321318104264382e-03,3.454604532752887820e-03,2.045042005608579093e-03,-4.255435726552061690e-03,1.897477009658595816e-03,3.035626693555742821e-04,-3.410775723085567881e-04,-1.266185108137513234e-04,1.080397462217603686e-04,1.300935741467065126e-04,-1.875047097732702878e-05,1.542066641944275058e-04,-1.280814879058563374e-04,-6.153338720848934747e-05,9.549354278862283386e-05,-3.797391736771329822e-05,-7.152637739925218880e-06,9.875934655344445310e-07,9.575415002471958121e-06,-4.570377965284384440e-05,-4.891515202357538929e-06,2.572067018446094042e-06,-2.967409131199380906e-06
-5.059701291721025515e-06,-2.850285396258647202e-05,-8.335210276905426392e-05,2.608791542919983880e-04,-6.147860738595177640e-04,-5.081826374588790251e-05,1.773180266735423531e-03,5.434849914407572508e-03,-7.301513681700310711e-03,-9.155931346670717272e-03,-3.490669318701301177e-02,5.123933512950561847e-02,-7.723058503178299684e-04,3.008303896182814782e-02,1.161160814907908900e-01,-2.104230910590862702e-01,-2.774032358302827017e-01,-1.777226887918480491e-01,-2.226965506027554220e-01,5.313534630692628991e-02,-8.031404467374270162e-02,1.011577087858964719e-01,-5.691073451478778633e-01,-5.055039154480466257e-01,-2.109620068521985414e-01,-3.544841759909883039e-01,-1.358242168524138697e-02,2.598030714758426188e-02,1.213484617646072398e-02,9.535731530534521938e-02
-4.080802505637648822e-05,-7.739288089036838703e-05,-1.110937477863642312e-04,2.957169137228787305e-03,-2.620371399045366874e-03,-8.154447682318380830e-04,3.089131303902096365e-03,1.863313515381269728e-02,-5.960136972159337659e-02,-4.731778187882673681e-02,-1.243745326092978720e-01,8.526967425928867750e-02,-8.347278254502535355e-02,-5.857719110155812370e-02,1.404569852638525573e-01,-1.767409378668772513e-01,6.862082143864614570e-02,-3.620387029306932347e-01,-2.116662759646561476e-01,-3.214505498231234881e-02,-6.265585352198124180e-01,4.746350825460378675e-01,2.185855258803339751e-01,1.726411908480261770e-01,4.635923777080480646e-02,1.018816839945952263e-01,-5.792552125037188360e-02,1.251353364183805938e-01,-9.425299189200448541e-03,3.230593107844356715e-02
-8.615315360206836110e-05,-8.923606485860753306e-06,-2.523198632960390740e-04,3.418296479112158288e-03,-2.041718703387747011e-03,3.217220963929709509e-04,4.537265030357989955e-03,2.087922712032818165e-02,-6.721936938503324244e-02,-4.403918718585189684e-02,-1.668939421128283751e-01,5.701613109267545873e-03,2.010344761166875938e-01,1.593167951537156901e-01,1.387341945687433353e-01,-1.655039085568487944e-01,4.898343494264525977e-01,-2.375642233038953166e-01,-1.010454942910719994e-01,6.000584531563508683e-01,2.347489801128881948e-01,-8.427597721585615431e-02,2.454480941125112003e-01,-1.702998024692827794e-01,-1.673848852157646672e-01,-6.148629424134467031e-02,-5.001499238684257997e-02,1.684494461015546840e-02,8.994776769217661255e-04,-7.252802668099176710e-03
-5.015868365499600732e-05,-3.074803495638636853e-06,-9.243450418353333888e-06,1.218095759173697633e-03,-1.098150594983496060e-03,-7.669722951464851479e-04,2.099601550484029872e-03,1.046898750044531097e-02,-1.912238746482765317e-02,-1.874717296635074887e-02,-5.821842033871696409e-02,4.485373811038966679e-02,4.891344801130403236e-02,6.346438757179392876e-02,1.564901662085569911e-01,-2.791673332251298212e-01,8.016421988528157905e-02,2.134110607871075177e-02,8.358116179650268429e-02,3.002390560159810540e-01,-2.133007771347239859e-02,-7.580494245629638972e-02,-5.883989839530695543e-01,4.840259702959015531e-01,4.098285177657858269e-01,1.334509235051009046e-01,5.853865871556347689e-02,-6.396470396599446273e-02,-1.221850010880669996e-02,-2.788362020736711439e-02
-7.207550807978886535e-06,-4.924571963870961924e-05,-1.160784785749126725e-04,8.372380125092392187e-04,-8.200663422396008541e-04,-1.016720101906883359e-03,1.838514872516621530e-03,1.113782839331449274e-02,-2.126724616396385992e-02,-1.538516136561997663e-02,-5.343459799936037952e-02,8.177609973524034570e-02,-1.459565846695387858e-01,2.597626774234413904e-01,9.949902923183946701e-02,-7.033822146548301957e-02,-1.365388951005057083e-01,-6.351935024686559128e-01,6.116678921323920326e-01,-2.061213154830465188e-01,1.614913200267130700e-01,-8.939136789690904639e-02,1.132034139853903797e-02,-3.145316962662469268e-02,-3.021085730104209471e-02,1.048864781419441838e-01,2.521193295486463988e-03,6.531136462109204087e-03,-9.839811762902528867e-04,-1.105609767467983368e-02
2.746100713129725000e-06,-2.268687080881275986e-05,-5.048322925008489617e-05,1.693932624745007616e-04,-2.155186557214273707e-04,2.744458647602812380e-04,2.136485429271045176e-04,3.230870611303677652e-03,-7.638859990713097944e-03,-8.201945458546003667e-03,-2.032496579605571133e-02,1.548082139272747952e-02,-7.174748037531496030e-03,-8.512363994781765864e-03,2.206366149615559408e-02,-2.127312546944355731e-02,7.613819105656021227e-03,-8.739678850187448944e-02,-8.360027586696947011e-02,-7.688124763400171376e-03,-2.004508850256500885e-01,-1.276453759968795287e-01,5.651777759155023756e-02,-5.641582304347010635e-02,-1.128908368185945893e-01,7.327662795201765611e-02,5.134450522310141096e-01,-7.891276796299071528e-01,5.928891102001138114e-02,-1.121392315649897692e-01
-3.504722782173621816e-04,1.750820541646663385e-04,-5.505962935499933257e-03,4.642300560761251915e-03,-3.903465070725612926e-03,-3.399744445242647121e-03,-1.013591309894470126e-02,1.062556558264856482e-01,8.181716586364969068e-02,-4.155173139443556207e-02,-8.807853817629784920e-02,6.726010006618879378e-02,7.147163763293222505e-02,7.701660477734768862e-02,8.682417154913786295e-01,4.043741379025369009e-01,-4.930187532598864081e-02,1.752352713504842230e-01,3.364846117617713295e-02,-4.926981243948626299e-02,-2.117954148977826967e-02,7.038371268558048059e-03,2.807102394005128038e-02,-3.313723787826933914e-02,1.448693631295525780e-02,-8.735035843903234121e-03,3.732685574367715624e-03,1.754251570662190753e-03,2.707605176321928927e-03,-5.610117653386913553e-03
3.776512211397518349e-05,6.492702342765404103e-04,-4.582016577138087708e-03,2.521897287386586084e-02,3.666799787800970045e-02,-4.663842083114730776e-04,8.636743922518477778e-02,5.795866242079807940e-01,-5.994929330700651121e-02,7.769910214934788728e-01,-2.109875114605645474e-01,4.097981772877685135e-03,-1.724591141814750192e-02,-9.819917550972835987e-03,-4.255024278491143647e-02,-1.577160616888898664e-02,-1.075254518245563964e-02,1.165689906301208001e-02,3.644520372815386253e-03,-1.027189894361905031e-03,-4.122310273148631875e-03,-1.984932329082015993e-03,3.946606316422632960e-03,1.847510191471200131e-03,1.445761104753842804e-03,-3.414060142628811117e-03,7.977494592603426955e-04,-1.156733143138087333e-04,-2.050254027451164820e-04,-1.740797096465225655e-03
-2.464082647581071917e-03,2.479732010783203440e-03,-4.043681230047325298e-02,4.881986290959706987e-02,-4.070906650056199672e-02,7.801118320253955241e-02,-1.414907468364296483e-01,7.909988040751524396e-01,1.465496842841101099e-01,-5.261807959609531293e-01,1.560981183262831751e-01,-9.347915314365616568e-02,-2.851244364535535439e-02,4.143024248153301219e-03,-9.128575027410344711e-02,-3.888875768919271975e-02,-5.052022418063446471e-03,-1.277258290509342663e-02,-6.475731796543144139e-03,9.790882694548880966e-03,5.827574945381486932e-03,-3.050257626444458168e-03,-1.495999709896490522e-04,3.748805242608648034e-03,-1.118552018272407763e-03,-3.747984307438428659e-03,1.480927911095906340e-03,1.527676279945594214e-03,-3.283932794019770980e-04,5.074461748535204902e-04
-6.443695896436994752e-02,7.039861908404597413e-02,-9.870915131561034395e-01,9.879776190237901656e-02,-6.272954292224799944e-02,-1.690329785713983596e-02,2.326453738130669982e-02,-3.999422350732164538e-02,-1.459561379008850841e-03,1.987481693503034136e-02,-3.900226708851442514e-03,2.238187129679624233e-03,4.507918653867569111e-04,-4.005926586626889683e-04,-1.056411355022316388e-03,-7.085370920596014473e-04,3.689629607225011960e-04,-4.240384921441283012e-04,5.616998528516495623e-05,-7.205786062436984288e-05,-1.733473172356927853e-04,6.707595068727920226e-05,-1.244619776175409566e-04,9.888430843067041879e-05,-1.310839926909066845e-05,1.791956866978505682e-04,-4.854238768262815078e-05,-7.440647981102225877e-05,-6.033900078317223597e-06,6.876609949361907459e-06
5.614903662458449980e-07,4.584700910798892291e-06,-3.940531972501103999e-05,2.319763659849556893e-05,3.291825932191031194e-05,-1.326422254858531692e-04,-1.238374144659545992e-04,2.296265659433951913e-03,-1.064228373075437476e-03,5.780037023161038214e-04,-4.702759665612108765e-03,3.425412763698527669e-03,4.179292804197114533e-03,-2.595388621826208377e-04,2.107600565367860612e-02,-1.610376554349083125e-02,-9.009589743569246245e-03,-1.517020332586400434e-02,-4.926584426134890393e-02,-3.230845286517538412e-02,8.905985037567237805e-02,-2.791497288542716185e-02,4.563713624668814389e-02,1.067092785805082017e-01,-1.515361122723532863e-02,6.608702313151182395e-02,-5.498998530027138232e-02,-1.655956629464170882e-01,1.576072704937333813e-01,9.557157125349196036e-01
-4.706596660407300160e-06,-8.546150008137749939e-06,-1.054225097067520468e-04,9.127899580476737506e-04,-5.235399932130174218e-04,-9.966707460276071594e-05,8.288945251801291443e-05,7.700067400949128608e-03,-2.113605248613740703e-02,-8.849659774168893225e-03,-4.297379922962926702e-02,-3.721976563266581745e-02,-4.621881196273764508e-02,-6.438758704589418735e-02,4.712336409959517330e-02,6.278547113011208325e-02,3.616701641225865682e-01,-1.221571310482160583e-01,-1.645808376570277731e-01,-3.528748893350924787e-01,1.142542288884291490e-01,-7.348562608794934059e-02,-2.512615434111896695e-01,4.586411424970674444e-01,-5.844752222555507082e-01,-1.618889738968440906e-01,-1.613932857416169528e-02,5.101059229965083236e-02,1.302888113976412299e-01,-8.250698392101210588e-02
-9.570485532730828209e-06,1.533013181640410945e-05,-1.469174950630670819e-04,1.178476119657096213e-03,-5.965554182194478120e-04,3.916117148089292123e-04,2.871261340530300850e-04,9.530421839916376758e-03,-2.554848708776945310e-02,-9.353726144038218560e-03,-5.218812188642563132e-02,-7.484045505541213339e-02,7.107371202999110404e-02,1.745195181974217719e-02,2.372923065075336051e-03,5.057939873030099787e-02,4.745564209405856992e-01,-1.794724829822570422e-01,-2.488556034767543668e-01,-4.774053222996229029e-01,1.559720267801878724e-01,-9.776540188925441494e-03,-9.643995597183928348e-02,-2.885638115275834803e-01,5.386859541602019297e-01,-1.807321268833985556e-02,1.564591294043407854e-01,4.640444782526123579e-02,-2.858791547394525998e-02,2.667010763365321169e-02
-3.354415021195954912e-06,1.203625795254418394e-07,-2.933730228931586667e-05,2.623189699007857619e-04,-2.586871198289948290e-04,-3.333592284919664273e-04,-8.644829497251755863e-05,3.823882270584512497e-03,-3.173851056300459189e-03,-2.757351894342197855e-03,-5.405708774356716290e-03,-1.130948800094876312e-02,4.698642713814478282e-03,5.881264162501086135e-03,2.653138350686537819e-02,-6.962714233091604754e-02,8.059640663361883339e-02,1.780852806405027952e-02,-1.227016774943180677e-02,-1.242984269855251650e-01,-8.350647349863236577e-03,1.466187624258677089e-02,-3.055959917283985333e-02,-6.859346977206515206e-02,7.628944969303184942e-02,3.207950499659179694e-02,-8.211460917942723370e-01,-5.119104957076078266e-01,5.306646078474866468e-02,-1.409470793903835062e-01
8.716176634029143676e-07,2.361100318460894668e-05,-9.257152366662937905e-05,2.034928518527363763e-04,-1.329078572899490248e-04,-6.350075948105828819e-04,-2.428767034946253164e-04,6.400146442150707327e-03,-3.364159907389623755e-03,-1.675760418945012025e-03,-1.214209652991530067e-02,1.371711421513635738e-02,-4.655165385937170414e-02,8.210562366714729832e-02,-1.994090407818857602e-02,4.129854393305073396e-02,6.344721018895831122e-02,7.077617683835815687e-02,-1.294383943093730671e-01,-7.805795218510339951e-03,4.743104450177675763e-02,7.671858745580012462e-02,-2.360427626432214099e-01,-2.453940672386686062e-01,-2.605758322094267609e-01,8.725973321834538110e-01,-9.884922642350042060e-03,9.479457308603048138e-02,-6.433930646650682685e-03,-1.504268987251942795e-02
1.743371133882044585e-07,-2.146960816228963697e-06,-1.889349701406178004e-05,5.232527893448821654e-05,-4.923138363469845474e-05,-3.842123514610732170e-05,-3.121591171555443032e-05,1.322244751106597905e-03,-2.207961131730874077e-03,-1.424602193653386369e-03,-5.869680523049471306e-03,-2.675311776070904250e-03,-1.485368303120334754e-03,-1.004430515107435952e-02,9.606676868966913807e-03,1.141635157718376252e-02,4.071253435025985051e-02,-2.411915619398953547e-02,-3.115697518667162255e-02,-4.772944875029728334e-02,-4.298214857314614640e-02,-1.097664796087003125e-01,-2.413693733204543002e-02,5.638513926735898990e-02,-1.053384976263538331e-01,-1.270309937371885863e-02,-4.335658448314896191e-02,-7.644179503058236291e-02,-9.690662587962256547e-01,1.356752277182918520e-01
-7.036591444660784782e-03,-2.556030314067474218e-03,1.603867162945116914e-02,6.386735241688490383e-02,-5.895422941554342988e-02,-5.490387079603931131e-02,5.135400783726339763e-02,-6.690909738228753567e-02,8.630366436804454144e-01,-1.240983812164088256e-02,-4.305482961766210481e-01,1.712880446558946446e-01,5.235045246103058048e-02,-5.613910157760632069e-02,-1.249425951564109155e-01,-6.290679272971299620e-03,1.427158157043514203e-02,-1.098677509947255763e-02,1.356103646253119591e-02,-1.150370102873835530e-02,4.990256929995997084e-03,5.875061519704826048e-03,-6.854545780331315272e-03,2.088454220454775100e-03,-7.846457003072201388e-04,2.243010716486252849e-04,-2.838286228476922038e-03,-1.804582901856547445e-03,1.012230398403162976e-04,3.525061094898430708e-04
-2.722067617300322727e-03,-1.369500696429780916e-02,2.320850442046843917e-02,5.615427148078953046e-01,5.908030363697376330e-01,2.790097494263903410e-01,4.977568127393569575e-01,-6.287828258163668908e-03,9.499595918658862090e-03,-8.199605382455470159e-02,4.856816727585976101e-02,1.325803193084771009e-03,1.679109366387307456e-03,-7.415351238585500245e-04,6.602200840063641822e-03,2.927410527900165503e-03,2.249731415570903250e-03,-1.970715331560076323e-03,-9.788065146485208006e-05,2.047335118532618624e-04,-4.039385587156484747e-05,4.825139106197031303e-04,-6.637867565336747671e-04,-3.389550827449188774e-04,-2.409315395674172227e-04,6.629245031721279439e-04,-1.234295174116115893e-04,-6.799273511973408322e-05,1.896685573875845002e-05,2.834951743551026031e-04
-4.842014324877724069e-02,-1.533317521578023319e-02,9.356701756187822683e-02,6.268141910159846786e-01,-5.787200464249008247e-01,4.253175118728955151e-01,-2.495646282911199720e-01,-7.937792804311655237e-02,-4.330722341980843687e-02,9.567236467710472925e-02,1.303094204324715608e-02,3.955194678820997227e-03,-1.437766007499767290e-04,2.797946269523000646e-03,1.203086791349390096e-02,1.740611874247763357e-03,8.422385981248993632e-04,-1.071850604407824413e-03,-6.650319124716834538e-04,8.535231270756278186e-04,-1.039929939225377794e-03,-2.724325689653301415e-05,2.060871838625338750e-05,-1.654638818128067459e-04,4.195195445621565031e-06,6.166138377071508393e-04,-1.268438418596340249e-04,-8.089728058993334925e-05,3.282392014694976292e-06,-2.997336526728566560e-05
-8.393894154383025885e-01,-5.409213339614125093e-01,1.096144920270302435e-02,-4.048697447310553588e-02,2.329883680834676785e-02,-1.992763630293517205e-02,8.554967326132584607e-03,4.712459546753386928e-03,-3.950094231776359738e-03,-3.324885806808352846e-03,2.491106964961401458e-03,-1.319264145288822319e-03,-3.245376082037721354e-04,2.346760787927088085e-04,1.838022671204299688e-04,-4.397561110399172198e-05,-1.025428408263632558e-04,7.756315721992295548e-05,-8.241531874870912497e-05,4.874947771765307774e-05,2.106704750525885487e-05,-3.069827373110313576e-05,3.695222623837104249e-05,-1.077203472455953273e-05,2.550350219548193917e-06,-1.911299762027292000e-05,2.325465264513871557e-05,1.543570532703693977e-05,-8.111668440064054386e-07,1.778616330362567532e-06
-6.223888112049935029e-06,-9.434227513822674891e-05,-2.435868227256390148e-05,6.163859602076324825e-04,-4.629769968659697425e-04,2.530143681700686240e-03,3.434312910678531412e-03,7.440768762970270027e-04,-8.487395955955032156e-03,-1.726666932792248615e-02,-6.122617795805974927e-02,6.018420539910034756e-02,1.457273977896113640e-02,3.577776384214986088e-02,1.604361497064848430e-01,-3.255183442662249460e-01,-4.628665403660242594e-01,-1.343285925984729068e-01,-5.168813860145990979e-01,-1.257789122990452535e-01,4.467148032001724833e-01,-8.761363436609063970e-02,2.495529307831826082e-01,2.028344208949474925e-01,6.984556395984403698e-02,1.072488176487471634e-01,5.797234700986933498e-03,5.848024870776710564e-03,-2.736554720981207098e-02,-1.261859518137241620e-01
-9.323732966825179209e-05,-5.160779293375852795e-04,4.417752957316558975e-04,1.002516621914128526e-02,-6.040577243643862997e-03,1.385675857212477144e-02,1.305443678037927942e-02,-1.428501506427461328e-02,-1.646221060498729294e-01,-1.405294767414771162e-01,-4.522213357653853683e-01,-2.350578611916358807e-01,-6.394729975499439112e-01,-4.724384280074272469e-01,7.211023024875168330e-02,9.138158778522292164e-03,1.751837426137817233e-02,3.560740408460109918e-02,5.887057754266193654e-02,1.190974364097129035e-01,1.632852782057016283e-01,9.996789131850274471e-03,-8.721221073506807767e-03,-7.440425543815221143e-02,5.093970185410300749e-02,-9.662055952416789004e-04,1.150380984361760832e-02,-2.780387156224147990e-02,-1.354552305621145071e-02,3.325149663960999253e-04
-1.610932156208442427e-04,-4.760855284792715812e-04,4.938161799346474801e-04,1.173531899922784609e-02,-5.886606541589916100e-03,1.961342247726621454e-02,1.740589653189537553e-02,-1.385611743030086031e-02,-1.933423594885878838e-01,-1.469919060606593442e-01,-5.432631658121614970e-01,-5.488061855997077298e-01,4.288583011627922215e-01,2.471457500988445688e-01,-1.357501221484707088e-01,1.273226494623431460e-01,-2.011177870564776760e-01,2.249871766264333744e-02,3.392143651186070585e-02,-7.501133379702762394e-02,-8.256046992898490033e-02,5.346485114885651813e-02,-3.674414174818180223e-02,6.604807183161419404e-02,-2.593456163272252202e-02,9.398670428144332081e-03,-5.960509626783131593e-03,-8.756164280174697986e-03,2.071730786578562192e-03,5.826721954436584437e-04
-7.341443236369104533e-05,-1.405598274042574748e-04,2.673223859501721710e-04,2.998284369555725797e-03,-2.613333965660666683e-03,3.668790513597161660e-03,5.194717110873724002e-03,-1.684219526263596920e-04,-2.931012658288854877e-02,-4.244677215590011987e-02,-1.108958921599128289e-01,-1.276062926088535575e-02,1.805440540035915462e-02,8.965680066018304195e-02,1.855089593182316088e-01,-6.958629816403140156e-01,1.487429213052923471e-01,4.545338914496904748e-01,2.555385114717864670e-01,-2.952833334943086863e-01,-9.858775109336859188e-02,-5.993857736202701930e-02,1.413063145923658948e-01,-1.269800592578261833e-01,-1.240435810860422428e-01,-1.445533543230986123e-02,7.740061998567618340e-02,7.037842530564489274e-02,3.258506885408297450e-03,2.544121562980473233e-02
-1.493682805143840062e-05,-2.081510358722447700e-04,2.716432752090272942e-04,2.494565365682579073e-03,-2.007425841297263806e-03,4.660824903385620693e-03,8.054945628195697704e-03,-8.494147859917826685e-03,-3.509646233234475776e-02,-4.579975514477956783e-02,-1.420830420985562670e-01,1.471726183611573868e-01,-5.160155200323780500e-01,7.489256712248413272e-01,-1.332283218550289472e-01,1.219108129522271100e-01,4.469169884991652103e-02,1.896755732717680665e-01,-1.837907257133274963e-01,2.604856874512764819e-02,-5.283293991610975293e-02,4.557079401607989390e-03,1.354377813894900098e-02,4.733675725595277300e-02,4.005399451796402138e-02,-1.238750917919026334e-01,-2.996032784666179290e-03,-1.436817170007695550e-02,-7.414600749491616696e-04,6.860345715591305293e-03
-4.793115296794151950e-07,-8.765965958521807681e-05,-3.117832520819905469e-08,8.327592559999816030e-04,-5.410555959933804372e-04,2.003263389118170763e-03,1.861247850072391503e-03,-9.350550554224978201e-04,-1.782297128833193467e-02,-2.063869979858461504e-02,-6.305374135995256424e-02,-1.188240781930390358e-02,-4.616097086091169172e-02,-5.656354472772155695e-02,1.594812208782580426e-02,1.658816068187296891e-02,-4.754376221961852111e-02,-1.175464571701566874e-01,-1.503504418090831352e-01,-3.060659067282207445e-03,-4.264865255309697178e-01,-8.296164057195408725e-01,3.899326450984671316e-02,-5.856230804295999709e-02,3.891107767380995452e-02,7.161350244037559265e-02,-1.289528523553611916e-01,2.034009626943567017e-01,1.027693601035939153e-01,1.640245001273988104e-02
