5.166061399716769670e-03,-1.092153665593244977e-02,-6.527491459671051939e-03,-2.792550523883667590e-02,-3.554395179844137276e-02,-1.367714143752809808e-01,2.310478089527447446e-03,-1.670597976505516780e-01,3.097631717400353701e-01,1.519857726291178601e-01,3.554869174687036448e-01,7.645630519831119187e-01,2.123819285649460598e-01,6.469098519612198270e-03,1.548905569841253771e-01,1.733891812300535906e-01,-1.831367970307105908e-02,7.091435091535520929e-02,7.581409733956834436e-03,-9.410919341990460485e-02,-6.651446839753369367e-02,4.556416934851773015e-02,-4.574277290532093899e-03,3.094936701110201360e-02,9.129336424824973859e-03,-9.304186418306598441e-03,-3.463742464397116425e-05,-2.621010119383646747e-04,6.046264647213209220e-03,-5.492704891263069803e-04
2.985477247191674083e-03,2.258939233134210460e-03,8.830390307400308794e-03,-3.637248986568077935e-01,4.180229961859376897e-01,-3.566149295482673454e-02,-8.275195666774023406e-01,-4.729033193558359119e-03,2.358344781073933721e-02,6.892100033304297824e-02,-3.667880198392231561e-02,-5.661864384924465525e-03,5.086290725719336443e-03,-8.265990585511097258e-04,-7.321917625467649730e-03,4.324878319464616969e-03,1.225842374556636565e-03,-4.573503930174272814e-04,6.855963676692043403e-04,2.162785428347643944e-04,2.803388775259924482e-04,-5.343670081277400192e-04,-5.580835630417033382e-04,3.142735912965407608e-04,1.314672552342626192e-04,-6.977402879697198719e-04,5.910852068032398124e-05,4.299784422798800192e-05,3.254944682878145698e-04,-2.834934914281386927e-04
3.536176415363169456e-02,-7.406571397390401823e-02,-1.028453180264637945e-02,-2.934926926145631776e-01,-3.264018686400748659e-01,-8.701413009811548305e-01,-7.763423065968929303e-03,1.413334654042019412e-01,-9.930723168515000199e-02,-6.811100876218884048e-02,6.942560848463586246e-03,-8.306939562519620457e-02,-2.232789058541697139e-02,-6.154694796679293332e-03,-9.576082010523529614e-03,-2.481252928164413146e-02,7.651477913888520693e-03,-1.282919902858844184e-02,1.833107087585107188e-03,1.289034564052992347e-02,1.063073148533922284e-02,-9.183256465448258812e-03,-3.194089166087008620e-04,-3.801198909751107771e-03,-9.281016153164862092e-04,1.037690618994209371e-03,1.000689724974907987e-04,-1.622800230212770214e-04,-6.845413053239763788e-04,-2.640611202800691127e-04
5.015093920200072164e-01,-8.587903842343613814e-01,4.860929093307354149e-02,4.557388405237114415e-02,5.886806122288908844e-02,5.407976555108584549e-02,7.648748497940812199e-03,-7.938157807503481989e-03,8.980833453705344043e-04,6.676264319010272522e-04,-3.367682804936757320e-03,-1.615390138122249283e-03,-3.342367561225178586e-04,3.386388540430745886e-04,-6.753381159356687709e-04,-5.982200394479114647e-05,-1.866979466506232788e-04,8.743465221339971919e-05,-1.061923965054687873e-04,1.232024748642651690e-04,-2.180444812614166654e-05,1.101625110182050262e-04,2.063194951005788285e-05,-5.635972180461320445e-05,-3.664210157219474601e-05,1.158630497142549076e-05,-4.504723828545316294e-06,1.192936554911256639e-05,-1.226872246280099449e-05,1.226124820489730559e-05
1.692223174148094891e-06,2.111642727351400342e-05,1.379613359591653837e-04,-2.775258164110060567e-04,-7.489805069988223754e-04,-5.023397014668032389e-04,1.684243723882109835e-03,7.371611976268676279e-03,-7.243821581291207123e-03,-6.555188735375806243e-03,-2.413166978804766674e-02,-4.987681025194682510e-02,8.334197296284403048e-03,-2.824983571843552727e-02,2.586790958157155276e-02,2.925291627877468215e-01,1.203826465401487134e-01,2.851088775583913715e-01,2.535548424382167432e-01,3.410344614851298917e-02,-1.708456654256995666e-02,3.741172430832662155e-03,1.457822087477450845e-01,-6.100138580235103802e-01,-5.665516270233235119e-01,-1.560069433795863436e-01,-1.195405462142586604e-02,-8.403112919412736304e-02,3.394285127940601071e-05,4.728662721769808647e-02
3.786665054925858687e-05,-3.183535936112954736e-05,7.662816441343821760e-04,-2.941151448707082262e-03,-2.762924216672772975e-03,-4.400444414853585287e-04,5.767889326632364170e-04,3.170478444921877303e-02,-5.223623315631875652e-02,-3.723599820631349339e-02,-1.080692954147304541e-01,-1.096002725994172228e-01,5.114813840368877956e-02,2.883413192008097911e-02,9.361717890738953385e-02,1.860765989849460511e-01,-7.942731892132780247e-02,2.508899540570953546e-01,8.869516242815600471e-02,3.965593414846940723e-02,-6.212255851850629895e-01,6.042921765941663415e-01,-2.384416899036041482e-01,1.205413786196953968e-01,1.115337923239456269e-01,-1.385916020526583269e-02,-8.570842956418026765e-03,-1.308696607797367115e-02,5.500921757502860027e-02,8.522576168941174701e-02
7.239359001451208355e-05,-9.278703277790928405e-05,1.032704346767685053e-03,-3.295534132230656249e-03,-2.580357809022026591e-03,-2.677744975412672747e-04,2.324943813683789072e-03,3.484006751279000030e-02,-6.962883290011442905e-02,-1.903290840681699098e-02,-1.888208638546514939e-01,1.949549133878666907e-02,-1.889363579947973271e-01,-2.390583812312933598e-01,1.408859534980142492e-01,1.090083544832572693e-01,-3.183547158740097638e-01,2.500027494552734542e-01,-1.302071414128573024e-01,-6.861567055535241488e-01,1.614452730560673455e-01,-3.730631526700983920e-03,-2.567171636106973034e-02,2.828213046477804915e-01,-2.671706064259131153e-01,-4.715680095069924027e-02,5.461925884824871645e-03,2.056825651608345379e-02,2.184122499214900121e-02,8.091814034347373161e-03
4.442817993142216063e-05,-6.326071097336090094e-05,4.097832209603419727e-04,-1.261960319558870372e-03,-1.282343545329419450e-03,-5.397142592523597633e-04,1.684468187901355662e-03,1.398600162181004754e-02,-1.864204168405334330e-02,-1.212133353756628985e-02,-5.067982594185545253e-02,-5.831188086721222213e-02,-3.670432185481699305e-02,-8.677594707722946499e-02,1.989853911846188247e-02,3.024235556108169631e-01,-2.912913898361072992e-02,-2.726266732013936725e-02,-7.467573590624952684e-02,-3.487156815359687134e-01,-1.134998362556806223e-01,-7.219995450015138927e-02,3.679774217946545356e-01,-4.346122562335421602e-01,6.460444400569639312e-01,4.463390405413341505e-02,-9.992982617962227476e-03,2.178171108530571262e-02,-3.500187401831506701e-02,1.659266093779107956e-02
5.934360276782797136e-06,1.846526525275167207e-05,5.478734978673158867e-04,-8.660076091871448658e-04,-1.103901425886884367e-03,1.019395570741183244e-03,8.681366149481945091e-04,1.148968158606870557e-02,-9.495495383840949974e-03,-2.267089611061036750e-02,-4.377229812263036535e-02,-5.187073417605523457e-02,2.243840001247023042e-01,-2.517387363648534437e-01,7.488259501093166848e-02,1.308493567860241902e-01,1.159061827982249410e-01,4.503541923403350800e-01,-6.969646167476331033e-01,3.469691760752765530e-01,1.236694324415584800e-01,-9.833973406152602195e-03,1.101828571343513724e-01,3.776842072861408273e-02,1.510504145154582117e-02,8.087388955209767749e-02,2.069307860089016331e-03,4.844420672845658853e-03,6.524755716052758024e-03,2.574064794271268154e-03
-3.223044345619248979e-06,1.627367122502556838e-05,1.423941339208138160e-04,-1.787105300200327745e-04,-2.459497878126561750e-04,3.840500952686566084e-04,2.000342154797590116e-04,5.831112237796297684e-03,-7.015811730223247590e-03,-6.465364664758639981e-03,-1.767518130946698143e-02,-1.630905375813626254e-02,2.553926600530162256e-03,-2.205098895046876846e-03,1.798203718926226144e-02,4.181872190469482220e-02,-3.582136697547842058e-02,1.002177544283411881e-01,3.664582194091656198e-02,1.328616334332732851e-02,-2.016076761011280638e-01,-1.356673631266352431e-01,-3.040742831654201506e-02,3.257600304312763262e-02,-2.447857028319764053e-02,1.723781314106807502e-02,8.266185560503989949e-02,-2.658920368707205426e-02,-4.769562768478074477e-01,-8.290994088213650137e-01
2.692508899374954534e-04,5.055659103160301589e-04,9.269639257944044253e-03,-2.512375146849834227e-03,-1.087504790533656753e-03,6.914808353549091631e-03,-3.535595096708847411e-03,2.743260071941830761e-02,9.243114989281893401e-02,-5.692753231113383688e-02,-1.255570528422128851e-01,-8.839395812380716755e-02,-3.035755571468817110e-02,-1.184136420100970755e-01,9.085596055925434511e-01,-5.866148134398110198e-02,2.529608823323169497e-01,-2.165117584998325351e-01,5.244587826070060133e-02,4.412803924852779641e-02,-7.663457435106303672e-03,-5.503945538550969463e-02,-2.658733986881996192e-02,-5.384847313720613621e-03,2.276212254565825564e-03,-1.618576531711384339e-02,1.199013647193492536e-02,8.104306302926215719e-03,4.207889136657213245e-04,-9.089443197226694179e-04
-4.946407931901937639e-05,-2.850233262691930034e-04,1.635101946394987640e-02,-2.338915443942727809e-02,4.114067897792409584e-02,-1.265917449887590113e-02,1.110077506813353376e-01,5.184700164197622030e-01,2.706662589476735437e-01,7.683628937307727114e-01,-2.162631857323633611e-01,-5.216960804248297473e-02,3.709829553261930618e-02,1.563005406790936996e-02,-3.280310464552735339e-02,-1.071298493432362963e-04,1.410645811353427453e-02,-8.459206863598502102e-03,-1.644882587713339221e-03,5.033089220162705914e-03,-4.168192133735794608e-04,-1.490379679873606207e-03,-4.857221196884302372e-03,2.849290271846985009e-03,2.080690217850806895e-03,-5.129699596282688741e-03,4.284022395677650218e-04,-7.016050722903268300e-04,1.546174073781286622e-03,-1.607682201565560935e-03
1.934518862813099050e-03,1.876518194411063616e-03,6.871864779053089844e-02,-4.332202566672270494e-02,-2.552114918388117062e-02,1.428198186762323629e-01,-4.741700462647493314e-02,7.379407809949891650e-01,2.969850734350929500e-01,-5.482426782976927981e-01,1.427146949515998853e-01,1.151940164859850402e-01,-7.270903389739413920e-03,9.161965966562827385e-03,-4.916508293806153007e-02,3.354301848409799083e-03,-1.150715306596553945e-02,1.571907534410789745e-02,1.389499425067646649e-03,-1.210052449363621316e-02,4.862178551578758348e-03,3.224781345572468993e-03,-4.412716757356842292e-04,-3.112337960000733842e-05,3.171004189275301269e-05,7.500686908707036925e-05,-1.165004372586631552e-03,-1.231976423538327968e-03,1.465057675678958175e-03,4.341397802566183202e-04
4.620502015660287592e-02,8.175047992946184172e-02,9.916569570630315855e-01,-3.421378902644479220e-02,1.087456408960645916e-02,-1.911378062750566931e-02,3.408052666103114636e-02,-6.385269090066221509e-02,-2.051164915994426255e-02,2.088102394859528421e-02,-3.727563890364193108e-03,-2.695446035168171106e-03,1.497929370482354921e-03,1.009681561040689938e-03,-4.723379567743741549e-03,5.514560537960103712e-04,-1.120163386963783257e-03,6.837180652727391878e-04,-1.905901670288340721e-04,9.096389617115418851e-05,-1.326901248083045656e-04,1.619305347641682939e-04,6.378065273422099234e-05,4.990321492514874325e-05,-2.728679605581422649e-05,4.627331301685185449e-05,-4.610329465601879784e-05,-1.576202126369171736e-05,-5.276778591211781931e-05,-4.580229712018842411e-05
-9.961755209705490041e-07,9.173000585224291566e-07,7.831303587068837136e-05,1.435899273609782890e-05,8.277642233426869400e-05,9.483758286498717826e-05,-1.487140472964872963e-04,1.466678310279412745e-03,-5.205587242734778476e-04,2.907670527840216092e-04,-3.667969277543693847e-03,-3.894160244413076392e-03,-3.944588926050886755e-03,2.272044551573810470e-03,1.656305241037520776e-02,2.585416722299496359e-02,-4.014711788497911729e-03,2.490204461632153712e-02,5.651812682734923265e-02,2.051914221324981080e-02,4.476457260374541725e-02,-2.767889695559259868e-03,9.067411822588744563e-02,1.486718876599623651e-01,4.696080723113180144e-02,3.186745284775367726e-02,-9.469607000059808433e-02,-7.621402763078833908e-01,-5.205705141492097399e-01,3.136518127301697878e-01
4.945060667404466738e-06,-2.631942726823155782e-05,4.846031852698587622e-04,-7.735744597621636333e-04,-4.865170644040177133e-04,-2.365233110073206374e-05,-8.520252050528198456e-04,1.295725471470091268e-02,-1.599422832742943695e-02,-4.850689705626017728e-03,-4.138215284246161974e-02,2.371342365216542319e-02,1.081068261473046126e-02,5.186893710957814208e-02,8.084398410307645777e-02,-8.461209969136151976e-02,-3.078426521710016517e-01,-2.703282937740339106e-02,9.817192869006774458e-02,2.188894002820147011e-01,-1.727811929318253670e-01,3.020860100915745070e-02,7.835810258718122201e-01,2.816683049573966979e-01,-1.018356956019467879e-01,-2.461962879520387670e-01,1.350061384611354887e-01,3.138835212668798086e-02,1.141460321183115356e-01,-1.998230422050309776e-02
7.481420679482219465e-06,-3.167621330273058056e-05,7.265404066521567381e-04,-7.507967486636455898e-04,-5.122026459423494266e-04,-6.264013422632632583e-04,-3.500554256382787410e-04,1.578732410056369120e-02,-2.255530787270262558e-02,7.883619408422342517e-03,-9.359149475972966536e-02,1.232453476297003386e-01,-1.300187478417621778e-01,-1.287472690366056882e-01,1.733774733842941840e-01,-1.288394633109784526e-01,-7.109231184219303445e-01,1.522286338890780910e-01,1.448360019839711188e-01,3.450236942195218370e-01,1.925208623407312913e-01,-3.888526940589712155e-02,-2.311129068942702203e-01,-2.868663105981538175e-01,1.797221136264168795e-01,8.885549270109581455e-02,2.049563493107591991e-02,-8.387190482551576398e-02,6.418238745412194191e-02,-2.083228307261468168e-02
3.447955871786805910e-06,-1.533051958554964160e-05,2.057273151985168137e-04,-1.749086293489317062e-04,-1.869206107116003017e-04,-3.641769993444926470e-04,-5.457861330851400579e-05,5.007194859412022851e-03,-2.137380506368122268e-03,1.047037787804920052e-03,-1.132037721003108059e-02,1.330063977157266118e-02,-1.580233523838904530e-02,-1.420911738566682687e-02,1.708713781311257604e-02,5.243378900241828927e-02,-1.163267742074082234e-01,-3.368813927489645865e-02,1.444608631751966021e-02,8.752088962233588176e-02,1.001782057144746767e-02,2.147585796258707005e-02,8.969012456211599912e-03,-3.818871473670718258e-03,-5.560869569278044378e-02,-2.864799700339847217e-03,-2.981022293991246117e-03,6.153861975144626628e-01,-6.744644210340409174e-01,3.691439117281415938e-01
-1.888000570033980124e-06,-7.748771051745093752e-06,2.421938487872959316e-04,-3.866125380851591977e-05,3.312241271832253622e-05,2.511961540486733115e-04,-3.582595689953625316e-04,4.445680644199845842e-03,1.823993708935073938e-03,1.259398403700895527e-03,-6.384081213701341996e-03,-4.534594644965442463e-03,6.844244934906192068e-02,-5.835229987622459619e-02,9.184413164635245319e-03,-4.385617099190745188e-02,-3.752771812188795270e-02,-7.063689980002725577e-02,8.735248174065221582e-02,-4.207161760387404664e-02,-7.750516943209770360e-02,9.112689384188765729e-02,2.251564460980333138e-01,-1.523867495920530786e-02,-2.067084284168205499e-01,9.296904638608676219e-01,-3.328771877432433034e-03,2.001581089714387848e-02,3.573549294552745559e-02,-6.165993708064014360e-03
-2.864292716388492495e-07,-1.077581993316654448e-06,9.018806604944264638e-05,-3.579220884634665525e-05,-2.175178999812310711e-05,-4.406020639708087196e-05,-1.263022971047313722e-04,2.218193599861049102e-03,-1.769270901636635883e-03,-3.343371998971316514e-04,-7.898637398187175959e-03,1.441916110729425096e-03,-3.791636989945372776e-03,-3.644929286765233832e-04,2.492490345274094021e-02,-1.188858979489460475e-02,-6.072220585741329446e-02,1.993853095658480387e-02,1.850659541935927715e-02,4.133717039640816271e-02,-8.009016924714336405e-02,-8.747061161148100839e-02,7.338706178107273770e-02,4.836398255461065582e-02,-1.801414957721532081e-02,-2.771194494966401980e-02,-9.777252817158845755e-01,7.471869660620709952e-02,4.034131745943221603e-02,-8.351337682949871999e-02
7.441233404701635273e-03,-1.827272371794436611e-03,-8.753162442657003162e-03,-5.552902062777819586e-02,-5.683026566646121741e-02,-7.888160347021050400e-02,2.807498950838606400e-02,-3.480449941066171005e-01,7.988377566066208191e-01,-1.721531480691849691e-01,-3.824377737605151872e-01,-1.629458256845836561e-01,-5.230392452100682960e-02,5.022411416400848760e-02,-1.295846462698540535e-01,-2.301169104210470939e-02,-3.613329742970412817e-02,2.165715064231947540e-02,-1.615692160070157993e-02,2.999675463172916511e-03,8.136369101665546708e-03,7.679410814126819140e-03,5.436598506032223020e-03,-2.997299699329142916e-03,-3.306526420719231758e-03,3.867930589067515579e-03,-9.006251237117876172e-04,-4.225830355211568465e-04,-1.430646307371716665e-03,1.102711376158084533e-04
4.209855524187160886e-03,1.181226104723788993e-02,-4.768291207309473950e-02,-5.938305883049820322e-01,5.805719601852328271e-01,-1.735990554483278492e-02,5.449662303491593640e-01,-2.959456865044022417e-02,-3.192236547668916152e-02,-8.396480670982274519e-02,3.885519517479126689e-02,5.909797958596372039e-03,-5.705199787599345325e-03,-1.211156860880009548e-03,6.864276847250442432e-03,-2.184384886096508386e-03,-1.530246238202492967e-03,9.720136085224830328e-04,-4.611693425206735966e-04,-9.624025424815417355e-05,-4.738981399573418264e-04,4.973567374646501241e-04,6.329978816386729263e-04,-5.492714728042043639e-04,-3.255670158196970285e-04,7.094806875490038047e-04,-5.446915563750556527e-05,1.345895241611802344e-05,-3.100923709446108960e-04,2.153730907770141467e-04
5.104539236154610055e-02,-1.921905583669993728e-02,-1.352047950911622505e-02,-6.466540248022593085e-01,-6.090515511601971577e-01,4.381403092906642760e-01,-3.658558236062460500e-02,-6.435256825751105303e-02,-4.236150874110906212e-02,8.976243438721848156e-02,1.885985553913028037e-02,2.765318324310995818e-04,1.443570616367633342e-04,-3.587675540284203032e-03,7.875164034435486182e-03,1.621853537206681840e-03,1.269334146403745464e-03,7.840032541219555697e-05,5.183113628364556828e-04,5.632392097498804340e-04,-1.666261247999731038e-03,-1.943969826761757019e-04,1.032142823875429873e-04,3.197556883933095500e-04,1.386101393722779899e-04,-4.574062820269720388e-05,8.696537113355797303e-05,1.259283279733520945e-04,-6.271753782778891268e-05,4.026899967888430417e-05
8.616175320583345787e-01,4.996695645753699289e-01,-8.008776655130306343e-02,3.057351023316241811e-02,1.111287807223823587e-02,-1.931370123656724752e-02,-3.734793965898946903e-03,8.568352860421010048e-03,-2.125770562414082670e-03,-1.951267687012225556e-03,1.780788844963041538e-03,9.435928029671295696e-04,2.259429678356082325e-04,-2.222455985301591752e-04,5.858304161064292271e-04,1.907635776510734619e-05,1.652304155969077065e-04,-1.282624317940729358e-04,6.147970561879214106e-05,-4.350339650198522975e-05,1.489923186499833587e-05,-3.746285885208636802e-05,-2.350851329594301782e-05,7.252677876341124555e-06,1.752197506943534719e-05,-1.789122454350194124e-05,4.163234169053795036e-06,-1.816520010738670169e-06,1.018859593841302220e-05,1.620303835755664997e-06
5.675737144970565704e-06,7.722548892932964688e-05,-1.734962048639875976e-04,-8.042082343722864934e-04,-7.487180851561268296e-04,9.941224332801863132e-04,3.671315516467906284e-03,5.057092524592609814e-03,-1.415817576135300869e-02,-1.739870034182865524e-02,-4.731465414665732283e-02,-5.945976083925533229e-02,8.006895244958527405e-03,-3.190592857264402601e-03,4.335339189998775079e-03,4.249681456391017909e-01,1.937299957955559981e-01,3.350461218280312292e-01,5.258257326428195100e-01,1.545624538792228220e-01,3.722993199440647882e-01,-7.744900006295581119e-02,2.131383745755817752e-02,3.610890380564537594e-01,2.404622427095187143e-01,9.670516174108655105e-02,1.012922985717369141e-02,1.127162144091471974e-01,7.838669880370813248e-02,-3.535852156314824024e-02
1.041673945784201837e-04,1.018380341334049747e-04,-8.507206020643647395e-04,-1.096887800391006113e-02,-7.676679597277098061e-03,7.803812269002882718e-03,5.129778600827450928e-03,4.649083044484516453e-02,-1.696721665843155813e-01,-1.094831405868978702e-01,-4.011752689255122517e-01,1.011535811396274687e-01,5.391802573954231903e-01,6.446591537302679420e-01,1.115470013429817053e-01,3.855567596093156801e-02,-1.174459895705482759e-01,2.657796068749853496e-03,-6.989276779225488123e-02,-1.206361167150439839e-01,1.657621151055466147e-01,-4.816877308757626028e-03,-2.620184978545515159e-02,-5.422640436097411060e-02,-7.530139471525187748e-03,1.463069398933960520e-02,-1.253445763985924256e-02,-1.676149861349714035e-03,-1.647993447189503857e-02,-1.800596394626053157e-02
1.689092230851005415e-04,4.977567854836127464e-05,-5.776063695679597163e-04,-1.150643303546285134e-02,-8.588534814733627884e-03,4.479818658031421881e-03,1.025083877090739518e-02,4.516263996345760978e-02,-2.066053875063804668e-01,-9.307362827613997747e-02,-6.236955085345140537e-01,5.495252650888460266e-01,-2.585535976270353364e-01,-2.024491567239133649e-01,-1.533678562853056926e-01,-1.228943580613531400e-01,2.908837794349374284e-01,-2.344746484972527051e-02,3.545571744270414882e-02,1.094347703529470750e-01,-7.263497530478900399e-02,3.375406538775077570e-02,4.282883738705095533e-02,-2.834562867171715531e-02,3.419245098102607905e-02,1.728127946063973618e-04,-4.332783567688834082e-03,3.918953457284597534e-03,-1.388373168707292271e-02,-6.983720205241974142e-04
7.618059729737610233e-05,-2.771344473766365163e-05,-1.356141011684527313e-04,-2.970098156615201285e-03,-2.951542537582842532e-03,6.083867981966655956e-04,4.958167369362598102e-03,1.439545985612950690e-02,-3.474026344986722720e-02,-3.275351066016990442e-02,-1.102203270135645452e-01,1.493540800536578665e-02,-3.405246830447832690e-02,-9.834478885031876227e-02,-6.897634280369191462e-02,6.890548709320850618e-01,-1.933933143195226412e-01,-5.744686647680132818e-01,-1.709188165954614591e-01,1.929809493889763083e-01,-1.033416013867947091e-02,-3.779837415093224157e-02,-1.132410823189218263e-01,9.867799145981301367e-02,-1.614227411175366833e-01,-3.036827354977239633e-03,9.328843855479381202e-04,-6.908816835279525670e-02,6.402381806246826290e-02,-4.251171987134187008e-02
2.022327479952775717e-05,1.079013805459297923e-04,-6.702484020964524043e-04,-2.841741826387032214e-03,-2.220680285416942734e-03,5.532326485224243334e-03,5.404235907580698384e-03,-2.049872116537219870e-03,-8.094006516157950526e-03,-5.665445041326261366e-02,-9.985144773094940807e-02,-7.025149018435995762e-02,6.903125783462361609e-01,-6.013071176921966909e-01,-1.254870197403036569e-01,-1.398402106125780364e-01,-4.506918971105077637e-02,-1.497050800380597957e-01,2.450479455600664269e-01,-8.148670036785812809e-02,-1.682069750576751024e-02,-1.594069688657679881e-02,-4.330795888349766448e-02,9.603378447822937241e-05,1.606071914711407894e-02,-1.200573039783888324e-01,-4.663698145544818686e-04,-2.522520512411626035e-03,-1.040224491935722896e-02,2.677823091861947051e-03
1.908075140469866563e-06,4.321962959567809671e-05,-2.101484762163266818e-05,-9.250592512579760077e-04,-6.822290774238389498e-04,1.129162177387380136e-03,1.200845225831586368e-03,8.069186417343205894e-03,-2.010292502047116014e-02,-1.780297031408187292e-02,-5.880411519544424120e-02,-1.297257422838925126e-03,4.309804634629214870e-02,5.142217878107215034e-02,1.059360403852635220e-03,4.604889433361632201e-02,-4.543075916992583146e-02,1.746850558926072716e-01,3.527576224957591072e-02,1.792977683529239571e-02,-5.108997189027555397e-01,-7.603508926387512190e-01,-1.500328539953082185e-01,1.038530153717786425e-01,-2.257248322759968645e-02,7.356129464637316262e-02,9.386266159094454331e-02,2.775546895611119818e-03,1.045601317436080507e-01,2.384604153654776570e-01
