5.221232741803219675e-03,1.017482778870954993e-02,-6.501224384707712627e-03,1.317000445415474064e-02,-4.850446212341273655e-02,-1.376565288159992684e-01,-1.016724868732715205e-03,9.392017319287268573e-02,-3.407516217149381133e-01,-4.941943963566934606e-02,-4.005817813970163344e-01,7.649852344225521739e-01,-2.010751260644456362e-01,1.687408305647694487e-03,6.526067637621257855e-02,-1.831373448751695554e-01,-1.075362778374908956e-01,7.971136213217826227e-02,-2.374767695247005997e-02,-7.357847267324002516e-02,-5.111752561159078195e-02,-4.268302911338723964e-03,8.477014819204016852e-03,1.770352614921228210e-02,-3.400518074522072050e-03,-9.983842243348866816e-03,-3.608215997283086961e-03,-6.150396599493006267e-03,-4.113586747473851500e-04,-7.722754448731363776e-04
2.382004661177218076e-03,-1.456913238293596228e-03,1.241749690134144775e-02,5.136950569547407142e-01,2.575390534084375793e-01,-1.021757348129752746e-01,8.063199116979408165e-01,-2.708914569170283934e-02,1.168568935397264674e-03,-8.757794175846443652e-02,2.433876992417158616e-02,1.851554699771612448e-04,-2.093186808581359339e-03,1.118271813138118145e-03,-3.803190071771201525e-03,-4.087489432147564834e-03,1.187598787648922209e-03,-1.498401764391012463e-04,6.255464534915006897e-04,-3.340020423675496997e-04,2.715693828666438671e-04,-2.918088572587614906e-05,-4.514581232072250347e-04,9.258089367210709187e-06,-2.070173932340115019e-04,-8.718872924642482496e-04,-1.290310688476211450e-04,-1.451367141812312446e-04,1.472057575436492134e-05,-2.542912294433891015e-05
3.585561657320968099e-02,6.777734844037179573e-02,-2.748325442042054770e-02,1.391108597078156150e-01,-4.185232164613751915e-01,-8.647467436594529211e-01,-5.988744009454082667e-02,-1.210588446186787598e-01,1.304311020594673409e-01,7.666368284272219447e-02,1.099267383588398584e-03,-8.882862765918907166e-02,2.622395017478510934e-02,5.663331988911365737e-03,-2.609933459523473137e-03,2.491479004286659832e-02,1.898112846853678218e-02,-1.213648797658765238e-02,3.950584153346802310e-03,9.710569611349509703e-03,7.876632829915226550e-03,2.478144677916102427e-03,-1.677017972418118081e-03,-1.524432419763202757e-03,9.387401652242395372e-04,1.417922732492917512e-03,7.279839345641748809e-05,7.999879383670284450e-04,1.295188165459887992e-04,2.765688407143293017e-04
5.106208790541703069e-01,8.547806745435655440e-01,4.426113198479238869e-02,-1.455963077499180559e-02,5.749697985037899306e-02,5.518023452196657574e-02,-2.861885422394374896e-03,7.557403040048985693e-03,-3.117989527273702828e-03,-2.571436428255368962e-03,3.270344572208326410e-03,-1.385306252223749476e-03,-8.821140971616920809e-05,-3.184314944513243813e-04,-3.337364503620340200e-04,1.413122009312847856e-04,-5.048118788279769189e-05,1.141482023757604932e-05,2.020244653408826373e-05,1.116740002507800165e-04,-3.673213155632171065e-05,-9.576347388349595890e-05,9.617013687884008253e-06,-5.784527314549841985e-05,-3.067758006180076842e-05,2.410205120919439190e-06,2.022328554507640699e-05,6.568880625479745306e-06,-4.553565549084607770e-06,-1.044264579685159367e-05
5.221033580534906299e-06,-1.043931364274318701e-05,1.126804929772805644e-04,2.886027748987634751e-05,-6.039484458871078199e-04,-9.440303670713342653e-04,-2.374697355017748104e-03,-4.890754278264475459e-03,1.002019197330318925e-02,2.024409890971200481e-03,2.332390768621777494e-02,-4.340791566355940018e-02,2.110131652021600759e-02,3.734887897327743289e-02,7.550892888643135660e-03,-2.647866552275447982e-01,6.261202406777055529e-02,2.597991724871013264e-01,2.324431750452991829e-01,-4.154639729587811942e-02,2.427993959265003013e-02,-1.867532159356885268e-01,7.792641705114152287e-03,-6.823569058479689309e-01,-5.292860871033989723e-01,-9.285514843115377781e-02,4.223939657291211902e-02,1.190132940868342867e-03,6.310747219675477693e-03,8.078499548834348898e-02
4.149349525269018044e-05,-1.089684324010445330e-05,3.743556521472846230e-04,1.465751495187618287e-03,-3.031514231995424951e-03,-8.237951154317044470e-04,-2.779095002843106049e-03,-1.811896866379563917e-02,6.059595437014145269e-02,1.577032284756907030e-02,1.128118692918369803e-01,-9.248159226744424866e-02,-9.707745374441432984e-02,-2.715396381817248433e-02,-1.125571699465646724e-02,-1.251702759892308614e-01,-3.783642479471677200e-01,1.893494131477523601e-01,1.857159474696303547e-01,-5.805386582843059112e-02,-6.959379769557638706e-01,-4.216546481539678037e-01,-2.460875562744774259e-02,2.027953091415226339e-01,8.075767957460182334e-02,-7.242752089916158764e-02,8.287632244757485445e-02,-9.487435251909370759e-02,-2.399605141369608695e-03,1.122873638806345248e-02
8.276194282816726644e-05,6.001056323696692308e-05,6.479115071595944152e-04,1.827641867019193277e-03,-2.516361307644305375e-03,8.470844214222038922e-04,-3.910182982966498889e-03,-1.968222977782005043e-02,7.885939820797913113e-02,1.905623724112634476e-02,1.798288991931026315e-01,3.058222769675947653e-02,2.162508260130538429e-01,4.936517306855692927e-02,-6.479136734228099249e-03,-8.596232497587454058e-02,-4.326102482957479567e-01,2.647216899592608752e-01,-3.948756769752857498e-01,-5.188551179698940308e-01,2.252257126862212688e-01,1.232350001866686501e-01,-2.008373159084632653e-01,1.955669792685422459e-01,-2.716152286391222970e-01,-4.924018654448554522e-02,-7.960828533482150471e-04,-5.688759463524834664e-03,-1.263426639832177477e-03,-1.340575921972967256e-03
4.967069963038824775e-05,5.578194335944471917e-05,2.860541593318875232e-04,4.858272132975657897e-04,-1.271083661925029003e-03,-7.951485053070638485e-04,-2.098373177955225807e-03,-9.026064084713429289e-03,2.193220019758384057e-02,6.680118484335537468e-03,5.208413197046372206e-02,-5.461535362161575036e-02,5.901391710529869938e-02,4.585819128177085618e-02,-6.056435425427140334e-02,-2.934639425524073753e-01,-1.327659455954801060e-01,3.478950044743770592e-02,-2.148808359629682252e-01,-2.613823683896266958e-01,6.477954859858246414e-03,3.171885904683283824e-02,3.942758692458637193e-01,-4.440236567447264360e-01,6.320215026432711714e-01,1.041793591836552707e-01,8.617014762936681810e-03,1.402827455289791005e-02,2.390930844744087926e-03,-2.727916197338376564e-02
8.337646230262906957e-06,-2.327163302217531531e-05,2.886140757545957642e-04,2.676873336317065312e-04,-1.003772068865046475e-03,4.407440464008076961e-04,-1.210420067359543102e-03,-7.981770142020129175e-03,1.808062594521903099e-02,5.217758323438325026e-03,5.289992753467077924e-02,-2.878991761882165532e-02,-8.696136096743209420e-02,3.472441364707692935e-01,2.998198552246901169e-02,-1.224044256534171093e-01,-2.932132357163343417e-01,3.783444514283487714e-01,-2.673487395327432958e-01,7.209492825794326931e-01,1.288014861875310391e-01,5.095297386819756802e-02,4.172874988094765758e-02,1.596461050163908157e-02,1.073160411124746659e-02,9.579170219922238105e-02,-7.777178477376605302e-03,-9.630756804814325292e-03,-7.075634517891222011e-03,-2.985122538279383342e-02
-2.696021189028048009e-06,-1.800015100615252563e-05,7.996375469765002950e-05,5.500571469711510787e-05,-1.595544688761104746e-04,2.208159917828837575e-04,-3.876737385190615515e-04,-3.662082447029729303e-03,9.517279278693162314e-03,2.074129539533885527e-03,1.765903994662271562e-02,-1.708961953280522389e-02,-5.749776752411823663e-03,-7.645918606463428767e-03,-3.844622425364216736e-03,-2.662894020628954472e-02,-6.173084947416845880e-02,5.467897260153392613e-02,7.457423062710395734e-02,-1.315944686008095089e-02,-2.063905012921611049e-01,1.632477025107158253e-01,2.143022438774896260e-02,-1.348286757036349162e-02,-5.839952348057815545e-02,4.349714457339642903e-02,-6.643436963408555496e-01,6.733086663186798049e-01,3.589787608573976468e-02,-1.214950084952564763e-01
2.784850229381668563e-04,-5.079476319013094023e-04,9.136641929999009260e-03,1.502885701245812748e-03,-1.686858728352907131e-03,3.715934846761818813e-03,7.807337166959235630e-03,-3.944196272724256186e-02,-7.841638574956680263e-02,7.289756010997354430e-02,8.047067606262812978e-02,-1.060813379925363981e-01,-4.725920619327318023e-02,-4.716094749449427533e-03,9.609036317619392698e-01,-1.573617929794725590e-01,-6.624359069456278205e-03,-1.257842132793342560e-01,-2.425415675558082601e-02,-2.410548876222113820e-02,-5.801315017207995910e-03,3.124781458414815569e-02,-9.426532523047178105e-03,8.622120181191159777e-03,9.463215217670904386e-03,-1.477188167930249159e-02,-3.267512189723131497e-03,-5.389678398395519876e-03,1.242246422072977759e-02,-4.951261015279618052e-03
-9.558560565189907587e-05,2.114517863600088525e-04,1.391779927760736398e-02,3.479483529135531800e-02,2.820579137681967358e-02,6.736019943186680008e-03,-1.264189412294350334e-01,-7.129764952805546230e-01,-2.463944081833855104e-01,-6.296935648895848336e-01,1.258602624193699004e-01,7.124075603871070014e-03,-3.331395486438059987e-03,2.868484278997861410e-03,-1.141720011395911706e-02,-3.864258522083968694e-04,8.560986564303532317e-03,-5.053294857739905853e-03,2.917985054529732402e-03,4.856675043476875388e-04,-4.202959023065023017e-04,4.500229350285852204e-04,-4.486153230663870485e-03,2.461508843688637888e-03,2.432664747238351671e-03,-5.591643564923929124e-03,-3.166382487354258107e-04,-6.042601748790168851e-04,-1.003998518791695264e-04,1.076855111050799947e-04
1.959332231188899449e-03,-2.790276131820639428e-03,6.319027025290877009e-02,2.504467552551225065e-02,-3.696292899052141395e-02,1.385139653480629562e-01,7.387044317184228437e-02,-6.193531811477569482e-01,-1.586827884372199182e-01,7.389045018452534697e-01,-7.176822969531017338e-02,4.427739573537198964e-02,-1.497997314922005184e-02,6.222803770794291950e-03,-8.194136130606637092e-02,1.334141504001265001e-02,9.974779942736454463e-03,1.445589623743965928e-02,1.785888555371363713e-03,-3.498922586681291452e-03,1.568638593200639671e-03,-2.977494457926469764e-04,-1.353877846454850514e-03,9.723249158901890179e-05,-4.749599954762863678e-04,6.357973029183029744e-04,-8.885610245806116947e-04,-1.065185636025166522e-03,-1.477510785074417389e-03,8.705154787636844955e-04
4.707557084835698596e-02,-7.559221064409785140e-02,9.913136211792629160e-01,4.403283717117902063e-02,-4.191380991645901610e-02,-1.486010024618683936e-02,-3.420248500940371861e-02,5.390530708709932728e-02,1.003768003956948505e-02,-3.547659973103012981e-02,1.433500239619157728e-03,-8.511993837007789880e-05,6.404284472642479513e-04,-1.887572761617637134e-04,-3.528964671086552533e-03,5.375441273816977889e-04,1.595856078894447388e-04,1.802087498988435221e-04,7.973643263707732394e-05,4.156404050205558288e-04,-2.223227473620236437e-04,-1.720341786282549013e-04,1.271956618609700062e-04,-3.267449921627033820e-05,-3.983008753520609013e-05,6.152467639550911747e-05,2.669380914841623523e-05,6.870264878830852550e-05,-2.971973260751260279e-05,1.499939525054651015e-05
-1.249365927714068275e-06,-3.212328347200448393e-06,7.015632425840113279e-05,-1.825258629811342916e-05,1.020275046265815599e-04,1.260190066069138829e-04,-2.477325665770264374e-05,-1.486357528524320662e-03,1.007922489623112958e-03,1.310178704912890054e-04,3.715261969179535322e-03,-5.978825655733282889e-03,-2.334915899309324399e-03,-7.183606766532083182e-04,5.130976254868255607e-03,-3.556990008041070045e-02,-1.579706316550909262e-02,3.888563583571479076e-02,5.613642995200705116e-02,-3.051595088237073726e-03,3.954128287760421551e-02,2.552233512669892582e-02,7.662794385162517707e-02,1.166215421453836998e-01,3.223970141632188230e-02,1.398976963663272621e-01,1.987804932204679798e-01,3.320552313745638862e-01,1.774625817074060308e-01,8.775887368935109123e-01
5.404774543207680612e-06,6.505156694712793283e-06,3.573321104763673936e-04,6.156695192852201879e-04,-7.129593533557729073e-04,9.474724206862341236e-05,-3.854536662163392138e-04,-8.864727455000921685e-03,2.197987660967014659e-02,5.751415156146121380e-03,4.442901677485363438e-02,2.129401060410616997e-02,-5.956875031149679034e-02,-6.054929578313481692e-02,5.289722183613346056e-03,1.356637588780393588e-01,-3.646420839531341884e-01,-1.277088878487485646e-01,2.717790586381951812e-01,2.205927130372094952e-02,2.147758917605712692e-01,7.458301918499563032e-02,7.014843351557906725e-01,1.352739629837010904e-01,-1.876561053311444627e-01,-3.516174784124493358e-01,-4.358696346774039443e-02,-7.107461699549558198e-02,1.371189416534716599e-01,-3.212769252278480092e-02
9.426155232896099744e-06,1.301107532301024421e-05,4.095236938207974888e-04,6.715678748700693772e-04,-4.993759542269634319e-04,5.997685486756136044e-04,-3.250328810481598312e-04,-7.092400889552956909e-03,3.101244574299669848e-02,1.183351741709556815e-02,8.559740452555747448e-02,1.239527230023689253e-01,9.864703857000015064e-02,-7.373585106957875057e-03,1.962134840252983611e-02,1.639487531680706434e-01,-5.250264332492291519e-01,-2.239089237416102829e-01,4.591117201961827932e-01,7.514432116133233641e-02,2.491895433398856052e-01,1.601971750117196867e-03,-4.223626932468077522e-01,-2.432793508853266229e-01,2.300354664687760953e-01,1.591031880038506763e-01,-1.029769344126836017e-01,-6.740063060019525765e-02,-2.513668109396107603e-02,5.661445592567473928e-02
3.886215397069614255e-06,1.107478007954464355e-05,1.468589848005996115e-04,1.057480822610558819e-04,-2.198603696749524324e-04,-1.055195820438752997e-04,-1.197327717215675342e-04,-2.713398607352366862e-03,3.532015896857698244e-03,3.416750154381965193e-03,9.287526811646492145e-03,1.184401928919256823e-02,1.018013094168173510e-02,-7.708812628603638542e-03,-1.594598929589169725e-02,-5.125066762032425005e-02,-9.922129897547807276e-02,-9.903572016004762169e-02,7.318822680191683361e-02,3.386190396212602344e-02,5.396610975953158862e-02,-6.104424520805782836e-03,-5.041780200704348847e-02,2.614715678188048349e-03,-2.147085722831743211e-03,-3.819458960464998387e-02,6.713753575494778580e-01,6.016474281140266056e-01,4.822857312482539682e-02,-3.853952051148935576e-01
-1.723322780264849337e-06,2.650809818610258366e-06,1.849658184706361164e-04,5.788433879852200294e-05,-1.430192730061986523e-05,3.633265411919593809e-04,3.263174013132832366e-04,-5.344604330349601168e-03,1.863561270994133507e-03,-3.000464144513684869e-03,8.740899233798633122e-03,4.425631084542049759e-03,-3.007109208946451284e-02,7.887857622169568150e-02,1.713029495453343570e-02,4.642553136300632544e-02,-4.175610522103521960e-02,-7.128189035810159058e-02,7.730566455419536631e-02,-1.159440928522753878e-01,6.450590409137315143e-03,-1.226437754659007451e-01,2.868675893905112684e-01,9.417801462169796134e-02,-2.625796793348393887e-01,8.736724905616682912e-01,2.656370305397042289e-02,-5.996630529818683386e-02,-2.019362738573288879e-02,-1.443511006861804002e-01
-2.152190934703893277e-07,-5.765234570624842147e-07,5.521816673635451269e-05,2.922072142212558493e-05,-2.634307602606629335e-05,-6.225444454381972811e-05,4.436349797843526375e-05,-1.363623777900079210e-03,2.640733345624513527e-03,4.968970462728423791e-04,5.326065571917566743e-03,-3.008765228178888595e-03,-4.192485775194342013e-03,-1.094668810892944662e-02,1.019789914099227326e-02,9.619892627219279665e-03,-5.606352728583259559e-02,-1.633850786973257280e-02,4.698960855106328743e-02,2.387773811336269154e-03,-2.830064342041178904e-02,1.134954451244037654e-01,1.165833720207444801e-01,1.792791958873298300e-02,-4.039490826785344102e-02,-3.939693381954004203e-02,6.304122764679491453e-02,8.902973779079850769e-02,-9.656203013373046984e-01,1.374539689858098601e-01
7.425127014991360699e-03,5.482238350197815363e-04,-9.759207985717813574e-03,2.785817795632767463e-02,-7.605318530930144094e-02,-9.147419992702848779e-02,3.288742387643753783e-03,2.685308434736166094e-01,-8.263860855544431505e-01,9.922662767231764380e-02,4.201011897967780184e-01,-1.680149264129359443e-01,2.469039198611220134e-02,-2.384183973768623163e-02,-1.066193520316867371e-01,5.035607531612909527e-02,3.092464505412629888e-04,6.499800959370866625e-03,1.637701165031164169e-03,9.050773937320228182e-03,6.976212591506876330e-03,-5.316250807419706410e-03,-1.206901874441401474e-03,-3.381318442997303247e-03,-3.408611282551624651e-03,3.490312701522082801e-03,7.873003915878627225e-04,2.099990958419783570e-03,-1.013059009266363900e-03,4.000821902211289238e-05
3.399027533052214993e-03,-9.467515960328317867e-03,-4.210972624819413201e-02,7.685557469965129673e-01,2.797031522738014919e-01,2.968914834516777831e-02,-5.618660835555224775e-01,5.834310538771312477e-02,1.093047049125394840e-02,9.109796172863068864e-02,-2.810860784742224769e-02,-1.788603771039996545e-03,1.768638651836202096e-03,-3.438173056424525007e-05,3.194002869706553342e-03,2.382203711272390216e-03,-1.619907280935262974e-03,3.686190587321936849e-04,-5.232191646237367407e-04,2.434633010197806316e-04,-3.297422140989467979e-04,-2.323255541832255097e-05,4.963852861555691958e-04,-2.765386322151295868e-04,-1.979236566769565682e-05,8.731349645015585009e-04,8.009918516381392167e-05,1.665046472196663873e-04,-7.744587736318568158e-06,8.432617341927093300e-06
5.115181134471063346e-02,4.293546861778640283e-03,-4.852918915625795832e-02,3.469872499539236044e-01,-8.145895849258655286e-01,4.365197230274038831e-01,8.671156314656952580e-02,4.452567559362884814e-02,2.723434210233601979e-02,-9.731374220039140654e-02,-2.474335384133938970e-02,6.375229820387288103e-03,3.971838675686426186e-03,-2.911324544186451183e-04,9.831871577757937686e-03,-4.069380035606429309e-03,-2.783613940621793015e-03,3.382981462586976502e-04,4.108873187948801678e-04,-2.918951620422227081e-04,-8.187124689856203896e-04,2.637735660592530973e-04,3.933202118182758727e-04,-3.408018037521062819e-06,1.522977421354838672e-04,-1.890909316284815746e-04,5.583241502225293651e-05,-1.478698689856331731e-05,1.321406553269624464e-04,-6.588538714322341415e-05
8.561801589024852221e-01,-5.087434090562117373e-01,-7.674129263309516225e-02,-2.515315395991326447e-02,3.342881522614939843e-02,-2.047783289343741223e-02,6.994419900393324986e-04,-6.759519873604711432e-03,3.692469073480999803e-03,3.600868555937936435e-03,-1.827194898703772075e-03,7.727262839432500439e-04,-2.493317041741644965e-04,1.663018403831316200e-04,3.299660522764156774e-04,-1.306870189364872160e-04,5.843775997358064463e-05,-5.565990250009198337e-05,-2.372199423734158065e-05,-5.902732604048984279e-05,1.466253580210681411e-05,2.337554069489202615e-05,-9.984913672476836713e-06,1.802077885871234759e-05,1.538679100153444949e-05,-1.436463204977969994e-05,-4.112932391547905288e-06,-1.083140814391373315e-05,2.351206732472609126e-06,1.307890726112476480e-06
7.151992322453092515e-06,-7.007587346593569780e-05,-1.670267552796301754e-04,3.570288691423200290e-04,-7.099994720571715674e-04,3.676161048451800895e-04,-3.993435770363575922e-03,1.985727016300610666e-03,1.705048845607786898e-02,6.303750358289055868e-03,4.943975916274552518e-02,-6.107341382506802085e-02,7.075620320464803478e-03,1.716247677946263275e-02,-2.866893505150394997e-02,-4.689329296694196847e-01,2.289998456434973462e-01,3.879800025110010653e-01,5.176902808376183662e-01,-9.008622510697827934e-02,3.190738562680525692e-01,5.775339990663455603e-02,-3.219228378000824758e-02,3.637259463014176908e-01,1.955754618290268254e-01,2.478637500974223071e-02,-4.324391132422976403e-02,-4.388227494186452970e-02,-3.044392751964924287e-02,-1.061069434272624706e-01
1.085016922786058159e-04,-2.056046749775059543e-04,-8.701890049064270978e-04,6.790647136825036026e-03,-1.064879927321860792e-02,4.734054094139131946e-03,-1.080553605591797264e-02,-1.742024198239414817e-02,1.732150382145374590e-01,3.477769511546213721e-02,3.865067049749963957e-01,8.555627789667732963e-02,-7.899195142951819237e-01,-3.616367887075899734e-01,-4.869279105804315971e-02,1.709753033913485138e-03,1.077027010946675877e-02,3.989587614577052438e-02,-1.153379694644620229e-01,-3.480974855930326489e-02,1.576637924264484847e-01,-1.926149057148102139e-02,-7.793684391620407659e-02,-6.028608282491661891e-02,9.542447997091998285e-03,4.408144385712165630e-02,-1.640264245802622659e-02,2.518171626769096991e-02,-1.585511946017826440e-02,6.412114729980863742e-04
1.845083271111683687e-04,-1.130032763100357398e-04,-9.392184665392804260e-04,7.517946097153816419e-03,-9.180170688009938601e-03,7.049799290778515672e-03,-1.204502683290840578e-02,-1.579801425382648325e-02,2.124816470049943340e-01,6.819710721078507676e-02,6.250366830909088733e-01,5.675498059042962673e-01,3.614896712241708054e-01,3.370262958218785826e-02,6.211503190182033479e-02,7.112753155852780118e-02,2.314464442827802171e-01,3.226633125587931999e-02,2.770697560173085092e-02,1.130287920258738338e-01,-1.136314234636461168e-01,-3.916428111801548845e-02,1.100388775932963498e-01,-1.821390159652329322e-03,2.934379524603921569e-02,-1.113732447879574490e-02,1.715987079588030331e-02,9.488676899867177009e-03,1.938177321593385297e-03,-4.473176829043819420e-03
8.088791199882246295e-05,1.469534905562379181e-05,-3.078432716434227352e-04,1.597788185123530814e-03,-3.423124259611449571e-03,6.313926532506611809e-04,-5.526838125136811566e-03,-3.540622300657074104e-03,3.963251544407451338e-02,2.069093503754275074e-02,1.139680111838052706e-01,3.221620012291435357e-03,2.703966056721673894e-02,3.189016112480708154e-02,-1.991689963633800076e-01,-6.723440876615358608e-01,-6.559048996851291058e-02,-6.265817847522334727e-01,-1.083639300928980614e-01,1.460197911518435754e-01,-2.905167643259859087e-02,1.742174550166025737e-02,-6.534818571953743271e-02,1.100219444350084702e-01,-1.767749800570855012e-01,-2.323761851682036583e-02,-7.734645845302461076e-02,-6.113507419778384244e-02,2.743674085889517052e-03,4.970156641345422482e-02
2.184674371496050354e-05,-1.147855571046896842e-04,-7.892846398078652310e-04,1.417897524058803075e-03,-3.243986276105881566e-03,4.292580371520574554e-03,-3.756340570696009053e-03,1.230305459818971034e-02,3.296753191156965440e-02,8.656513170295296322e-03,1.211365772802683038e-01,2.147126769246912245e-02,-3.383412580436634953e-01,8.522120690598086190e-01,-2.424923725278477216e-02,1.152525379754007900e-01,9.845422288108136855e-02,-1.465547719610278965e-01,1.096137399240546678e-01,-2.589881422235511543e-01,-2.981090236567017840e-02,2.439436987506594934e-02,-4.303469431432726394e-02,-9.468203156705949338e-04,1.611291386079722818e-02,-1.198225140970558961e-01,4.922486693141258154e-03,1.567653652699997277e-02,2.207348854849470760e-03,2.011265481069504646e-02
1.901165663611868610e-06,-4.858852392561714754e-05,-7.714118638922386466e-05,4.931539399350930554e-04,-7.357533532288946078e-04,5.803217724161824093e-04,-1.387306812133060497e-03,-2.932912337335403293e-03,2.184604572181472401e-02,4.521112849717856715e-03,4.967107108531228915e-02,-1.531829905055677801e-02,-6.207128602836576442e-02,-4.899657628832829875e-02,-2.908732349744677301e-02,-4.035509855889457542e-02,-4.986736137128569557e-02,7.919446774917381082e-02,1.548817986422458270e-01,3.143653890173549615e-03,-3.840718325512789133e-01,8.369866864531574357e-01,-3.234276353199201648e-02,-9.323684905977965010e-02,-7.744062690878220079e-02,9.490664287510751362e-02,1.842592978079592714e-01,-1.930477494224131507e-01,1.057047613861991642e-01,-1.049334520723663178e-02
