5.409333597131756044e-03,9.810495273775098751e-03,6.436800333703336131e-03,-2.373597233931376213e-02,-4.423576929184536155e-02,1.270828756953988892e-01,-2.049959857015084402e-02,-1.226420371246976920e-01,4.248944846870039704e-01,5.350732833184548842e-02,2.939690719524700180e-01,7.333200193105672282e-01,2.892309896097048361e-01,-1.412032012569710837e-01,-1.238582393544719190e-01,-1.130775911761362079e-01,6.479525485864690015e-02,-1.520378262465751397e-02,-1.064488668733495347e-01,6.191664438009382432e-02,-6.331569722631612274e-02,2.490159592671916874e-02,-1.878702080840607969e-02,4.208150017561530787e-02,3.929493820016440216e-03,-3.380299576213275032e-04,1.958399886797310054e-03,4.508490305066132492e-03,-4.427275657525183220e-03,2.482151939614346764e-04
2.402216994835419759e-03,-3.186643189269030858e-03,-8.988750988203710046e-03,-4.371320677776805996e-01,3.646751752382756950e-01,1.648070224671045192e-01,7.992856073519432059e-01,-3.016550360698262365e-02,1.014355053479538971e-02,8.780591049734623454e-02,-3.173781504898636613e-02,-4.133290680240955979e-03,4.559781154842822322e-03,-4.452498095673741762e-04,4.690960269022080749e-03,-3.565913427439257148e-03,-1.848904892275537700e-03,1.621931471814270879e-03,1.419983804472077591e-04,-5.679670935551063213e-04,6.804520679171566092e-04,-1.088682854151098913e-03,6.458382633260183582e-04,8.004143222018790188e-06,-6.496291320125511561e-04,4.815795242854846469e-04,2.167812042516357432e-04,1.025590480990658867e-04,-1.779889409030230199e-04,2.967285036939542713e-05
3.739423759229004024e-02,6.681042604981286825e-02,1.614611392634552126e-02,-2.601785558637936813e-01,-3.890484546402571131e-01,8.483369251199478489e-01,-1.263976882002792734e-01,1.000736102785099862e-01,-1.326735476744039244e-01,-6.185439311642807608e-02,2.327289469118769272e-02,-7.104086263401587775e-02,-3.382243437699433697e-02,6.729921897778951695e-03,7.968236081655543507e-03,1.726258586456261290e-02,-1.232681115554674738e-02,3.212288288305562359e-03,1.304215144854360339e-02,-1.040127755519149738e-02,9.525625883281823789e-03,-5.834247913537449551e-03,1.932413840581696492e-03,-4.610649080487887706e-03,-7.278877705266320608e-04,1.243293960698676126e-04,2.913659456672611594e-04,-4.667946511746512862e-04,7.258226016011914885e-04,1.236390228475001097e-04
5.285746202400517513e-01,8.447652870264420466e-01,-7.470310028663640009e-03,2.892872135124513119e-02,5.602425028710181915e-02,-5.367058437168740342e-02,2.566784641685782974e-03,-5.025474184231873941e-03,3.447920166419934842e-03,3.414490790163990722e-04,-4.331630914901348633e-03,-2.204890522762945494e-03,-2.494923367094252368e-04,8.334509422227597865e-04,5.058937624634901207e-04,-5.091239138678680858e-06,6.371306459847513341e-05,-5.080358623488809533e-05,1.943489188342097302e-04,-2.346090565846922248e-06,-1.020618818336053515e-05,1.010612221790319407e-04,8.137568145798354752e-05,-8.529988495171677600e-05,6.614324957697709654e-06,8.596528382429259805e-06,-3.077792208529415345e-05,-1.583302056200954237e-05,-4.206122296197593137e-06,-9.161097670514060552e-06
4.939972497716641332e-06,-2.294650377915781819e-05,-1.771212688022439188e-04,-3.467288558619356620e-04,-5.907951463666240863e-04,5.381381225655658407e-04,-2.028617965449057425e-03,3.348060126836699922e-03,-1.016605490677502388e-02,1.812143229752049634e-03,-2.518313398923785126e-02,-4.190317668294981507e-02,6.175419456573955426e-03,-1.796891395734642391e-02,-8.689466282220408011e-02,-2.370300856214828389e-01,-1.287404898850033341e-01,-1.998140013102838591e-02,-3.372502759561510355e-01,-1.813697621250814074e-01,-1.514503809278850144e-01,6.152802784235503891e-02,8.108264205540394176e-02,-6.168786845675032771e-01,2.618073028920393508e-01,5.225630854277428794e-01,-5.127012011258967605e-02,3.489266560291089808e-02,9.968443718321570723e-02,-2.347636407938912331e-02
4.750902345287422721e-05,-1.539042530275154666e-05,-6.365350226537846946e-04,-2.795420770699378731e-03,-2.912512824859368656e-03,1.454456072975841320e-03,-9.375909861447519851e-04,2.066308258710615464e-02,-7.193473076556659851e-02,-1.163688552386760340e-02,-9.935537625545425022e-02,-1.061706871364586774e-01,8.196475001917293002e-02,4.495911960728558171e-02,-8.635355216600136552e-02,-1.392029131525331920e-01,2.045589472084993754e-01,-4.602356613542286923e-02,-1.797871557165061640e-01,-2.415472958067666973e-02,-7.042414368500987676e-01,4.654634808206232766e-01,1.862651826813771505e-01,2.912914857189075613e-01,-8.129930479462738058e-02,-8.114118982731345631e-02,-7.848874295774636856e-02,9.204864254921880928e-02,-2.139769828189466011e-02,-1.462218189739119580e-02
8.682229081267980810e-05,6.895798799588350792e-05,-8.209306571964424372e-04,-3.243379819091449841e-03,-2.541532827393983181e-03,-2.606778782913499247e-04,-3.106421216642999382e-03,2.620313746409603378e-02,-9.496991469484943049e-02,-4.201116232221770858e-03,-1.937563187292223044e-01,4.173316708746978299e-02,-2.475549899935574338e-01,-8.793436295897566479e-02,-1.245478974310193498e-01,-1.486231296191700135e-01,3.535480620800456886e-01,9.115851176654765631e-02,-4.151542043938816207e-01,5.843291969332754521e-01,2.291106033006259368e-01,-7.723866636627907400e-02,-2.765172139422222841e-02,2.465061172766788988e-01,1.642549698402959446e-01,2.172198181911316750e-01,-5.061535495529909112e-02,-7.101836717541500435e-03,-1.788336493876461694e-02,1.286732773886835324e-02
5.170135698267174732e-05,4.410139962774010323e-05,-3.359008994383348256e-04,-1.078975857497267666e-03,-1.342284088720995623e-03,8.882103773648808345e-04,-1.520178609910441663e-03,9.141687911999275482e-03,-2.734289520143067670e-02,-1.348136303458870658e-03,-5.175262759845718902e-02,-4.129943857492945208e-02,-4.656417373511175656e-02,-3.605399909757441013e-02,-1.209517888002166752e-01,-2.966681266411175799e-01,-1.223488463762909678e-02,4.028806323787115923e-02,-7.389167519809967943e-02,3.516620852381464601e-01,-1.210326462677392273e-01,-1.072711249386183383e-02,-2.828504366177406748e-01,-5.185592925672949383e-01,-3.819279451770734024e-01,-4.921591018039073728e-01,7.598201707753801659e-02,-2.649787999191938626e-03,-2.532724612297906474e-03,-1.483398946961483195e-02
9.160530698099722012e-06,-2.866064857136224866e-05,-4.755269976312634481e-04,-8.186741955058273769e-04,-9.101981675374554550e-04,-2.278787015240890256e-04,-5.468797710963067132e-04,8.936816901165255470e-03,-2.205905898245134888e-02,-1.908166947047307532e-03,-5.662523063334199552e-02,-9.082315179856037535e-02,7.599445290360017091e-02,-3.010107797486106240e-01,-6.997953401329842782e-02,-1.179446307087581997e-01,5.461447719412020063e-02,-9.155491042688926884e-01,7.748797949489868997e-02,3.398543339326200868e-02,9.510226634974001947e-02,6.050103046251805589e-03,-3.345693600108325116e-02,1.479558068530537930e-02,1.057694590215959851e-01,-4.530761775119072909e-02,1.435171884982174538e-02,1.032875341405398162e-02,-2.069349578481180507e-02,3.062537701193233410e-03
-2.361405434854958185e-06,-2.306530159658314017e-05,-1.100035740161769407e-04,-2.160132772851540190e-04,-1.748167538847023061e-04,-2.432482761371593347e-04,-1.583190318235442608e-04,4.067497577059262133e-03,-1.022056056330500687e-02,-2.129095875009478622e-03,-1.764055407685647878e-02,-1.674703770030944866e-02,7.426029774812716380e-03,7.148961050980866781e-03,-1.444942641947884708e-02,-1.779024889735442150e-02,5.572132113159714017e-02,-1.029791106161497168e-02,-6.981346691406900562e-02,-4.042365380194112151e-02,-2.138978202543722063e-01,-1.650756452405187646e-01,1.644477861145211481e-02,4.426247629262036049e-02,1.124975100455339605e-01,-7.017669281446360825e-03,5.319905396717616863e-01,-7.814975151210460380e-01,3.739626571370467667e-02,7.645022413170247944e-02
2.831010784758615094e-04,-3.765901307826299491e-04,-9.048535991975515530e-03,-1.464069895691975150e-03,-1.094607079109938264e-03,-4.905343154051340204e-04,6.096335541656809284e-03,4.962565267228641330e-02,7.741946367976806909e-02,-3.632834110160082508e-02,-1.226412338806252417e-01,-3.606605854066250588e-02,-7.902641083777993403e-02,-8.066890564551724985e-03,-9.206740244962271502e-01,2.843351778601679314e-01,-1.658900255600496143e-01,3.414591238438334508e-02,8.113108675041938445e-02,-4.675452839940381217e-02,1.082151745214254834e-03,-1.437142619726364950e-02,1.662552636046700852e-02,2.790758145114154501e-02,-5.892956567828280465e-03,2.252073769540186184e-03,6.019933860109622295e-04,9.016437173673653126e-04,-3.535715038607993143e-03,1.384863657632867499e-02
-9.666010092705172260e-05,1.060786402451406379e-03,-1.566806387207411722e-02,-2.823575494134900055e-02,4.292455357150352924e-02,1.849518911391649645e-02,-1.204222639666574640e-01,4.804707116929529120e-01,1.124000783045762536e-01,8.522709191997129841e-01,-1.033538520270717159e-01,-1.446625218031810656e-02,2.931060465909612889e-02,8.248550773092376900e-03,1.676737724885148800e-02,1.536248462178717647e-03,-1.244076710985633251e-02,5.651648488612220564e-03,7.452522825115438267e-03,-2.339734861268561675e-03,2.014392522229233647e-03,-2.946219315757252297e-03,4.330925788514052889e-03,2.790249938922703763e-03,-5.053910854216435433e-03,5.818848575517553698e-04,1.205103050689217050e-03,2.726695104119894898e-04,-1.317268895478557536e-03,5.557032995982207459e-04
2.044746091251862900e-03,-9.381910699109801115e-04,-6.309990409966144409e-02,-3.600206217777571216e-02,-3.113057231737816066e-02,-1.013472606865450931e-01,9.600732718803750565e-02,8.250653597360884106e-01,2.353572211660534541e-01,-4.795728615470405964e-01,2.187941464619982609e-02,4.180844288978705081e-02,2.099801475143122514e-02,-1.651779055812556537e-03,6.764357201468440550e-02,-2.501131485368411275e-02,7.650024908922459926e-03,-1.941408450056454063e-03,-1.279195334465316712e-02,4.693043020749624282e-03,2.863422920032428730e-03,6.082592338040658346e-04,-1.703333066818584320e-03,-7.171478099654318662e-04,-9.327698687907467687e-04,1.039254482420926646e-03,1.833993989620604122e-03,2.173280943988577501e-03,6.557236680681051595e-04,-1.219104311013282987e-03
4.732760412946045853e-02,-3.694485097937959261e-02,-9.954145656147923571e-01,-1.959240277052681084e-02,-6.939941038915346675e-04,1.546801508012171818e-02,-2.864338854728908437e-02,-6.134437022599868727e-02,-1.216707774705181634e-02,1.300690849977577390e-02,1.142626801448481466e-03,4.689023436490436197e-04,3.017641854994351411e-04,-5.069891585156408335e-05,4.173573882149359503e-03,-1.099383502475086713e-03,5.185813552010301022e-04,-2.323932148567232595e-06,1.232042339761608963e-04,1.594618927002767474e-04,-1.584581917374067335e-04,-2.314802371750312621e-05,4.105175491177952881e-05,-1.141843166468738721e-04,5.579932577812248825e-05,-3.664202165898802456e-05,-6.588705816408260100e-05,-1.157318837869436464e-04,-5.351924727873322280e-06,-5.972774663516025926e-05
-1.062773055392269849e-06,6.807608570074345151e-07,-7.993078157047180956e-05,8.461606104778941371e-06,1.310882654915501201e-04,-6.710321436040235109e-05,2.058727865296305389e-05,1.065659246331488027e-03,-1.741680895872840112e-03,1.801100304891837178e-03,-3.553117364686353766e-03,-6.016997900207407372e-03,-6.707344153551130211e-04,2.101252668642142590e-03,-1.383256352494764696e-02,-2.959420976468471118e-02,-7.471861428419353593e-03,-3.271692464632634540e-03,-3.563608416332665618e-02,-4.485905938985055436e-02,4.323788600932110954e-02,3.659143300335489929e-02,-1.290650982405869562e-01,1.161667468982561652e-01,3.541866357805798643e-02,-1.049620031884383048e-01,-8.096817637316748584e-02,-2.600041194911054121e-02,9.611836728778795358e-01,-1.370566473856253964e-01
4.875783713944786979e-06,1.484899414001767839e-05,-3.775041187334540814e-04,-6.242900221932951629e-04,-4.564918025092244962e-04,2.805217691040360934e-04,4.610309874304065604e-04,8.608744550324797656e-03,-2.417144127449767990e-02,-9.451098091691048425e-04,-4.325703333150718310e-02,1.169987657438276325e-02,2.534252417352019296e-02,4.304352252082299657e-02,-2.056086238742513977e-02,8.812461789121435463e-02,3.158141122199512041e-01,4.463492199569766422e-03,1.239947634759728384e-01,-1.841754123370313578e-01,-8.587575241368675116e-02,1.280564842948237747e-01,-8.244720046888551757e-01,3.473293983253806366e-02,-7.584171732192426796e-02,3.169286454743731052e-01,8.044491044035324834e-02,5.243461000778105313e-02,-5.235440398232945464e-02,1.212565136822100209e-01
7.130205717801668643e-06,3.185365463154464548e-05,-5.422548274593676698e-04,-6.983344225265585535e-04,-4.005084975922128710e-04,-1.306747856234729633e-04,-1.606565224283382622e-04,1.416089589125902118e-02,-3.683923216446564203e-02,1.271631211287608783e-03,-1.075171789697057512e-01,1.366353879322115550e-01,-1.714954126049704486e-01,-6.872448757536052388e-02,-5.215087913034718164e-02,1.204340490886038062e-01,7.147616841034346580e-01,1.808214716215402959e-02,-2.370747618278920901e-02,-4.068464541971606452e-01,1.654456225548939508e-01,-2.739722468189766461e-02,2.912937079703413756e-01,-2.600991894926616976e-01,-9.480596366042876033e-02,-1.875427328094894930e-01,8.523637972431936938e-02,7.140686765842434169e-02,4.725419213315970590e-02,1.309141289747216795e-02
3.460314296430506520e-06,1.173153013529854775e-05,-1.497118817952212500e-04,-1.648819516937070993e-04,-2.379940715182880080e-04,2.559898960209754386e-04,3.002514269905756780e-04,4.953714698389519513e-03,-3.549324367184480706e-03,-2.828233167170421587e-04,-1.122711335206645622e-02,1.598859686335337912e-02,-1.290265141288140724e-02,-7.931681096010620782e-03,-2.582352703942104519e-02,-5.680608479089381546e-02,1.028618241533088146e-01,4.957945654372458190e-03,8.850897444466895858e-02,-7.400870557819058670e-02,1.771422812384297954e-02,1.179171423011674165e-02,-5.660542099603432104e-02,-5.567277434758952093e-02,-3.339788431561596660e-02,-3.327016681634611256e-02,-8.001626960802838973e-01,-5.606965161753365567e-01,-8.895081946900570968e-02,-3.071543172380273613e-03
-9.442887078312119752e-07,1.409195741905037278e-05,-2.180886276020223703e-04,-7.247688873855561060e-05,2.118349989252169834e-05,3.309888705816896472e-05,3.518096726331407199e-04,4.540452884963485682e-03,-2.011040755185973181e-03,1.896815964604009778e-03,-1.254614425385268753e-02,-1.987143895974461533e-02,2.056622886149626558e-02,-9.324231685246915646e-02,6.516234740478899640e-03,4.875189323308466022e-02,1.854483591479650154e-02,1.518130053918251288e-01,-2.771786450019243699e-03,-3.735359361501773556e-02,-2.718781201273777134e-02,1.456817707400551443e-01,-2.040116896759701093e-01,-7.915332740679345558e-02,8.116792171576623360e-01,-4.675330004101990733e-01,-2.660680126624205208e-02,6.838439967945136866e-02,-1.001635291327902244e-01,2.032707526872656878e-02
-2.579906441638073339e-07,-9.319871493368645836e-07,-6.186738004768945441e-05,-3.462050412216156084e-05,-1.817394537754311195e-05,5.737097744360926117e-05,4.895087200463507535e-05,1.578398112379315009e-03,-2.885759436648235258e-03,3.321732446930911534e-04,-7.307399311038549096e-03,5.012432113096214510e-04,-2.937027960183817912e-03,5.660776467025811429e-03,-1.522467536621323683e-02,2.075734653920330644e-02,6.340609379768256948e-02,-1.588206103446821414e-03,6.867246331120183817e-03,-3.642363296603790684e-02,-5.600712730740308593e-02,-1.027153347717884302e-01,-9.331990115790875229e-02,2.272041055209194499e-02,2.023343981318887277e-02,3.086792379916723089e-02,4.815702350990173214e-02,-2.436008076767064157e-02,-1.421287379866922329e-01,-9.728555985700755304e-01
7.444353163009775724e-03,-1.179447909735228473e-03,7.263109504843527457e-03,-4.315336682836722060e-02,-6.652333198430471217e-02,8.220709619606018925e-02,-4.439081231246562453e-02,-2.212701422957063235e-01,7.717689708457382558e-01,-4.924350946061904766e-02,-5.015500111584091369e-01,-2.378244877938261170e-01,-5.577911285943575742e-02,9.326016492910918498e-02,1.306314427197398653e-01,-5.066932965958400627e-03,1.687493275382754079e-02,-7.235786196312802079e-03,1.532754601690805400e-02,4.730239613840056707e-03,9.310708657323002457e-03,6.352320476219956540e-03,4.048573250264563168e-03,-9.956368616179692502e-03,1.887135232468366026e-03,6.041003300576357596e-06,-1.137860577030221868e-03,-1.917558881564343206e-03,1.453505765455129087e-03,-1.422845126330296106e-03
3.267832693190004557e-03,-1.326506733306307209e-02,2.788669487432958449e-02,-6.723423612637973168e-01,4.708612757664413784e-01,-8.046051819498309388e-02,-5.529371038467340016e-01,-1.547102285526032531e-02,-8.769659013338766684e-03,-1.075114596343232504e-01,3.338513969546081511e-02,2.919000662611847055e-03,-5.335326026668785714e-03,-8.986773117652455253e-04,-4.870540336835564241e-03,1.888222356361605537e-03,2.752264260651322934e-03,-1.434430797102961754e-03,-2.765120875072682753e-04,6.344969634386074487e-04,-8.958131975704742732e-04,9.903931503154460737e-04,-6.011959484743055037e-04,-3.879611582147822393e-04,7.576141231169638765e-04,-2.553131759404046199e-04,-2.033884908040453664e-04,-1.012885471415245073e-04,2.021165259760933689e-04,-5.464537981296781595e-05
5.162673132507104162e-02,2.416023305972734344e-03,8.234577614647865459e-03,-5.311908984706926740e-01,-6.934875630194172746e-01,-4.576216865751742691e-01,1.101049133424039927e-01,-6.182123665735204943e-02,-2.428346103438111525e-02,8.494830676005299397e-02,2.897883599276666541e-02,7.082420810079859824e-03,-1.407020521359190124e-03,-3.205292585261536060e-03,-9.693290676877658330e-03,1.986043588349377734e-03,3.875400556402314829e-04,-2.416829985723922629e-04,-1.300190882998203965e-03,-4.599484603371785407e-04,-1.098456558420237176e-03,-3.867158733015296697e-05,-4.278963543080754298e-04,3.028736677590644047e-04,3.034470268548512592e-05,-2.389168952493776017e-04,-1.096334969272716014e-04,-1.026272397066619821e-04,-1.206966013762692690e-04,1.332163215849522641e-04
8.451034588637090783e-01,-5.293873567515925416e-01,5.916652810951133351e-02,3.142968104909468069e-02,2.267365841203459673e-02,2.167639390627727411e-02,-9.894466796708891766e-04,6.834128351870060944e-03,-4.112158558242292976e-03,-1.845693397593372535e-03,2.546804208069089470e-03,1.261405171218581362e-03,3.085069646250580572e-04,-5.116058204088677315e-04,-4.998354482570309008e-04,4.284816119374579741e-06,-9.309777749122413227e-05,4.441732766556021723e-05,-7.663903279860033869e-05,-1.566974126865253414e-05,-7.678280696915665586e-06,-3.231417445218349592e-05,-2.548973435868649690e-05,5.005231599615449646e-05,-9.714029350968213328e-06,7.394995369949553541e-06,1.057435794219210372e-05,1.951500206002977129e-05,-4.131571846932346222e-06,6.432215055255188253e-06
7.901339746608158674e-06,-9.616359630081023702e-05,4.349540551422319636e-05,-9.578094296512891601e-04,-5.066650296998189947e-04,-1.039416971677375534e-03,-4.017531183355059834e-03,-1.882476473240166570e-03,-1.721938247595088470e-02,-4.209146780139068345e-03,-4.624532574233597426e-02,-6.111424628423482719e-02,2.054186964656491005e-02,1.193910865868737757e-02,-9.399676849479889074e-02,-4.112374505956882809e-01,-1.989250637353904005e-01,3.450448607357028269e-02,-4.922464374739574655e-01,-5.083057306555304189e-01,2.979486428460894065e-01,-3.035840002930534354e-02,-1.490760414327346739e-01,2.946205473797814389e-01,-1.269206784718555081e-01,-1.975767428164890982e-01,2.239802462433807331e-02,1.634461068137601494e-03,-1.386677191348398841e-01,1.525197324231679363e-02
1.122096428391526054e-04,-4.110322089655598396e-04,6.501471106844145496e-04,-1.003355492414990599e-02,-8.113329614821716829e-03,-5.866813438008483018e-03,-8.773316736738392269e-03,1.823338692371749559e-02,-2.043249641142437512e-01,-5.435695038857964179e-02,-3.512841656153727343e-01,2.277623082211756994e-02,7.875838183998785658e-01,3.640729517173141305e-01,-5.474752286669110068e-02,4.262130938814066156e-02,1.068401442515560101e-01,-2.625134991946163551e-03,-3.387274709791537886e-02,1.009163239518103966e-01,2.013837189000174666e-01,6.319494907012048954e-03,5.430680603935685025e-02,-7.234337140428452606e-02,2.450876388392399588e-02,-1.383561034695526132e-02,1.021723189904535402e-02,-2.292398701497706109e-02,6.079351369950768136e-03,-1.117309780240067010e-02
1.792889341335824661e-04,-3.142811880285793281e-04,8.244589463117206344e-04,-1.210285675901871978e-02,-8.137863625514774046e-03,-9.694870086308709708e-03,-1.265233599285980025e-02,3.288422386625586280e-02,-2.603737521168045799e-01,-5.104396154444450912e-02,-6.342820209078190441e-01,5.627432854135433482e-01,-2.486593623878315673e-01,-7.747073275708524220e-02,1.479924620920139433e-01,7.520127286417269130e-02,-2.951451464718617967e-01,-5.299586700809600509e-02,5.249893616279134589e-02,-7.962462183375945690e-02,-1.031539693654287965e-01,4.369097123217968032e-02,-3.440882849041444758e-02,-6.424771966840953834e-05,-2.180951168311796862e-02,-1.814773392816599468e-02,-3.841808912062112842e-04,-8.155847241072690379e-03,-2.978094061858682813e-03,-6.132058885532361107e-03
8.193628561743190972e-05,-6.142367943950785461e-05,1.705356575101864671e-04,-2.781369743667008732e-03,-3.399033262631564155e-03,-1.547070197383059766e-03,-4.272289920552847786e-03,8.230855752674683459e-03,-4.682828814956002672e-02,-1.311563707225153405e-02,-1.067789653520443416e-01,1.357655456240091339e-02,6.458035766594043443e-03,-5.472511891900520148e-02,-1.523686307516132210e-01,-6.957126907699969776e-01,9.044646729211457126e-02,1.900069869036005721e-01,6.048872344809372859e-01,-3.958913284867102145e-02,2.238424963662731179e-02,-7.728205952589237149e-02,1.043694515494773545e-01,1.005517412824375734e-01,1.161880020031352684e-01,1.181178027692393051e-01,7.286334422851553638e-02,5.765742580744191020e-02,1.878370258514189609e-02,4.286674297155359213e-03
2.870596775905121727e-05,-2.128025893542774029e-04,3.571061942411273525e-04,-2.631089309732935130e-03,-2.647975053231063983e-03,-4.836992139241847247e-03,-6.083386129232075216e-03,-2.289807154052096640e-03,-3.246812445217606841e-02,-2.381833992714239845e-02,-1.489989167250822255e-01,-1.775777482955090691e-01,3.313311864244520288e-01,-8.425528264294697145e-01,5.822026519836338843e-02,1.249814267144685881e-01,-2.548177627427567621e-02,2.864676672346110342e-01,-2.842192553416172593e-02,-2.509519518283146594e-02,-1.627518790262870441e-02,-2.558623960613068057e-02,9.410615002776137605e-03,1.503174430691715455e-02,-1.262121963300991967e-01,6.432521818636532940e-02,-3.961073064415353111e-03,-1.278424468280663431e-02,1.521266070210966839e-02,-4.020822547342347945e-03
2.511700358387781265e-06,-8.251490646158166141e-05,4.290198228247337972e-05,-9.808128953410434527e-04,-6.551798265520448897e-04,-1.216257599851717879e-03,-1.593469845826086173e-03,3.355132498611381169e-03,-2.400181302171235445e-02,-7.737623359472585276e-03,-5.309740024474013387e-02,-1.201530169257761065e-02,7.375569921928838701e-02,4.672156934653474286e-02,-2.405512310837631517e-03,9.987789864026109729e-03,7.361145904995344824e-02,-4.592224927988977634e-02,-9.330636790647492407e-02,-7.546376620586874029e-02,-4.164440006188682708e-01,-8.278768258531513657e-01,-6.135247042082792729e-02,7.402159089070334264e-02,7.153478317138838027e-02,-6.247485424876952215e-02,-1.735929356005166957e-01,2.170711352994716126e-01,2.372458620021585668e-02,1.088136803684343623e-01
