5.114590476938540332e-03,-9.554414091109920612e-03,6.999028419689087323e-03,3.680540387191243851e-02,3.469693569609608869e-02,-1.410532092432280893e-01,-3.680535377872923286e-02,1.805858545663069359e-01,-3.332047751219833764e-01,-1.025708179649371388e-01,4.132691239885211143e-01,-6.987800927346023983e-01,-3.357826117048529069e-01,1.907406067595980581e-02,1.146181916944028351e-01,-1.297663393612236427e-01,1.210686072012209444e-03,8.124401691205970777e-02,2.468121271272886649e-02,9.264598020286533842e-02,-5.279746587566133686e-02,-1.753277244552244041e-02,-1.075361883314267589e-02,2.567853585030854119e-02,-9.616763212909015032e-04,2.963497982913572307e-04,-3.179091290299694973e-05,2.122501875820309233e-03,-1.876631255383516767e-03,-4.246050093201771299e-03
2.418951931743468751e-03,1.439673116621690424e-03,-3.022780255375962649e-03,3.652510461429818722e-01,-4.457708115942509153e-01,-2.210351480744139341e-01,7.823597911631545720e-01,6.426789006737649093e-03,-8.263168586391651804e-03,-7.913811679874106775e-02,-2.138482800876215228e-02,5.511110333557023636e-03,-8.853306616061443635e-04,5.913083540802280963e-03,-3.339610499857971655e-03,-2.792125968196318593e-03,1.252088752160275629e-03,1.644692199473157387e-05,9.634180023289462373e-04,-8.535186613666752341e-04,3.411604764098041505e-04,3.669675723459156144e-04,-3.520717186143619429e-04,1.983271437887723523e-04,4.914483913550852894e-04,-9.485484709057804198e-04,-4.534653574880377576e-05,-1.248765984027338605e-04,-2.289815885229695431e-05,-1.096877680234631679e-04
3.531680265165099836e-02,-6.668970046863853529e-02,1.553640893165473408e-02,3.323734823049386833e-01,3.112223540892779527e-01,-8.316777223993345736e-01,-2.025294481347633402e-01,-1.662161987490370363e-01,1.064402337488130484e-01,8.273457576178237793e-02,-5.753757617260294062e-03,7.589789233222764275e-02,3.841977748323464198e-02,6.520658107019093163e-04,-8.471293231427586695e-03,1.958044072824581538e-02,5.838427701192615456e-03,-1.270446833234035490e-02,-5.986527395931749793e-04,-1.281817792301254318e-02,9.751855671741058856e-03,5.228479568949553555e-03,8.877684803503682479e-04,-3.616323014120467663e-03,5.358964554135394603e-04,-1.146346065269853668e-03,1.962733048408424655e-04,-9.969559655705021871e-05,-1.552835411614246291e-04,7.651207888323594518e-04
5.149807023126254935e-01,-8.531931141595208157e-01,-1.318046099638955308e-03,-4.264570866149187955e-02,-4.689276538576536701e-02,5.187977255612737787e-02,7.451576185309844412e-03,8.163448078510123981e-03,-2.651353594653934991e-03,-1.732145517928654430e-03,-3.300467074551569416e-03,1.418787083818082162e-03,3.259719351944416759e-04,-2.430529906284941419e-04,-4.138344273534460020e-04,9.170283169710511073e-06,-2.044195263404209096e-04,3.240501305975011863e-05,-1.658132770656610292e-04,-1.112125748089849340e-04,-1.054940600020714842e-04,-1.081866276688048272e-04,7.465973583387771430e-06,-1.211636783961937893e-05,-2.764870049149310559e-05,4.710572663305573121e-05,-9.483724141843143950e-06,-1.504473204317885060e-05,2.438483228663685558e-05,-4.045548578389923453e-06
4.204281237293960394e-06,9.619034222639767781e-06,-1.952912287442082784e-04,1.856930340734091187e-04,5.895053636081660792e-04,2.434980272777833633e-04,-1.241801999622516332e-03,-5.717834781238032363e-03,8.724254392611697356e-03,3.195258363228839233e-03,-2.986004470528498544e-02,4.635767867023599803e-02,7.999577865268973562e-03,4.441600621946722310e-02,8.956926333294376597e-02,-2.350682445224335781e-01,1.052701146073396071e-01,3.438847566610569451e-01,1.312454027478291152e-01,-5.339389898068595819e-02,8.827585712992124314e-03,-9.672758040858350781e-02,3.549948367490658729e-02,-6.803894741793328205e-01,-4.912250269504502276e-01,-2.146000510891679369e-01,1.195452270505986854e-02,9.179071855493581289e-02,1.095605112165681794e-01,2.357221028987471073e-02
4.272060345859496800e-05,-5.503357885435043191e-05,-7.836556987851968793e-04,2.580592455632766367e-03,2.693225699161320898e-03,3.308360886991159656e-04,1.117074944977635440e-04,-3.296359938622481223e-02,5.311039016058725915e-02,2.012585854455750667e-02,-1.149952684313515078e-01,1.008778616947088452e-01,-8.682099767872504537e-02,-3.738602776585586707e-02,1.455718935947989123e-01,-1.844607411880862802e-01,-1.097940377172878512e-01,2.710724636401118937e-01,3.049386508303571219e-02,-2.446144234550618954e-02,-7.499692591531846864e-01,-4.201707147482373061e-01,-1.140230072803011946e-01,2.141051764828879045e-01,5.888107796496704766e-02,4.491130309485488747e-02,-2.458259501289019114e-02,3.622728074650307523e-02,3.845285515998939085e-02,-1.197413764484847876e-01
8.479439559014567132e-05,-1.386773838727007712e-04,-1.158726815425818778e-03,2.788975463206500461e-03,2.294188389553447182e-03,2.420269969932773487e-03,-9.833305620215841442e-04,-3.842932741907632843e-02,6.487767098774678554e-02,1.249398728334454728e-02,-2.000927944921577217e-01,-9.510017881101036352e-02,1.927039590846084671e-01,1.006546536797563451e-01,1.821216977104120338e-01,-1.238537373128250491e-01,-4.106438432038775344e-01,1.134488590435897698e-01,1.365549079343046368e-01,6.791483329738908781e-01,1.915859990191208784e-01,4.792026541586903721e-02,-1.526598883837839704e-01,2.383544828638703983e-01,-2.529027360476451824e-01,-6.174788329044492152e-02,8.032933465125657521e-03,-7.531255669225715363e-03,2.504740256058700029e-02,-1.587322171050003713e-02
4.949424619688939713e-05,-7.392206170570127320e-05,-4.147088094454383172e-04,9.994909082776579599e-04,1.118209945941208610e-03,6.957516117466767394e-04,-8.986493449522478180e-04,-1.356448527828950194e-02,1.826431045244893830e-02,6.402943889919450980e-03,-5.425428856648464859e-02,3.204618649518568840e-02,4.282718286797415619e-02,4.909072038545066186e-02,1.008946493925393512e-01,-3.059502857198652115e-01,-5.466071155381705543e-02,-3.713968689265557954e-02,4.244035265259282069e-02,3.443132754754064662e-01,-2.707564668276318809e-02,-1.441938665604988214e-02,3.977443821791798451e-01,-4.104644126033412665e-01,6.436829543605586679e-01,1.382983518355370700e-01,-5.623903949660550260e-03,-1.284390554309884505e-03,-3.872920273607245029e-02,1.038413992423012182e-02
6.180719309207560786e-06,7.142893760206049300e-06,-6.151498575525597267e-04,6.600322846775208809e-04,8.775421398365126305e-04,6.104125161300822050e-04,-1.695770827383750361e-03,-1.218048527322143464e-02,1.305102582521265077e-02,5.045033140005645948e-03,-5.029757862373299138e-02,4.794235855239790262e-02,-1.064838297678086104e-01,3.457173683910984563e-01,1.342435470337115522e-01,-1.217792151047617129e-02,4.836889359174934185e-03,3.350316315672031697e-01,-8.387015641067441241e-01,1.852972932199322548e-02,1.127360731805313321e-01,3.827923024285153492e-02,-1.292370746392219503e-04,1.006357309577340410e-02,-3.566640180647869755e-03,1.177911012088609793e-01,7.459115290901183019e-03,-7.098345267873564304e-03,-3.754675304210017966e-02,-9.014043458699157879e-03
-2.689585704317661355e-06,1.106031806723249043e-05,-1.274977461821865310e-04,9.652815790295364660e-05,2.244039802151211204e-04,3.251917376970727639e-04,1.215982181245174143e-04,-5.263104215599742272e-03,6.975427048204702572e-03,3.066245020128318278e-03,-1.933563390624552791e-02,1.644984464588424358e-02,-8.518976913867151377e-03,-2.068567346199484333e-03,3.418140654321848160e-02,-4.249940967702046241e-02,-4.002346732748689878e-02,7.587168147262637885e-02,3.031690136067631894e-02,-9.862041513343145979e-03,-2.211530120289012802e-01,1.949415522684612156e-01,2.492801360898702634e-02,1.417069603122158086e-02,-7.254186202290292818e-02,2.121053122401179991e-02,8.832465215737993203e-02,-2.869082809198690298e-01,-3.338300948211118668e-01,8.323688914473076350e-01
2.725371878557166557e-04,2.471340860951044436e-04,-8.530892276242459452e-03,2.111867431333774164e-03,9.168287182107490770e-04,6.386026822088120176e-03,6.397337329725070500e-03,-3.721417424582081773e-02,-9.807396293584570712e-02,4.948836116530822699e-02,-1.058839189878774539e-01,2.073034782375921675e-02,3.025639189250167727e-02,4.409165786114292024e-02,8.757486199273958327e-01,2.855980058226197937e-01,2.840370291014346904e-01,-1.816852224271307548e-01,8.261937823784136492e-02,-3.182159441271494027e-02,-5.889293802249578273e-04,2.373405696745721754e-03,3.231899499201947717e-02,5.093968745575385218e-03,-1.775228046204036262e-03,-2.419365944532198692e-02,1.283088362157479984e-02,-2.456982302114842174e-03,-4.536696571276978632e-03,-1.932503240867260511e-03
-4.806985737736918458e-05,-3.594426301795765636e-04,-1.429085089663911269e-02,1.693871689766371716e-02,-4.862270732621165603e-02,3.217193428436304625e-02,-1.018757673979172607e-01,-6.045552050167986025e-01,-2.342267255859810104e-01,-7.484606154545445644e-01,-6.457526351540396337e-02,2.178241591334217561e-02,-1.973089343122690770e-03,5.434837895103690475e-03,-1.859219164795158918e-02,-4.467183797974285178e-03,2.214601820341309708e-03,-4.295290356371588708e-03,2.827497813831802292e-03,-8.863612216046182560e-03,-1.297941763236638109e-03,8.741713261344479825e-04,-1.433680123992123103e-03,1.379360602968325491e-03,2.474036287021119315e-03,-4.586196227000826839e-03,-2.566069900156674709e-05,-6.863144161056328489e-04,9.459642852906829892e-04,-2.552555145699653269e-04
1.937127348101445965e-03,6.006665781705199493e-04,-5.784458601516817566e-02,3.519544308712890118e-02,2.272576822217725959e-02,1.338276835937106668e-01,1.007053677442083794e-01,-6.501811227535534421e-01,-3.658076526431836006e-01,6.269812135668285658e-01,5.773262189878616141e-02,-6.952239758795376867e-02,-3.537519495496244115e-02,-1.225945377593297241e-02,-7.836577930680470316e-02,-2.709430861202570540e-02,-1.125443657400682085e-02,2.007701245321156722e-02,-3.904274761463793174e-03,9.206792370955679469e-03,4.585126523731533968e-03,5.008387252588604108e-03,-7.385264040764261649e-03,-5.198789612501328620e-04,1.778493336196006929e-03,-2.030087396288814995e-03,-9.332320514228623727e-04,1.852875776828652541e-03,-1.037717707142515834e-03,-6.004353480234436886e-04
4.666964743433610341e-02,2.768876562157075380e-02,-9.955121601577945345e-01,3.944049843003125111e-02,-2.674919015325700773e-03,-6.968683450652875949e-03,-2.857778842499360955e-02,5.103360420598848646e-02,2.003916985560245251e-02,-2.372011201195845659e-02,-1.328427460956892853e-04,1.334579998880258472e-03,4.464999403185402585e-04,-5.213104011083147292e-04,-3.119513575610492837e-03,-9.802474652479695530e-04,-9.552791556858958831e-04,2.454349687297301629e-04,-3.526382136250528218e-04,-1.742151298200487520e-04,-2.007466309417795544e-04,-1.326472016628703007e-04,-5.476441743240774478e-05,-4.586711869469046934e-05,-3.142236574663154024e-05,2.044697510155966459e-04,-6.363847680181339370e-05,-6.722135156408114989e-05,6.954379137520895666e-05,7.049171086886614512e-05
-7.215879601187108765e-07,-3.619901346514237799e-06,-9.225888558243455653e-05,-2.875120470311046656e-05,-7.149100392232348193e-05,2.247515914293330558e-05,1.884781655112658055e-04,-1.718620290587358343e-03,8.546392274043635969e-04,1.614429950128030034e-04,-3.302911623634375866e-03,3.728783967614279337e-03,1.290409586805548554e-03,-4.138192466256287658e-03,2.217093752329090187e-02,-2.835565312879462924e-02,-6.998522873215405442e-03,6.099687272429493712e-02,3.349981954237768456e-02,-5.581044977304544519e-02,8.488763992352893473e-02,-2.822800153474485166e-02,1.076896256596296397e-01,1.653527251704507706e-01,3.813750762857442272e-02,1.619503268338888247e-01,8.552206234398290752e-02,7.732516650535606884e-01,3.693307252584224210e-01,4.175995296613188579e-01
6.238718948230711232e-06,-3.278212230841459548e-05,-4.265135872171503940e-04,7.150727609577144572e-04,4.287236655020524407e-04,1.692804716333888904e-05,1.090219865254666654e-03,-1.192688252124499658e-02,1.633499929371135667e-02,5.589535165245988410e-03,-4.370488743045281704e-02,-3.458688279580138247e-02,-6.884480103194091927e-02,-6.831229547144387904e-02,3.914870026405518899e-02,6.206922429703972538e-02,-2.830932889934744123e-01,4.557655727908354465e-02,-2.083785637781077060e-02,-1.700557323347767213e-01,7.222262174371051058e-02,-1.588828729082165658e-01,8.113955351424395612e-01,2.316296874502746239e-01,-2.061658864563811755e-01,-2.392984635971400764e-01,8.877881649844425460e-02,-5.045698140266906967e-02,-1.096714021897677027e-01,-7.341131215427894319e-02
8.571416502266906583e-06,-4.376425049847582690e-05,-6.643166699396535306e-04,6.833064435219083884e-04,4.041698387957409939e-04,4.904493772678202756e-05,1.026589255719123454e-03,-1.560127898820075354e-02,2.213404327462985613e-02,7.025196284921104116e-03,-1.010429750219619532e-01,-1.861906800808243168e-01,1.024180254196167261e-01,3.092631840168492269e-02,1.742865185484355484e-01,1.283389999559672312e-01,-6.961695065233405311e-01,6.061940382813783834e-02,5.596567646025818465e-02,-4.717197820313642764e-01,8.396288492726980413e-02,4.834968087635736766e-02,-2.375055094674021761e-01,-2.431513598593066094e-01,1.929553012562111591e-01,7.336923926361672843e-02,3.081302439696404979e-02,6.207877124393058887e-02,-9.466369700932601716e-02,-2.773865043190905030e-02
3.123057935663817803e-06,-1.198024802693260913e-05,-1.374366930381456197e-04,1.936711849472211083e-04,1.786833091893007730e-04,-2.893331341949465668e-04,3.813796523851672050e-04,-3.799795791986561744e-03,1.293495742018446011e-03,3.894808898928893599e-03,-1.123917053339009049e-02,-2.118952954535081867e-02,7.438064688148989488e-03,5.272515203882707346e-04,4.548777103796496080e-02,-5.755669941837918829e-02,-1.027826137854920413e-01,-4.327566337701949789e-02,-2.946653109312985866e-02,-1.028160839855459113e-01,4.974482506569948698e-02,-5.348722561893085037e-02,5.518398623201479364e-02,2.379226359961549714e-02,1.635914597794182329e-02,9.543091872528480790e-02,-6.291926771030767473e-02,-5.176958813355296840e-01,8.070261821812978464e-01,1.688150601895813674e-01
-1.651295937869986854e-06,-1.174669004989938331e-05,-2.780940126906817820e-04,5.296567826973143492e-05,-2.552662927492432787e-06,1.135952095288608949e-04,2.723043026884161208e-04,-6.707445082543403783e-03,6.164082012168171183e-04,1.181429153143210469e-03,-1.081875948726505887e-02,3.881308752277149842e-03,-4.653332450160890810e-02,9.724299164878660862e-02,-2.083981855109202572e-02,3.174337074942612524e-02,-3.943637028905279916e-03,-4.636776533193590760e-02,1.568358000843698141e-01,-5.198163013445391070e-03,2.800629762228884490e-02,-9.284035567118800736e-02,1.499885207509988050e-01,-5.790191962160968348e-02,-3.252876480606518572e-01,8.869234225360793644e-01,2.421709821406457688e-04,-6.835494401772640449e-02,-1.315228162035084469e-01,-1.014823334668579075e-01
-1.146937765764125009e-07,-1.145461209625389074e-06,-6.116399384489964400e-05,2.419155393444015617e-05,2.766147652490397998e-05,-2.030243891586730459e-05,1.541886242205969327e-04,-1.741344942855897878e-03,1.609315525726927971e-03,4.586671216517447807e-04,-6.679691122035315634e-03,-3.603888157036608513e-03,-2.163378081940038177e-03,-9.027289884820294263e-03,2.767532963141236882e-02,5.070613040235899538e-03,-5.009491531694530708e-02,1.758235634747698159e-02,-7.806205183273838251e-04,-2.681339095355250723e-02,-2.974430502647713859e-02,1.067530516306435112e-01,9.013755183703411888e-02,1.736082127061511909e-02,-4.429745306670920812e-02,-8.292352629974955244e-03,-9.793886750216345138e-01,8.227358250602161138e-02,-4.429044190453081120e-02,6.963916790909650822e-02
7.244143321720320286e-03,2.606323040973086485e-04,8.701510778588016082e-03,6.360670855297806403e-02,5.329206022767666445e-02,-9.136473358415692081e-02,-4.983174457890818254e-02,3.663070732624422732e-01,-7.839518633375837098e-01,-6.129500087549648486e-03,-4.167946324536671576e-01,1.985762716391382687e-01,6.514155908036094178e-02,-3.834122823891460835e-02,-1.104808546998400642e-01,4.419959756747184228e-03,-4.133138000414959129e-02,1.018248889895094315e-02,-1.844203500841755036e-02,-3.548028037639976585e-03,3.148975962052830667e-03,-6.930617196265104023e-03,-4.652911461849134050e-04,-3.867237065696304231e-03,-2.064614019803505504e-04,5.017688145688285403e-03,-1.293070459920525389e-03,-2.985547203783177903e-04,8.787751960111973328e-04,1.153260106664488359e-03
3.638477782337255079e-03,1.129087029980652308e-02,3.829821432743535370e-02,5.456924995765395359e-01,-6.057954636974279827e-01,1.320845963638088705e-01,-5.518991244140872832e-01,2.971493485274560864e-02,2.397902928504229772e-02,9.817219475484473268e-02,2.073923122472668898e-02,-4.518182012924667340e-03,7.104433288024397577e-04,-3.922152640444263524e-03,3.920821259109603246e-03,1.715739469008416718e-03,-9.724175019409379752e-04,4.139436520811736755e-04,-8.620993290738770487e-04,1.068127635321253818e-03,-4.476414956349743387e-04,-2.871622298074444899e-04,2.882327960089250355e-04,-3.960029392245641242e-04,-5.116483314124730579e-04,8.922208298400183084e-04,3.054862872280135992e-05,1.033985565156977303e-04,-3.329271719908150827e-05,1.129735409319950016e-04
5.034828946879488232e-02,-6.323225523849999863e-03,2.622501469549576997e-02,6.683318198273576760e-01,5.726536080937744133e-01,4.375044285398766442e-01,1.300351020963534943e-01,5.882708120402871388e-02,4.376517438278375305e-02,-8.570527475327292810e-02,3.070328608570623008e-02,-5.840899347716810297e-03,3.516669369431281184e-03,4.182594927618862347e-03,9.195863473008760933e-03,7.316994356866005555e-04,3.512055536573064122e-04,1.881353077589654479e-04,9.247937148994458826e-04,-6.126685921554416749e-04,-1.532903882321584891e-03,-3.269880834526489328e-04,9.975011581608596561e-04,4.233842295638879836e-04,-3.947152913623701211e-04,2.871220213559072835e-04,1.048417269370608882e-04,-1.663934076810960800e-04,9.309095135140855841e-05,-4.369601869498185856e-05
8.536585828457411429e-01,5.163194993381272635e-01,5.289335300889674157e-02,-3.380296727613381347e-02,-1.508838181653080097e-02,-2.093613343484507575e-02,-1.678994671621053319e-03,-7.164522137547565776e-03,2.868620435270907969e-03,2.951098381490261779e-03,1.580420953632502307e-03,-9.380077579455072803e-04,-4.452340987450025987e-04,1.368607164230035912e-04,3.576818090518761053e-04,-1.219113884565405537e-05,1.968133486714720125e-04,-6.497355472409185948e-05,8.579438612884801064e-05,4.852736542210086797e-05,4.966063351278613021e-05,4.776038542392753867e-05,-2.173096484738672309e-05,8.848220139468037946e-06,1.444784337874726559e-05,-4.187221005130564895e-05,5.823008506238668607e-06,9.894878060978275141e-06,-8.909249709776782553e-06,-7.186667632447499845e-06
8.862837937537320384e-06,6.073881174850084900e-05,1.027832636778320050e-05,6.032995605729179036e-04,7.253846337869293299e-04,1.582484557631551715e-03,-3.124292414277497158e-03,-1.422664148388141968e-03,1.345270119440114369e-02,6.328321800818158781e-03,-5.414487471865192525e-02,6.176516833419776198e-02,1.036745031019472088e-02,2.780824294927219942e-02,1.103771801383593987e-01,-3.861597686288261166e-01,2.305613998028472056e-01,5.148313215851098024e-01,3.125400976635135941e-01,-2.811842624907108235e-01,3.814699313733654340e-01,7.661890414215224987e-02,-4.411051651660109763e-02,3.267810796485514646e-01,2.041540785341339481e-01,5.087916196534045254e-02,-1.582510746067855578e-02,-1.266320161634424957e-01,-1.044856920234904785e-01,-6.546642778906100468e-02
1.106579165409404277e-04,8.356823149487341111e-05,2.253133438599338968e-04,9.564249621007899979e-03,7.830081119661019828e-03,9.211229125942663881e-03,-1.066960967408140835e-03,-4.692226775996766186e-02,1.467171290214055734e-01,2.227321653261648757e-02,-3.772982585674259925e-01,4.008519223142560650e-02,-7.640922605276793123e-01,-4.272535259967560894e-01,2.621010173841812479e-02,4.099773273482020669e-02,-4.598651432936153027e-02,-2.489642973394100376e-03,-2.069204521760619961e-02,9.858687228918228129e-02,1.790652002170781132e-01,-6.121261233916115013e-03,-1.043545333037371459e-01,-7.297165552231965613e-02,2.376018666486351058e-02,2.241745004139422334e-02,-7.083347732355164614e-03,-4.352059053131246934e-03,-5.668087910183487212e-03,3.275578566576606288e-02
1.780576784876352085e-04,-1.523343952136858832e-05,-9.188724949127819201e-05,1.003041316097609027e-02,7.672384347424217842e-03,8.422878521846796640e-03,-5.914058211427815175e-03,-5.590329259257751510e-02,1.732037383582847312e-01,3.208732772169230196e-02,-6.184975212803812683e-01,-6.217090453866379596e-01,2.300969631378072533e-01,5.039809067749575350e-02,-1.724483022489627926e-01,8.157196474495122251e-02,2.913357345853219704e-01,2.429054920824686922e-02,-3.530558435616392571e-02,-6.531478244142312206e-02,-8.584602889133595427e-02,-2.850376676045549007e-02,6.456961880034731149e-02,-1.526604213903838547e-02,2.823005144813722778e-02,3.149024735389940183e-03,-7.325220920688306318e-03,-3.517722985914212720e-03,1.007973606292222706e-02,1.020417835859592330e-02
7.626883404874532004e-05,-1.958111500376691032e-05,6.926009748348375299e-05,2.886605647239616924e-03,2.730119625108756026e-03,1.472168118452374906e-03,-2.772145563602745368e-03,-1.008190007541588835e-02,2.680890198686132486e-02,1.603441079620016724e-02,-1.195688158190187089e-01,-2.775876584115064341e-02,-1.298687699228844548e-02,4.176361565082132438e-02,1.187917853899748410e-01,-7.114912298232514143e-01,-3.183349210455157369e-02,-5.736520935333127014e-01,-1.756583248894532379e-01,-2.133853875210248441e-01,2.071099536930234505e-02,1.927219048760649145e-02,-7.154537569257968244e-02,8.333092550029698453e-02,-1.774007901848333735e-01,-3.365077435487561636e-02,9.616710636304278900e-03,5.761509115584346336e-02,-7.759882686396213369e-02,-1.435733902158308102e-02
1.833180593830410825e-05,1.038038388840578630e-04,-1.110756461786462519e-04,2.482956288335382618e-03,2.359459526460670146e-03,4.807514739761407224e-03,-7.530831030485806571e-03,-1.844928130877764591e-03,2.580786242439001704e-02,2.112347269924371926e-02,-1.318751399424703818e-01,7.940887566905095729e-02,-4.034816173396074124e-01,8.086720382420233832e-01,-1.238104117271201648e-01,8.964466092295447774e-02,-2.515106965688574878e-02,-1.277526664375515375e-01,2.965596793725555069e-01,-3.350441812680212544e-02,-4.616116391570086047e-02,2.124852018567319201e-02,4.129156915659184038e-03,2.298453931811999390e-02,4.463909570371738661e-02,-1.487945682992909691e-01,-5.462633458154091647e-03,1.128928012443954076e-02,3.760148560842980353e-02,1.131584403202302337e-02
2.090074137338240372e-06,4.358409463634521636e-05,-6.994781065662869095e-06,7.306206918550634411e-04,7.435806935342134357e-04,9.582945458875625263e-04,-3.910467523600393231e-04,-4.917525539857890877e-03,1.677258031490612769e-02,3.845995530337857887e-03,-5.448516776812378781e-02,1.861074685339928966e-02,-6.365654454994343348e-02,-6.168847418088427986e-02,3.964027322956257399e-02,-5.530662267184018044e-02,-3.658014180167593055e-02,1.042297937815473280e-01,3.067548958661229716e-02,-2.830788224072660481e-02,-3.526543022554003981e-01,8.443434997163677957e-01,1.421852338898031420e-01,2.765134524503665148e-02,-7.692508335223960381e-02,5.449772444206321675e-02,1.065350266943496382e-01,6.738110366895758152e-02,1.583652838702756527e-01,-2.486187422970323191e-01
