5.431309454973107416e-03,7.535176814103856577e-03,1.177064591092994751e-02,3.781931484044512987e-02,-4.177960343631152013e-02,-1.211948240134144150e-01,5.878831776837542544e-02,1.351007364101399488e-01,-4.093121115708017732e-01,-1.558489144705374752e-01,-4.060256203029022903e-01,7.050580181293573112e-01,-2.128449502609008892e-01,-1.292580076969916114e-01,7.993193995295644338e-02,-1.392255721941525470e-01,1.947529557841004566e-02,1.028042597017877480e-01,-5.234192952813018079e-02,-3.879429777592737633e-02,-5.122620844861671546e-02,-6.780800101286444531e-03,2.070863491553238955e-02,7.642371666568785644e-03,-1.143450713338552832e-02,-1.069184652876392465e-02,-3.126313173457923728e-03,-4.591090796161930582e-03,2.131697573242886425e-03,1.162642887412307781e-05
2.174557400638327774e-03,-3.237005859210221465e-03,5.617037902249137453e-03,3.991507826541376702e-01,4.205623415631987716e-01,-3.813928373137048800e-01,-7.103674690057720786e-01,7.801617363707380459e-02,2.538486404660453277e-02,-7.576097273720402980e-02,3.227892805584640923e-02,-2.299514470672928482e-03,-5.425257450058583453e-03,-4.043091243978966546e-04,-1.002474382381157020e-02,-4.175545421426147576e-03,-1.811301282370196206e-03,-2.480107707798686906e-03,-7.987608910703385308e-04,9.132353594850102616e-05,1.296254461627427846e-04,2.398548717869982880e-04,5.656749549358767440e-04,1.025413544612799685e-04,9.102637777922716923e-04,-8.756330820195609124e-05,-9.435192971066491826e-05,-3.208545363595023899e-06,2.366271367792415208e-04,-7.679854414594930662e-05
3.754202169297297248e-02,5.007596329601510243e-02,6.353420299522075099e-02,3.433594966017294858e-01,-3.799608098703969317e-01,-7.479800561342069276e-01,3.530917946012286923e-01,-9.259365068929602260e-02,1.392993290629676584e-01,1.031363187069254117e-01,-1.762645112277673454e-02,-7.221036591424935536e-02,2.248406502716820271e-02,1.094492028637300031e-02,-7.253124192485222756e-03,1.742773799444114272e-02,-5.098303436365608787e-03,-1.758690936563167204e-02,6.036949484959863721e-03,6.830839457402090170e-03,8.601352248971856629e-03,2.675241534484942927e-03,-2.122739384536347432e-03,-1.630422352507568352e-03,1.358109877549221363e-03,1.286827682989504949e-03,-1.315589258753256706e-04,6.028500368976954463e-04,-4.426101475176099091e-04,7.485156260235045452e-05
5.430186547717067436e-01,8.277518671125745353e-01,1.208545946732139525e-01,-2.979689473979239486e-02,4.219940706217605725e-02,4.791495283862023252e-02,-1.815517443087095312e-02,1.563228600248656825e-03,-4.772767749182851849e-03,-2.515313643176968639e-03,4.697281169617890245e-03,-1.891115155927145615e-03,3.319151363155705488e-04,5.075263256873966539e-04,5.872499543967428845e-05,2.442642313043667237e-04,6.352872620806421591e-05,6.943426492581174301e-05,1.157092671776749896e-04,-1.131984141046576277e-05,-5.263036599493896842e-05,-7.560212740403027699e-05,-4.213475619702876227e-05,5.966020850247520989e-06,2.654346346192467068e-05,1.366694364482093490e-05,3.087607322118227136e-05,2.395428541555874747e-06,1.004123159845264440e-05,-3.384503595766072449e-07
4.902818900835385653e-06,-2.321355317961934590e-05,-1.331034060471275647e-04,1.895910513797830453e-04,-6.431116511225417644e-04,2.254501856097165661e-04,1.914707063788824567e-03,-4.212438731337413145e-03,1.121085959656711005e-02,3.866756767095112530e-03,3.644982072932314437e-02,-3.517028552292360971e-02,-1.523169883428425291e-02,-2.794921192258286238e-02,6.266257796255522705e-02,-2.788064057566191356e-01,-3.054122018773155478e-01,1.008495190140080988e-01,-1.792490165785703415e-01,7.308716457607856987e-02,-3.851662456176097038e-02,-5.500387955369857862e-02,-7.755956466818584305e-01,-3.080400259634861748e-01,1.609940434815905208e-01,-1.641490760580670838e-01,4.609528872447602593e-02,-3.601154570446361142e-02,-1.281255954472403646e-01,-5.651802067373945873e-03
4.482499176626897303e-05,-6.272670559621841156e-05,-3.195115429080785442e-04,2.575786099307497603e-03,-3.120732556233882932e-03,-2.588428941227671580e-04,8.103779576636459042e-04,-2.316097102110127939e-02,6.725146210252841428e-02,3.408167998860909403e-02,1.245854509409377447e-01,-6.698753652065171649e-02,-8.242288415647675004e-02,7.633690277391366741e-02,1.110734342026863525e-01,-2.071952604733852676e-01,7.339093897281502230e-03,3.840474233306611640e-01,-1.484395444289586807e-01,1.228430662412696439e-01,-7.092847887786071226e-01,-3.709454751985757359e-01,2.218518503318163693e-01,9.964321344787689660e-02,-2.237879954908613203e-02,-5.654216552619288627e-02,5.891956066779763246e-02,-1.185615717435057198e-01,1.131633752632300351e-02,-2.723943271542729645e-03
8.885646137351064903e-05,3.548667493607993785e-05,-4.303162649985618629e-04,2.981017571281434787e-03,-2.642711223793643618e-03,1.057577805666288107e-03,1.565662891892444664e-03,-2.499438751267570383e-02,8.354860827398161160e-02,3.175146171898207692e-02,1.738939999641262446e-01,3.090627809250240735e-02,1.701375741258433494e-01,-1.919163336481380377e-01,5.593693831165882230e-02,-1.689606078357419605e-01,2.906586053763542954e-01,3.613304439022812509e-01,-3.063469210339168636e-01,-6.161009120176856868e-01,2.042923462643977950e-01,5.612271359827310235e-02,1.454343966626954754e-01,-2.915162995268168467e-01,-4.104803587005650262e-02,-1.391194909444997407e-01,4.359168549211012156e-02,-7.080871548789751356e-03,1.496998176417992620e-02,-3.863598369510184375e-03
5.173148320361435160e-05,6.534730403707291725e-06,-1.412292420991663835e-04,1.061113971797065158e-03,-1.400428182645247453e-03,-3.864534298890850853e-04,1.608252785416123751e-03,-9.706872883467384389e-03,2.667969410106911174e-02,1.142947548290344437e-02,6.377702645290730943e-02,-3.308376647371191054e-02,2.534089910486088046e-02,-6.748358053857635153e-02,8.780224543291677286e-02,-2.922458711530679376e-01,1.102848923909413165e-01,1.755672244210925229e-02,-3.306027764330154300e-02,-2.919205697176903147e-01,-3.188809438633315868e-02,1.371291400104005520e-01,-3.049123206545977793e-01,7.359784398721014309e-01,9.001105258564594258e-02,3.619566320261960457e-01,-1.958158415215846895e-02,5.189834264336985054e-02,6.742493632092884555e-03,-1.033452762688871415e-02
9.398030452394436548e-06,-4.319016068388135986e-05,-2.211002665819635968e-04,8.639482821730262805e-04,-1.256144384305813138e-03,-5.382485274082362929e-04,7.688690937358799932e-04,-1.400822369279360741e-02,2.000676366640604525e-02,8.715843630836163716e-03,5.713994639376188817e-02,-9.051872018200424197e-02,-2.068153215443913062e-01,-2.458454334651920814e-01,3.294330787370370467e-02,-1.000582733169832900e-01,-1.985654084869382385e-01,5.397099189586714862e-01,7.064650361689720492e-01,7.415739523195442884e-03,1.721162987705736891e-01,4.227259542206721760e-02,1.014629113077350139e-02,-2.602886045126291681e-02,-9.369962004732770855e-02,4.658901042138276910e-02,-1.593323988777708630e-02,2.542303277366037787e-03,1.706987843730882817e-02,-1.551870315254252723e-04
-2.917588134343324658e-06,-1.885184494103389058e-05,-8.129924056931042578e-05,1.199796387337027269e-04,-2.365366188509591115e-04,2.687213610308707037e-04,4.026146273275255972e-05,-4.104988633803577716e-03,9.033548578686960082e-03,5.622125273970519400e-03,2.026652818573069365e-02,-1.476114245762560027e-02,-8.081903183705703084e-03,1.312693569554970914e-02,1.693668157815647612e-02,-5.167652194404433186e-02,-1.195027832836581191e-02,7.093617489185466418e-02,-4.924802079673547273e-02,4.140567154029498737e-02,-1.909865152438642577e-01,1.867123299033157657e-01,2.266708019526358572e-02,-8.060422513439621794e-02,-2.659207692611439966e-02,-5.687247424899818243e-02,-5.161306869574547873e-01,7.950444434114198877e-01,-3.236781076298543558e-02,7.005455262318965870e-02
3.274083352310085951e-04,3.638287483803458807e-04,-6.851846376722451823e-03,3.147739415692353462e-03,-2.525077611394311184e-03,-1.128154059678530656e-02,-1.290917323051823766e-02,-6.784583812723883611e-02,-7.934103776465516178e-02,6.414990318235724420e-04,1.112095735519095518e-01,-3.138198727397493309e-02,5.502691662908892889e-02,-2.175707230375200918e-01,9.245621704198844215e-01,2.098864652179929235e-01,-2.962272201134610178e-02,-1.469913346825239553e-01,1.953104435713582179e-02,3.583398970561837288e-02,-9.794829582507408317e-03,3.280154881009287194e-03,1.646616757481565024e-02,-3.610785627664721970e-02,1.062455706798323858e-02,1.177093849017422748e-02,-3.025201640417460314e-03,-1.061997696126823357e-03,5.667269487708368435e-03,5.855395141847793278e-03
-6.187517386924579633e-05,6.574488601494123466e-04,-5.936606955276934466e-03,2.643149456187651389e-02,3.189941147890020673e-02,-1.484772627024873691e-02,8.035665511632687774e-02,-5.320005670146563670e-01,2.856099186315982572e-02,-8.222032732160982071e-01,1.645252922939530738e-01,2.576356152845685546e-02,-2.448061528709967460e-02,1.620275095677873450e-02,-5.084718443671141369e-02,-6.281197047356974761e-03,-6.658596175710070758e-03,-1.900755877178365860e-02,3.017344965820614386e-03,-1.130875795809447573e-04,-4.228110235141952118e-03,7.497482754858875522e-05,4.680133926228383437e-03,-1.243823864297902691e-04,5.999840275354966466e-03,1.506514607547838254e-05,-1.674051875706237744e-04,-9.876867388787919478e-06,1.457925972150728730e-03,-4.172068457430437843e-04
2.389868947689825340e-03,3.887302224546012458e-03,-4.922986502138642501e-02,4.254393945633826168e-02,-3.794115710370367378e-02,4.421624961029623629e-02,-1.717860702049653354e-01,-7.750704470699081305e-01,-3.638600915002053737e-01,4.690042141884194771e-01,-4.407040189641904526e-02,3.757930701900345088e-02,-9.479283763149326525e-03,2.085087004209975822e-02,-7.288071741029582273e-02,-1.770843472542747016e-02,-4.042152148158779761e-03,9.135916743298291842e-03,-5.823818867988135063e-03,-8.500385573634448161e-03,4.031050984160012597e-03,1.061043904000190038e-03,-4.423929728970249346e-04,2.856805724389316781e-03,3.084830386139661039e-04,-1.780426361661234264e-03,-1.482111900640019093e-03,-2.274819079018242877e-03,-7.097071821673111430e-04,-4.173853940188561600e-04
5.568605544872663043e-02,1.133488997290260092e-01,-9.873567098737586756e-01,6.698278844434876755e-02,-3.393095356275731278e-02,-1.793930760444248027e-02,2.627067319765913692e-02,4.426177893791823775e-02,1.609458175420349149e-02,-1.731711181406641112e-02,-1.703547566249407740e-03,7.810100993715331696e-05,-2.495622811800515665e-04,6.465103596369991515e-05,-2.490506851753220875e-03,-5.634547165533070490e-04,2.853365414427955671e-04,3.408480032839343089e-04,1.435800599499895299e-04,2.166015797342486933e-04,-1.669200167083896710e-04,-3.359513218512095523e-05,-2.888489786342479695e-05,1.282780640778450340e-04,-4.875452789591384580e-05,-2.772690075824330854e-05,6.208998498659462867e-05,1.032268641692090961e-04,-4.147637956364999141e-06,-1.489361622520959396e-05
-7.947208479317083037e-07,3.175687381953017739e-06,-4.985536207595024578e-05,-2.116369543975870138e-05,8.269391144010885424e-05,-4.085254710226441463e-06,-7.241809818930447582e-05,-1.647503405691592114e-03,1.627837064241205488e-03,-1.710753578554402706e-03,6.346885393755400707e-03,-3.626836578982948426e-03,3.156512052958793807e-03,-1.475861881507654384e-03,1.735859188857885593e-02,-2.604847527516891692e-02,-1.174190305692932382e-02,2.463758286788694796e-02,-3.942357402186186938e-02,4.570021093787157013e-02,8.476653614437716644e-02,7.411771803748942559e-03,1.293640612596863304e-01,9.436982783578369560e-02,-1.299856742180755254e-01,-1.770078168051040721e-02,1.574962803655003199e-02,-1.579476206859444995e-02,-9.704929805844364488e-01,-4.597709113706435063e-02
6.160376531185694206e-06,4.399254856220941022e-06,-1.633474618624011548e-04,7.177175740858009103e-04,-6.763017478400466451e-04,-7.798380414238341267e-04,-1.592212570376263982e-03,-1.080185738929357805e-02,1.989597483120117069e-02,3.486120570896575344e-03,4.100474211070587183e-02,3.423554657823149605e-02,-1.369666728503902628e-02,6.321944566330850446e-02,5.056660074939739458e-02,1.211062620332319373e-01,3.423090965488841952e-01,2.516461856718418266e-01,-6.902635311458212020e-02,3.256904093511562293e-01,1.886128096132712040e-01,1.505920858050947553e-01,-1.410746465685715489e-01,3.682369928835161343e-01,-3.378242058920706559e-02,-6.562000184431269201e-01,-3.622323759718660413e-02,-6.639519613514427432e-02,6.165140570830551087e-02,1.698680180844470700e-01
1.076306671837834176e-05,3.691920496723504190e-05,-1.898348226275771130e-04,1.013494377533987996e-03,-7.480593465742460015e-04,-7.198501047599817912e-04,-1.558618319355654014e-03,-1.259405703993969616e-02,2.386620846744180735e-02,8.135596364908213168e-03,5.925041245169073573e-02,7.690702248115040274e-02,7.946069848113083978e-02,-2.837718918063077481e-02,-4.090033591518988168e-03,1.179898414918181537e-01,4.339249915095577670e-01,3.240464194431120215e-01,-1.477334852943854304e-01,4.566523104966823121e-01,1.581747711454415395e-01,-4.041635383088190703e-02,-9.927804479679365468e-02,-1.871453691117075935e-01,2.142939897847127295e-01,5.584158772692869865e-01,-1.108582893286069876e-01,-3.839375156306957387e-02,-2.865624421538791322e-02,-3.460278110218731329e-02
3.828641102285516474e-06,4.195910082594444198e-06,-4.839250137596059890e-05,2.508788117202369848e-04,-2.854261511071721049e-04,-4.298728823469785015e-04,-6.179116616324575482e-04,-4.391685888658931371e-03,1.580535923096737603e-03,2.657710829480832739e-03,9.669918329788525918e-03,1.276351239985303206e-02,7.194276486314011947e-03,-5.608145322845872575e-04,1.264299166856990009e-02,-4.458841030161364571e-02,1.188917134958717287e-01,7.636081515192223376e-03,2.438622428485100191e-02,1.243701164533435183e-01,3.124200303970768242e-02,-4.149822939022039525e-02,-1.485143876812106307e-02,-3.586609210618300729e-03,-5.562396670735793303e-02,1.800444061645162588e-02,8.162452792736761831e-01,5.421428255722684497e-01,1.768858559547996021e-02,-2.049270987605850830e-02
-6.972891251088811302e-07,2.112321294593516788e-05,-1.313633829933859840e-04,1.032292490263993928e-04,-8.358042211718344776e-05,-3.658000352151410256e-04,-5.051413512846624583e-04,-5.988888878959660635e-03,2.879072947746952847e-03,-2.094084990621233443e-03,1.114375925060659932e-02,-2.090844860184868509e-02,-5.694450305601864160e-02,-7.384295621918390840e-02,-1.708742666144038788e-02,5.117839862764845399e-02,8.152260848420075923e-02,-2.748331071330818026e-02,-1.234408464245718567e-01,4.671957366631829950e-02,1.697955344435267758e-02,-1.409413971473045257e-01,-2.414797449781550531e-01,-2.030009996282040874e-02,-9.191819617301464351e-01,1.551278297718927113e-01,-7.261217274479160599e-02,-2.724858368205249418e-02,8.798953604215352386e-02,3.696963490541932407e-02
-1.313287194399826459e-07,-2.111311588703753262e-07,-2.960932747370122937e-05,3.471675917365217665e-05,-5.882868894611578014e-05,-1.849229418169244868e-04,-1.718020174675053129e-04,-1.556340190165100053e-03,2.161675984081248402e-03,6.095580116338137656e-04,6.006503361256024069e-03,7.983582443036807896e-04,9.782200098613004925e-04,9.236850276877484056e-03,1.243237238700537796e-02,1.169777741476284161e-02,4.348417874791307008e-02,3.311496431389802236e-02,-1.148227717838909250e-02,5.979790537063493783e-02,-2.768505742632103306e-02,1.317189187149107599e-01,-2.207886784642661138e-02,3.663328537340904828e-02,-6.011416524779287368e-02,-1.240087000348135404e-01,-4.189047831610936967e-02,1.093238164038234581e-02,5.834149554432940810e-02,-9.739954948074253105e-01
7.309844705848556057e-03,-3.447501962820533755e-03,9.568035605540377297e-03,5.858661873044796603e-02,-5.288280272891977829e-02,-8.200033091266713259e-02,8.104518413504646634e-02,2.617023379039319919e-01,-7.620265452839586340e-01,-8.364516572961938623e-02,5.150404192669149062e-01,-1.956745617000865134e-01,4.910914290415593214e-02,8.102027665246989974e-02,-1.030863043050189998e-01,2.694025899017905498e-02,4.178487607430673295e-03,7.675704337115954283e-03,6.479465432958516485e-03,-7.992553183795696875e-03,5.876335050089029170e-03,-4.071921176373787150e-03,-4.850527145624017496e-03,1.958012787131203827e-03,1.374288566112004048e-03,8.849102057423826944e-04,1.908638131687042175e-03,1.193482614274932619e-03,-6.628068072871953677e-04,-2.738367119563552107e-04
2.753937630659287952e-03,-1.533559068490721392e-02,2.486215927216345323e-02,5.867551035888001199e-01,5.628755715051450004e-01,2.441260399458591024e-01,5.158933091227155820e-01,-3.123581942929038249e-02,-1.281760002079828514e-02,9.775697467189498058e-02,-3.788583212401463313e-02,-1.059680678395452354e-03,4.524647778484923791e-03,-8.185921559979953766e-04,1.050520263833531857e-02,2.482161949020122126e-03,1.873113427674521049e-03,3.048189146344078976e-03,4.363233147739389189e-04,-9.680276312840792782e-06,-1.947709589880538780e-04,-1.694288394724526568e-04,-8.825020078882883992e-04,-7.251047353821502364e-05,-8.887148567544759332e-04,1.593250300994414161e-05,8.171542196732760192e-05,1.125335120562754515e-05,-2.431217231943642084e-04,7.393346275740774961e-05
5.093563925362683958e-02,-2.086580554960841202e-02,5.235270500349146344e-02,6.031880472690117623e-01,-5.926140391186330847e-01,4.561057923475955178e-01,-2.391117136069029481e-01,7.144354561477063437e-02,3.186651947207381347e-02,-8.557650671098628037e-02,-2.101790002706772562e-02,1.493118121522644037e-03,9.636047834350252531e-04,-5.274991332606717050e-03,8.642804911242085719e-03,-8.547561477698397943e-04,4.138723970751507250e-04,1.358059938236515392e-03,-4.859510236810124289e-04,6.108258133230688941e-04,-1.145491226740393605e-03,1.898808811144143049e-04,1.082052408397700546e-04,-6.882937701099593687e-05,-2.076102703156659551e-04,1.167996096601173027e-04,7.314027631916821079e-05,1.741460703274232157e-04,8.927448069353610899e-05,7.001571352372012809e-08
8.354189564404069790e-01,-5.465395513257850224e-01,-1.890209253444193049e-02,-4.116011681513116055e-02,2.593788139543333135e-02,-2.258060282916023870e-02,8.318113084704044369e-03,-5.215663951110355995e-03,4.121903137641730157e-03,3.535116136208220957e-03,-2.801009728799904244e-03,1.273733806743891726e-03,-3.014222767845695767e-04,-3.077041081281785642e-04,1.407682348337461629e-04,-1.356783043739683827e-04,-4.181741096677297158e-05,-7.954176669948401419e-05,-3.208095460737720681e-05,2.913556894150768028e-05,1.441144599870222672e-05,1.221413426991515153e-05,1.985745590018474016e-05,-1.043784085928287123e-05,-5.955599346183137155e-06,-7.937930630090929190e-06,-1.528854676965203915e-05,-1.308235724860386950e-05,-1.787572178565737459e-06,5.552403688701653102e-07
5.251077811299387694e-06,-9.544499747812046299e-05,-8.715420893297321674e-05,4.971742837456727578e-04,-3.287078826924363104e-04,3.036774912516886169e-03,4.110762973166733406e-03,-2.814987226785655708e-04,1.626754994426438117e-02,1.156959820273559952e-02,6.460919287775354625e-02,-3.916060071067178905e-02,-8.364980277576828868e-03,-2.158045708523019870e-02,7.804469440892812526e-02,-4.317369474129767459e-01,-4.501996600570477014e-01,5.854602145971324334e-02,-3.815991261228148801e-01,3.231001775726294878e-01,4.201728080498337015e-01,3.869932337516816812e-02,3.484210839469527587e-01,1.201407306293086757e-01,-6.274896766443202600e-02,5.500767805941821076e-02,-1.788829693680381305e-02,6.093353256291920983e-03,1.533929658445104538e-01,-9.606745709537244148e-04
1.051308336253276943e-04,-4.672500552258617530e-04,1.114596299371187758e-04,8.561115714126982593e-03,-6.812914178909124270e-03,1.497474621629283492e-02,3.721007858015834731e-03,-9.759005621431898411e-03,1.760394718095025512e-01,1.155698604637290794e-01,3.766421831118954011e-01,2.780418694031620563e-01,-5.837697610320927710e-01,5.640687398187778090e-01,1.363210216323278989e-01,6.060639857232477667e-02,4.344360437196805578e-04,-9.845158509469247726e-03,-5.088797515698694623e-03,-1.476802992880133780e-01,1.538277770609773609e-01,-2.791391348082709542e-02,-2.721438296487102212e-02,-4.361665854572007589e-02,9.127208503479020130e-03,6.756904911907218869e-02,-7.903794490400703129e-03,2.792679775571482378e-02,-4.294613781952028378e-03,-1.700569773506512353e-02
1.713303132245825840e-04,-3.178574790568413451e-04,3.613077631313169297e-04,1.054911967216093718e-02,-6.817502181528934703e-03,1.682403719223534919e-02,6.145103997358971303e-03,-1.540784081392388045e-02,2.072994934747280082e-01,1.406016558612697698e-01,5.348211110297318438e-01,5.697289421065402371e-01,3.225238890442542194e-01,-3.100314374631296110e-01,-1.716331038622128380e-01,1.249003767972473034e-01,-1.953687925134727499e-01,-9.090139719610393354e-02,7.654010272136607673e-02,9.822431205698761714e-02,-9.830163688785914511e-02,-1.966290077310827236e-02,-1.669444876158732508e-02,8.413368180261339424e-02,-1.324281123506338559e-02,-3.383695305572102796e-02,1.125095800421930343e-03,5.988209084498420827e-03,-2.448203944809618487e-03,3.018125113342616950e-03
7.903528992807748173e-05,-1.273478541765208142e-04,1.329297959716972189e-04,2.714501212760541196e-03,-2.685856813231659451e-03,3.919444371554696091e-03,3.615547977224647328e-03,-2.598052671305552813e-03,3.617586225735065775e-02,3.828916726886385374e-02,1.295313019153874201e-01,3.555197592804077572e-02,-8.549856193937808296e-03,-3.943622997521212259e-02,5.858142550398778153e-02,-6.562069814022124525e-01,4.381439771357690804e-01,-4.101759717043899633e-01,3.129630721606114774e-01,1.590497418592345669e-01,3.302403233865389923e-03,-6.261910893073995010e-02,5.215656690932710116e-02,-1.734142693152988246e-01,-2.429976014216992872e-02,-9.991039935140713646e-02,-9.201791663878461369e-02,-6.446850222136964181e-02,-7.278532182449963875e-03,5.861434068622419814e-03
2.009548669849671362e-05,-2.226222141416898785e-04,1.528880624776623976e-04,1.999467374739606097e-03,-1.985372791128126990e-03,7.367420637376101943e-03,6.208252492691679163e-03,-1.793087691691559998e-03,3.154235425351275407e-02,4.110241931532520460e-02,1.155279821885633190e-01,-1.662839835552107903e-01,-6.417652105847769795e-01,-6.242677854948385230e-01,-1.735307645285711076e-01,1.110346057880295528e-01,8.678980510479958332e-02,-1.731736549291809091e-01,-2.256294668318231944e-01,3.825086852957021444e-02,-4.936347553300082791e-02,1.682964547075938358e-02,2.717432917323854558e-02,1.491068073069242578e-02,1.294296990169877259e-01,-3.685514817062509468e-02,1.484291097531245142e-02,4.843617582713077158e-03,-1.571831207321020343e-02,-4.976034308112302872e-03
9.529734997858771981e-07,-7.605137116320107938e-05,-5.230401094058511387e-05,6.080600660469062278e-04,-5.543159989411207888e-04,1.830735952913446936e-03,7.644406025690887209e-04,-2.153716533624492214e-03,2.024119431638133834e-02,1.500710028605485927e-02,5.219971011391919685e-02,9.127206431342493528e-03,-4.402017854024223298e-02,5.976192062195204852e-02,1.717058265547493495e-02,-7.238049265665814913e-02,-2.138931511680965819e-02,3.570051152438630943e-02,-4.083187419253421491e-02,9.744988672576507249e-02,-3.187257182553800972e-01,8.547040273436843361e-01,4.851189441728643442e-02,-1.580541367253301410e-01,-1.300769152652956895e-01,1.060373817326731721e-01,1.710136831156632009e-01,-2.093469390838245126e-01,-3.968273706694199279e-03,1.091689323414914842e-01
