5.165543378577968324e-03,7.648803020258405222e-03,1.085613109109672715e-02,-3.248824952402318972e-02,-4.437536127694425431e-02,1.226633318155071900e-01,4.922609994172900266e-02,1.026032293587133964e-01,-3.599992919789445356e-01,-1.228005413964231851e-01,-4.031309776186468019e-01,7.489032103765524973e-01,1.727010233854970322e-01,-1.616269680877803483e-01,6.858964810681594804e-02,-1.478300309080764485e-01,-2.963050911710993565e-02,-5.995722739686308589e-02,-3.233424781317191521e-02,-9.020517935707768331e-02,5.791476980202916319e-02,-6.594905710660351611e-03,2.023768532877299586e-03,-3.308450246224983737e-02,2.819156863118275382e-03,5.105149340609906397e-03,-1.797758602701851529e-03,2.650115066141617553e-03,4.239250728827986640e-03,2.069995272323269225e-03
2.114899092187230451e-03,-1.890654322533900271e-03,8.672310381438300131e-03,-4.081980826657081174e-01,4.106300313712514805e-01,3.165673505704682533e-01,-7.446810056704400438e-01,4.363066962503745622e-02,8.891137660059342598e-03,-8.692122420358645851e-02,1.708879641524260057e-02,-3.577311082632000320e-03,1.210217687642581091e-03,-6.410329731204027649e-04,-6.677011820680000577e-03,-3.676134359752131903e-03,1.099275307930652800e-03,6.511921765597133375e-04,-1.765331377082149118e-03,2.498035710815862021e-04,-7.226038485922377588e-04,3.269797722328943987e-05,-3.834695522876884529e-04,-3.548671316528934523e-06,-7.889424637644972330e-04,-6.224666555159415627e-04,-5.898147756684674867e-05,1.728977690210662364e-04,2.254819489402254482e-04,-2.115705440467546265e-06
3.558286292392120326e-02,5.244337970120106773e-02,6.381757590633303778e-02,-3.130445362777837248e-01,-3.715650071878364158e-01,7.918245492918238870e-01,2.884080897503682461e-01,-8.152976410628999526e-02,1.400397379519408847e-01,1.087152278664422905e-01,-7.239188509991562569e-03,-7.578933558728014053e-02,-2.269341494622400396e-02,1.643371096828988992e-02,-1.131955444756295101e-02,2.070073985429114402e-02,7.385168922835240631e-03,1.059427229670572082e-02,3.165030373500670596e-03,1.304863698443914539e-02,-1.016692296113495993e-02,2.032590631379216622e-03,-4.048143550268184674e-04,4.076053606297938559e-03,-6.720069184384686728e-04,-6.785327434706488973e-04,2.220841988452744171e-04,-4.869765540885210176e-04,8.429130524058026080e-07,-4.241910385029384997e-04
5.251861034152598418e-01,8.424860953513352291e-01,9.553756685509141866e-02,3.147963377718123595e-02,3.980295765494901855e-02,-4.903559394292809903e-02,-1.510558980873748583e-02,2.662603730500456498e-03,-4.857798165346351171e-03,-3.311637974007119404e-03,3.998282156750379741e-03,-1.884183383973311041e-03,1.733587059204794964e-06,3.377197553500571299e-04,2.321886656415049217e-04,1.083754076756681853e-04,-5.445641002529288824e-05,-7.120953101686564024e-05,6.289068734984991848e-05,6.286188407451916507e-05,8.403850914630070609e-05,-3.991401111216636729e-05,-1.016897089946860993e-05,3.489534470933998097e-05,1.693542268270019428e-05,-1.041399828486128499e-05,3.543452486687859628e-06,6.991944897199633433e-06,-3.193635896288307306e-05,3.881809689663693234e-06
4.483389657419169706e-06,-9.286086673138390103e-06,-1.019284787041841659e-04,-1.807839275443317130e-04,-5.465459341291370584e-04,8.364646872857347051e-04,1.849204754844946006e-03,-4.168691809365809159e-03,8.982627049811351197e-03,4.891163377495039155e-03,2.391749890371299564e-02,-4.653766231209952031e-02,-3.421122854270584358e-03,-4.941239329852880474e-02,1.625762445804154049e-02,-2.466959523088942674e-01,1.550595051530555268e-01,-2.115380044787405212e-01,-2.879924190253584926e-01,1.056349863215784446e-02,1.593467766157492249e-01,-4.724114720513260257e-02,-1.598463855195878802e-01,6.410424296333536720e-01,4.006045767178393335e-01,-3.790432166874992403e-01,2.612775035517564924e-03,-8.993908169633356431e-02,-1.112729694219881903e-03,7.315725375869339131e-02
4.148179581690324618e-05,-2.469950289506453759e-06,-1.260833093797942769e-04,-2.680281369708476143e-03,-2.388248903812559016e-03,2.104654814490109112e-03,4.566857953723791469e-04,-1.767905843965196858e-02,5.860713589851723748e-02,2.296868666096052447e-02,1.121607196030076775e-01,-8.878196377201587330e-02,1.090616726400370218e-01,9.590499796121849593e-03,9.389554867242036473e-02,-1.848156556145875706e-01,-1.615528640907762659e-01,-1.794036770318502283e-01,-1.159999397099599899e-01,-9.631476583395200131e-02,8.289853050588446015e-01,-3.008842043909931013e-02,-1.727157471781172460e-01,-2.995700911169778546e-01,-1.191406652741217320e-01,7.453625266344511557e-02,-5.003742278268281940e-03,-5.390789218617078648e-04,-2.486003331370028116e-02,1.057341669362450998e-01
8.437116271097745907e-05,7.601511556707810687e-05,-2.989826239764366463e-04,-3.170519258141529101e-03,-2.079611985931127845e-03,1.215403780201933757e-03,2.143816278492219514e-03,-2.584999548561968744e-02,7.200073129767427249e-02,1.084513452531492284e-02,1.902665135175619082e-01,3.139517680661568777e-02,-2.528372846740201130e-01,-8.570638454628309866e-02,1.395262653585513102e-01,-2.286927994670737985e-01,-3.866080638481992349e-01,-1.803483655419903242e-01,2.987871645502813631e-02,-6.358277489817777406e-01,-2.896037708104992614e-01,1.969237316752302930e-02,-3.058645534023705231e-02,-2.339855767143204091e-01,2.229098013884774354e-01,-1.891731296256838335e-01,-7.254717647067704910e-03,1.080449170813291108e-02,-2.391395802592529221e-02,2.149052611999293164e-02
4.879265619998488971e-05,3.455820639215829103e-05,-6.373967609021719796e-05,-1.061942611312117861e-03,-1.029581269093747184e-03,1.164443694311068957e-03,1.547777238094459476e-03,-1.006963674459773750e-02,2.021121517754476474e-02,7.218332167916527084e-03,5.441767499598743063e-02,-4.114784359058237806e-02,-5.634482260121680131e-02,-3.534254563057101506e-02,4.433880438682382547e-02,-3.328996133600414242e-01,1.976596149836069849e-02,-1.462810349684822570e-02,1.424691139817638175e-01,-3.328429585745326102e-01,4.858729420945413768e-02,-9.925637806744369573e-02,3.313666597672899061e-01,5.055877747041647163e-01,-5.021950886655260904e-01,3.372501287002419024e-01,5.379339287791363132e-03,1.343126251286667731e-02,1.249056225119757509e-02,-4.405488820894028212e-02
6.670926302824802421e-06,-1.559273375418300915e-05,-1.546708092196633186e-04,-7.387455832107891942e-04,-7.095160508169794100e-04,1.820267425952809028e-03,2.948485250367294318e-04,-1.197714786923521554e-02,1.739413712424514244e-02,6.553367535901559286e-03,5.307797090852973965e-02,-7.046099552782973674e-02,8.653740041962640350e-02,-3.579074401575346731e-01,1.702431613255419099e-02,-1.208041062315469705e-01,-4.539855827864720111e-02,-6.814589419150169913e-01,4.564725276166557988e-01,3.730689368142146578e-01,-9.825320123520121796e-02,-3.421794593794687603e-03,7.518768843767453802e-02,-4.276258318755261217e-02,6.018859806260032363e-02,7.583402328564814443e-02,3.341368185256177962e-03,1.967654257948442398e-02,1.706785130422794339e-02,-7.026872759283719211e-03
-2.397952964071219596e-06,-1.099028163446868082e-05,-5.309890952415787104e-05,-1.334345645133968401e-04,-1.509460158986536784e-04,3.671842678865757287e-05,-2.896289385059771352e-05,-3.009962596926979341e-03,7.758926630690892064e-03,2.971406547192906224e-03,1.730446321793409348e-02,-1.214474168571975411e-02,1.031069125131803439e-02,-5.196310214805030308e-04,2.503998149575591831e-02,-4.072200637460383910e-02,-3.286210083727336001e-02,-3.512136817046072196e-02,-8.275958263495800105e-02,-7.880276376120749424e-03,1.063508429155749918e-01,2.676353183400319025e-01,2.013302488807649018e-02,5.501724286133174817e-03,9.252825343426282489e-02,2.622076054286602911e-02,-1.738022119043845445e-02,1.022450822651502916e-02,1.604142762886626994e-01,-9.322527849137939304e-01
3.109408895349442944e-04,2.637801697902411374e-04,-6.548328299511307210e-03,-2.291751817557245285e-03,-9.359251280578233462e-04,1.013901545443629537e-02,-1.059128739231467685e-02,-7.637798397986922394e-02,-8.771871003324882565e-02,3.664192223634669260e-02,9.690435394478483233e-02,-3.494079882197476811e-02,-6.549435070164959238e-02,-2.022611687590773477e-01,8.915695121454914052e-01,1.310002063472363865e-01,3.094452565105539343e-01,1.272359776212809712e-01,5.653544470339443018e-02,6.788627667089587765e-03,1.144574317602327015e-02,-6.174590750801122428e-03,-2.985335456474420140e-02,-1.734436264759147556e-02,1.647422021383586691e-02,8.575789559190574382e-03,1.012430215833610807e-02,-9.247619174300606229e-05,7.842018505911693260e-04,-6.680106734094639568e-04
-1.020439147950468140e-04,7.709948883072737652e-04,-5.666977644841262110e-03,-1.512242491179992092e-02,3.611514191746206803e-02,2.142018078177854515e-02,8.335675179445604932e-02,-6.751110789128673684e-01,-7.293212250633478166e-02,-7.216469816138427751e-01,7.588881533481925401e-02,-2.597938253451479579e-02,2.619362067842697858e-02,1.546347295735889249e-02,-4.049849534829098180e-02,-3.059622938937086190e-03,5.520688852862019012e-03,5.108405075356358196e-03,-3.486800740838976939e-03,3.996064095620395842e-03,-1.791363353933826718e-03,2.624976216003638372e-03,-4.283716223942937891e-03,-1.585933623524888930e-03,-5.158626816511167196e-03,-2.620853673141605202e-03,-1.160218128134691385e-04,7.845386006502063194e-04,3.624471465041748477e-04,1.650013133439108646e-04
2.183939156297464313e-03,2.963502768404276642e-03,-4.594757621675066295e-02,-3.619880146472947285e-02,-2.540186217164541738e-02,-6.934955863971420387e-02,-1.419696942714601118e-01,-6.718446122133697740e-01,-3.032221823629420721e-01,6.425937446598553038e-01,-1.683312966712349062e-02,6.370323707134166458e-02,1.891719180927599331e-02,1.489266811782381621e-02,-9.387939948756100772e-02,-9.683260111158876332e-03,-2.345292039013352828e-02,-1.185654378034775060e-02,-1.023221317432714342e-02,-5.910500020786587684e-03,-4.664694241924551184e-03,1.707808677936791669e-03,2.513751186993251011e-03,-1.489441992035715008e-04,-2.400634554186701752e-03,-2.185090232363864904e-03,-1.296082745086955725e-03,-8.207925503430140107e-05,2.540830198200166347e-03,1.071245092072172986e-03
5.353769261382041594e-02,8.493995306834387082e-02,-9.896404692469014108e-01,-7.762873715770789163e-02,-3.678515352704268826e-02,1.971829759097928556e-02,2.427864236255966590e-02,3.698305813168870776e-02,1.320416601646356991e-02,-2.497885187570694082e-02,-1.778930283215927671e-03,-8.686018183613937200e-04,-1.906496380875452416e-04,3.401606541915070054e-04,-1.478134222022128635e-03,-4.035599169591149241e-04,-6.536074246542820671e-04,-1.051384006055313818e-04,1.443970674703042663e-04,2.548801237027925560e-04,1.484748914330048613e-04,3.045440781006449851e-06,4.229183094511630909e-05,7.796898411186057502e-05,-5.803084020335263712e-05,4.423470658122278176e-05,-7.495425597864315649e-06,3.906398500370374101e-06,-9.373710845358396398e-05,-5.213634124213327507e-05
-7.953270071305110061e-07,3.642538193821208833e-06,-4.382646116994225096e-05,1.932775009021789060e-05,7.104534646153461380e-05,6.185271214726322821e-05,-8.403490062209501065e-05,-1.720959940423657988e-03,1.170187788590308338e-03,-4.237848227246374068e-04,3.011291650189832237e-03,-5.165127954722205199e-03,-3.274910711181327713e-04,-5.353149256309307734e-03,6.016858221321680529e-03,-2.596920226805875601e-02,8.423020344473883259e-03,-1.829448462260159849e-02,-6.697597694574845828e-02,1.749163907269856919e-02,-3.495688498048216131e-02,-5.903209514184919876e-02,1.191785173574310963e-01,-9.650809941643231915e-02,3.196547659115173828e-02,1.170005803471579064e-01,2.292038212464486691e-02,-9.608685834912896739e-01,-1.594486443654022645e-01,-4.324701337772763471e-02
5.433423198753981314e-06,1.721748034542336069e-05,-1.001214204206021260e-04,-8.610110619045766934e-04,-5.549544517154706650e-04,9.261191303435330462e-04,-6.413373813595878593e-04,-9.119280195005513914e-03,1.869825110962620995e-02,1.622931587996821355e-03,4.300248158054238712e-02,2.888689869939395360e-02,5.523628573260579155e-02,4.443722103145526792e-02,1.148672807796937978e-01,5.224962807458034125e-02,-2.769944023299931724e-01,7.806036892406637007e-02,-7.990982736725107949e-02,1.865489354536868649e-01,1.371462496720543822e-01,-2.884850788078837658e-01,7.520771878105453334e-01,-5.553280649255263463e-02,5.682288614452089826e-02,-4.029618465707566766e-01,6.588292063564131495e-02,5.738521843680467749e-02,8.439464221090064999e-02,-2.868898230349088002e-02
9.788391776584354459e-06,3.608382061465713878e-05,-1.785256187364478897e-04,-9.995926909131987170e-04,-6.607513279201375532e-04,8.840700132483299886e-04,-5.390964821676278492e-04,-1.501390055784674118e-02,2.419695428468821366e-02,-4.480069458856683270e-04,8.999463462187670681e-02,1.045471382039415281e-01,-1.465366707421512371e-01,-4.880203002283538954e-02,2.091564861225757577e-01,2.594457773283482399e-02,-6.860143454375973171e-01,7.007298985419356530e-02,-2.590566004481231754e-01,3.868876798411909346e-01,-1.219539653830637033e-01,6.074686249800888456e-03,-2.687995099861391624e-01,2.375303829279251100e-01,-1.601042503026338659e-01,1.896952888631175949e-01,4.228700250107354092e-02,-3.422390047512014616e-02,1.012813444709082661e-01,3.385458358743067414e-02
3.058362777898582723e-06,6.479735311832756058e-06,-2.688623327467083693e-05,-2.003347440189950240e-04,-2.258095781141496975e-04,4.566294877513907714e-04,-3.413001011240904942e-04,-4.180279252048777969e-03,1.595539609265134422e-03,2.085129258442009349e-03,1.022948861123260458e-02,1.354483836243142690e-02,-1.596388029051887605e-02,-1.457198329763019235e-03,2.887301170005476814e-02,-7.453465482879986781e-02,-8.034431867771903157e-02,5.718412883390069923e-02,-7.078324940781346964e-05,1.041492353263569343e-01,9.349253593234234166e-04,-2.167673807543605419e-02,1.475712766357958373e-02,3.371121043699396025e-02,1.738259870600930221e-02,-8.883942098958746286e-03,1.077089076295221354e-02,1.678899232670543473e-01,-9.566929069667465813e-01,-1.633963387675974877e-01
-1.059480363358462227e-06,2.064968884933628769e-05,-1.195086480406540519e-04,-7.002803838547109940e-05,1.919050571615041472e-05,6.890960768688394631e-04,-5.939910710366894282e-04,-5.724928511249432334e-03,3.656066559810547227e-03,-1.459810210963125195e-03,8.842920627576980608e-03,-2.199472102410511554e-02,2.290039021951303932e-02,-8.593260255525797531e-02,-3.027488315696822210e-02,5.271098239703182059e-02,-5.413794265750371260e-02,1.041512966381676064e-01,-7.875364163325575262e-02,-5.961944509723121621e-02,8.833226127811832917e-02,-1.047336421665334694e-01,2.242190933347084913e-01,4.775126259390863326e-02,6.518451776499338823e-01,6.674397773677910317e-01,3.050792760559047426e-02,1.239439322490608342e-01,2.115477543854037829e-02,7.619433729408633948e-02
-1.640849523533737360e-08,7.922126434401316900e-07,-2.466854596426148297e-05,-5.261096829820027408e-05,-4.236291133764077417e-05,1.603430134963761827e-04,-1.003416136499493162e-04,-1.431985492660789320e-03,2.137778875783404465e-03,-2.856549047105373207e-04,6.848755194430636295e-03,3.940750183149410377e-03,-1.286622941398972301e-03,1.104099993919109438e-03,3.058632165696579391e-02,3.777608765535238507e-03,-4.792000375265857010e-02,9.378879546751079863e-03,-2.564027139472090100e-02,3.821315618840428335e-02,8.590714701855699589e-03,9.057379027438239305e-02,9.086637686874295128e-02,1.929734744766924484e-02,1.584903247765358236e-02,4.928383297620143530e-03,-9.870431415870196679e-01,-1.712096970008035110e-02,-1.297606852762175911e-02,5.077939521300108006e-02
7.247129994142881455e-03,-2.929048506434136882e-03,9.950376989370190300e-03,-5.237626922679969321e-02,-5.479611136595732152e-02,9.247545839963761116e-02,6.439416679430151613e-02,2.515567965141284890e-01,-8.162800252890587416e-01,-8.582798415887525623e-02,4.344287169844658902e-01,-2.010028602346602133e-01,-1.015350829145529772e-02,8.012112538266406847e-02,-8.362508136643696799e-02,2.147049824054850925e-02,-3.256819364220836510e-02,-1.098016131971387734e-02,3.779335550127636573e-03,7.633271792807628207e-03,-5.420536769530454220e-03,-6.228030690435434587e-04,2.079932896467442862e-03,5.929558409090790461e-03,1.882257108001821489e-04,-1.051991214858021516e-03,-3.998220526862924303e-04,-6.301655302184765682e-04,-1.826698436227411479e-03,-4.008612570816482562e-04
2.964097925780245606e-03,-1.033857248985405909e-02,3.208671726972713717e-02,-5.891500111961357478e-01,5.603193838718630859e-01,-1.823310730865797258e-01,5.434019454122398507e-01,1.443693394065945039e-03,-2.918533075400632525e-04,9.309095290772739784e-02,-2.294895066061975603e-02,3.986784977907682076e-03,-2.287657128293732640e-03,-7.498192648976403744e-04,6.569507333235202057e-03,1.928597203653713461e-03,-1.203183823220662675e-03,-7.572526572899506911e-04,1.282658001099764265e-03,-1.946915994490549661e-04,8.621634044607887461e-04,-6.153629615661034555e-05,3.813793212160473543e-04,2.164355610347341971e-04,8.112473577185215457e-04,5.108879065920513387e-04,3.157702912086014161e-05,-1.482519984457549619e-04,-1.551374241329673425e-04,-3.823983544793940330e-05
4.963891833115973568e-02,-1.642681236611172324e-02,6.238808989214764816e-02,-6.117126755047099795e-01,-6.071890407657034583e-01,-4.551656560022843689e-01,-1.795093070946984226e-01,3.680547202539042467e-02,2.270236123467316708e-02,-9.232118793211063768e-02,-2.325754118492216749e-02,-8.255431216053747299e-04,-3.134726056820788531e-03,-5.183947625335620472e-03,1.120645486194292266e-02,-9.983853221064876039e-04,1.614540651876011099e-03,-5.729575182955133020e-04,-1.926084989870884749e-04,-5.516228303165063990e-04,1.369608215193828058e-03,-2.459749001639522617e-04,1.124295097553574629e-04,-2.226867344847739336e-04,2.639566680438146891e-04,2.167228982307639682e-04,9.771161893594837824e-05,8.979156239136911897e-05,-1.859862259903187346e-04,-8.960531532471090210e-05
8.470452816719568068e-01,-5.289566191609202939e-01,-3.187151753307332358e-03,3.821076423249428200e-02,2.666449415273180329e-02,2.105646777724707805e-02,5.719295579206026998e-03,-3.925116679378294268e-03,4.849547113309956095e-03,4.073886587856314495e-03,-2.127270802642015467e-03,1.313092113439344585e-03,1.583812198756663126e-04,-2.588696318110426161e-04,-2.688589950197344937e-05,-7.224425243518077207e-05,8.586993519660396867e-05,7.513244714478998349e-05,-2.661289884822750271e-05,-2.518065428704870020e-05,-2.762739619851020261e-05,8.440465017467885288e-06,-1.333269597554591248e-05,-2.109115503047346294e-05,-8.351938947058123785e-06,-2.562441925110535850e-06,-1.679286343890716838e-06,-5.337507953946946923e-07,1.747136245721157930e-05,6.568089841829221273e-06
7.308405907890094961e-06,-7.230608594046659813e-05,-1.120697572356140300e-05,-5.313941586671217876e-04,-4.611592688340148847e-04,-1.315363442663104255e-03,4.090873463904618791e-03,2.703829190040356757e-03,1.432273857843877063e-02,9.541473308402853570e-03,4.874167349899519858e-02,-6.081489506961508529e-02,1.076758894849907207e-03,-5.957757267910748777e-02,5.481348350620064702e-03,-3.646335726094257490e-01,2.835091970329690070e-01,-1.980461250228738312e-01,-6.613878375965565048e-01,1.455417396695415089e-01,-2.902798982606604183e-01,-1.779630112563503896e-01,8.241415829176081120e-02,-3.043942253062399961e-01,-1.552016724233411804e-01,1.402620860154117355e-01,-1.656559526934269638e-02,1.360762304479560258e-01,2.528687650607770732e-02,-1.661976083687592351e-02
1.051423041182366198e-04,-2.402865380421851152e-04,6.032548037213875201e-04,-9.855759173978149990e-03,-6.629396444121526087e-03,-7.116713912455820308e-03,2.448876522537637296e-03,-5.266925746722817686e-03,1.649306532046727336e-01,4.959683107489318288e-02,3.802226747217775094e-01,1.647447143956644044e-01,7.947218097299081352e-01,2.963174684195195030e-01,1.242812311733010600e-01,-4.710548674055740209e-03,-4.570114472249358489e-02,-3.458712286228750321e-02,3.121620397412966028e-02,-8.247135730449024760e-02,-1.876916192144515438e-01,-6.485039179523273412e-02,-8.545797553335256203e-02,5.940436486789310577e-02,2.400458318791952664e-02,3.359421451349647175e-02,-9.952251090148033635e-03,-3.307768818766368933e-03,-5.182973911996961898e-03,-1.946979614326558791e-02
1.808040001120270180e-04,-1.998940473251272095e-04,8.179336513499007363e-04,-1.163527669648589495e-02,-7.029743149298752804e-03,-9.737679372859044807e-03,7.682058018233451496e-03,-1.511208970761858048e-02,1.964065809989518352e-01,3.646018821043011532e-02,6.228997161492252355e-01,5.575485919883715891e-01,-3.500791271853928577e-01,-7.697487025752239309e-02,-1.727135741602035257e-01,1.577072722340097932e-01,2.303288968723214980e-01,-2.303693550016155597e-02,1.443615058383011622e-03,8.336522512111578520e-02,1.190477056188646993e-01,-1.474027825368071434e-02,3.539551694928267517e-02,1.321991259585473394e-02,-2.638252230643492804e-02,1.698636828794060361e-02,-3.202262940339075693e-03,4.143710403886499650e-04,-5.560748004724362301e-03,-1.018200494950357270e-02
7.683608254218952179e-05,-6.717584681450570366e-05,3.092232773316155891e-04,-2.697570046955243342e-03,-2.471937903674429997e-03,-2.265725773703245252e-03,3.387288451324648678e-03,-2.073786413218692108e-03,3.029653159468367191e-02,1.772119048028189536e-02,1.166244635359676846e-01,2.486824636983514872e-02,-1.534300929772032702e-02,-2.301104318403729074e-02,-2.291200555022554139e-02,-7.052026356724464540e-01,3.108621047871243034e-02,5.043547612317977880e-01,3.074718688324755145e-01,2.730953000869040248e-01,-9.520656394726122185e-03,6.522584623100372014e-02,-6.586640543362559663e-02,-1.273885660352494509e-01,1.445130853523580172e-01,-6.413037556434544872e-02,3.321533743235427841e-03,-2.633698286193066757e-02,1.004413571298284624e-01,2.742485465746551457e-02
2.161189907309164478e-05,-1.430485846366454680e-04,2.418595598816305624e-04,-2.345679222718430323e-03,-1.665761913593099153e-03,-2.446852808602734044e-03,4.505229607706352606e-03,5.156333903351542798e-03,3.172385220139083833e-02,1.694174190546326661e-02,1.229639157783486980e-01,-1.191068674889248780e-01,3.051051482556287331e-01,-8.223911955336847823e-01,-2.077539154389548837e-01,1.269441219679353638e-01,-5.384264688557043044e-02,2.835109566720709351e-01,-1.342605411243585900e-01,-1.279900144497211900e-01,4.000037889766922157e-03,2.076863473767483897e-02,-2.522251445120014118e-02,1.539623317298747553e-02,-9.592499030010578909e-02,-1.085717704224782865e-01,-5.074942381251144191e-03,-1.772182028584111738e-02,-1.555350260137920541e-02,-8.324553572258057074e-03
3.119189166776659345e-06,-4.879865968326765690e-05,1.398564479782485186e-05,-8.252018729124784274e-04,-5.104161274534277761e-04,-9.934725136989091664e-04,4.671342191481280470e-04,-2.928832206396009578e-04,1.918449549370394858e-02,5.575254485051179751e-03,5.098577138996344266e-02,1.381667137554907360e-02,6.953161628396957450e-02,2.557767351160462194e-02,5.022501876084086575e-02,-4.337448527523243141e-02,-6.795775055070863227e-03,-5.724293533681104607e-02,-1.642974052966244547e-01,3.603497864065501738e-02,-1.404939377663108374e-04,8.761960796467627155e-01,3.094312070893356359e-01,1.461495317560287770e-02,-1.225327895158058455e-02,8.530493075856371635e-03,1.307293759812794554e-01,-1.703315515936057283e-03,-5.376914547723769811e-02,2.672309297705416364e-01
