5.131872575827802103e-03,8.122680570862584812e-03,1.292856356638173373e-02,4.842239153711901112e-02,2.467248141653718627e-02,-1.328306023495196275e-01,-4.034960078085590707e-02,6.468573736861492340e-02,-3.386868806055357006e-01,2.045763776864490679e-01,-3.771671992382047978e-01,-7.566507455324392728e-01,1.576093196513557448e-01,9.417682791228891570e-02,-1.456422414109689589e-01,-1.502991968358639019e-01,5.866715070973432117e-02,-9.011294649830424441e-02,2.099226292448365741e-02,-9.153195958898537044e-02,5.109129749522797748e-02,2.681683821134323714e-02,-1.912561427554878082e-02,-1.978797922687057856e-02,1.551617335294832895e-04,-2.909069682219562873e-05,4.808097045268716944e-04,-1.742784649741757836e-03,-3.411185381730308126e-03,9.210709113629888352e-04
1.930089441401425243e-03,-3.402279102395368900e-03,7.282528071939582681e-03,2.191432646034659759e-01,-5.457821632545247770e-01,-2.245806442464916564e-01,7.694411241185241668e-01,6.573290273192605726e-02,3.288497644732577257e-03,7.261827785951384395e-02,4.271050861561920958e-02,-2.229979888997939055e-03,6.833158393166788823e-03,1.774255880313964492e-03,7.644401550918453539e-03,-2.230809535151778190e-03,-1.584664055677404478e-03,-1.067552297788745960e-03,-1.266562476595511477e-03,5.442189973698872263e-05,-6.117069927794090297e-05,-4.592148089561595985e-04,1.978000879061519182e-05,5.354036692195298454e-05,5.475960846645816808e-04,-5.615764053564669712e-04,-1.486998171379617267e-04,3.636546291187337231e-05,1.689396398123759957e-05,2.075052466047567698e-04
3.551158761951621334e-02,5.495559014749875487e-02,7.948753752626623592e-02,4.342480429993889612e-01,2.030450958072681222e-01,-8.179652254830940272e-01,-1.972590408555066899e-01,-1.073218129680965499e-01,1.236809524760740381e-01,-1.268903579239796520e-01,-1.495970047821507630e-02,8.357789293374952300e-02,-1.635748271960915309e-02,-6.665328570419370470e-03,1.447782117939905647e-02,1.857360382267354143e-02,-1.307759485867161960e-02,1.403323291536626334e-02,-5.812658856972141748e-03,1.093895571688959824e-02,-7.963683518906394462e-03,-5.514056488460757771e-03,1.356129067524918788e-03,3.610132196474825396e-03,5.179544898546361784e-04,-5.118219128239571330e-04,-8.123512964934170594e-04,2.901794722584007894e-04,5.720472551697165266e-04,-4.214997672553351502e-04
5.378350414305597127e-01,8.352872842545430165e-01,8.362101284673655044e-02,-4.957317597545045362e-02,-3.050354087471894571e-02,5.021182956607225800e-02,7.767266196292390429e-03,4.898228833469403867e-03,-3.744847173532666468e-03,3.283592137609748357e-03,3.899260560227712190e-03,1.520811496205270834e-03,-1.461719647630180165e-04,-3.225809420195389172e-04,2.066607521272881612e-04,2.439918577643635140e-04,1.386640598394181555e-04,-8.033872692609584523e-07,1.002487082408730324e-04,1.961992034512213476e-04,2.038486603727412421e-05,7.596861908090005752e-05,5.593046761453850259e-05,-2.190482975971894120e-05,-2.768574610219311637e-05,7.157882627006420810e-06,3.528555919902237234e-05,-1.184958272249194680e-06,3.100322195036991126e-06,1.541356447409344700e-05
4.916811722305783175e-06,-9.603381615911638842e-06,-5.665082909956879319e-05,5.274298094084333387e-04,3.558035986535896134e-04,-4.180936596589317504e-05,-1.227755012620113583e-03,-2.652282777568785999e-03,6.749966653193257768e-03,-8.084228894336563734e-03,2.818091444492651018e-02,5.539147508976185325e-02,6.405627504802988148e-03,3.527611264146914699e-02,-6.661848126370067957e-02,-2.207067076877314848e-01,-6.985444148865871394e-02,-3.356649731521638702e-01,-2.137324192613500873e-01,5.888479621284844166e-03,8.839111603560695363e-02,1.058500860767368906e-01,5.287344815055066150e-01,4.550840196698454077e-01,-4.582397430724766685e-01,-2.342557041474870039e-01,-2.158066495009282413e-03,-1.705616142062576709e-02,-3.123032104229806968e-02,-8.066509466228273528e-02
4.154934990560133124e-05,-2.761089931244733106e-05,-9.211706874594631939e-06,3.628445388300952697e-03,1.255573174955862794e-03,9.608019698977771691e-04,5.751218150157245306e-05,-1.511203277244708987e-02,5.200044214858423608e-02,-4.626828115208519304e-02,1.092836183197504196e-01,9.306606825472255040e-02,1.008600237518193499e-01,-2.553378537747460347e-02,-1.114842665795912485e-01,-1.377162918427782545e-01,2.311780995013347773e-01,-2.644962335032731149e-01,-3.180902654504873684e-03,4.539533970847502847e-02,6.726555261805320374e-01,4.894596587790170927e-01,-1.806509726756978240e-01,-2.307618563233653497e-01,8.114249223217970264e-02,-1.783899304092141300e-02,8.118091374785120495e-02,-7.869053833737184311e-03,-1.213704738116011955e-01,2.019600320807103666e-02
8.361142446501295257e-05,6.864665885175388167e-05,-1.622257486298740747e-04,4.029269709659051395e-03,8.355189945240603733e-04,1.362446377514293710e-03,1.682934022918141422e-05,-1.883943480256842357e-02,6.494133272914130728e-02,-5.605682136966461809e-02,1.756469097964189485e-01,1.264364295188841886e-02,-2.080609182169999016e-01,8.080325476443574184e-02,-9.684026787881827580e-02,-1.675493607856252121e-01,4.253870338038630572e-01,-1.777001254268070207e-01,2.657141980385717139e-01,-6.412851272965660598e-01,-2.173807432795348549e-01,-4.851722800845798683e-02,-2.741275500995669634e-01,8.727226804889265388e-02,-1.914303395548479503e-01,-9.876802522034741627e-02,9.164286722534054075e-03,2.075020590655100253e-03,-1.897357110479012347e-03,2.720471291725309881e-02
4.873686877248392077e-05,3.662212592353893966e-05,2.134876838103057537e-05,1.492277985619463836e-03,6.689665833094860046e-04,-1.806421810061947225e-05,-1.893451356431291859e-04,-8.746427900632697955e-03,1.610867586663877055e-02,-1.764332125027617132e-02,5.618641283024573135e-02,6.166883089513732624e-02,-3.402347233567257906e-02,3.793771152148101011e-02,-8.508906308785373074e-02,-3.176623630888465999e-01,4.727133372672196604e-02,4.492254126176270512e-02,1.154715609864393894e-01,-2.931591864122974345e-01,4.543882027261084838e-03,-1.941501286681732510e-02,6.481992492246783089e-01,-1.871698922186704472e-01,4.820878050388034408e-01,2.989157433899637395e-01,3.075586704246618432e-04,1.568349540135631991e-04,1.485486140451980352e-02,2.329315544939236302e-02
8.345313503271796696e-06,-3.166383902184984506e-05,-7.612794379335950277e-05,1.265964888355957654e-03,6.103631817389925046e-04,4.827447663783084823e-04,-9.246694659532314359e-04,-7.950783264468000780e-03,1.221624704875070092e-02,-1.261910656256515217e-02,4.057791605883628167e-02,5.454652561694978835e-02,9.010736677644803905e-02,3.338042497545208875e-01,-5.434638636439625969e-02,-1.041056015248891242e-01,-9.699255572565934624e-02,-3.632357845949620301e-01,7.082564735030451031e-01,4.317268255428788892e-01,-1.071205369527278850e-01,-9.200226575586310795e-02,3.718174098232459798e-03,-9.989440899701482190e-03,-4.692837652000055731e-02,9.796111788667012654e-02,-2.094582119373389340e-02,-3.534242362454393695e-03,1.151663738733858409e-03,3.344745693360243123e-04
-2.255960231178883965e-06,-1.448589615059873147e-05,-3.390607747686917578e-05,2.358486318314950106e-04,7.817380488424592133e-05,5.643607007954172181e-04,6.644835680074168724e-05,-2.681820091111293981e-03,6.867924323248966734e-03,-7.027793045330106049e-03,1.647084475880882318e-02,1.663887646228003406e-02,1.312547516610666418e-02,2.025728104512293320e-04,-1.035712543381858523e-02,-3.213829389544702736e-02,4.527547155876691237e-02,-5.209059250926094398e-02,-2.147013856476644861e-02,-1.812311910778797996e-02,2.340148026292883654e-01,-1.374678920171970298e-01,-4.982404098179839258e-02,-2.636357742087491588e-04,-3.589741786745145880e-02,7.803552907515919068e-02,-1.872330675258552235e-01,5.075103446794020264e-03,8.955126592529482066e-01,-2.682100441146900716e-01
3.272385280103594883e-04,2.599659385862230880e-04,-5.406871377511349164e-03,4.553479881349405817e-03,1.739516654719384589e-03,2.122225249502975725e-03,1.659442009758305830e-02,-8.773153287303128711e-02,-9.263782648230270422e-02,-3.374714218745105548e-02,9.305455737848766784e-02,8.822750012073722614e-02,-5.698955314400279415e-02,1.260122948304538693e-01,-9.282497617040625926e-01,2.024440584463229609e-01,-1.353341398497429904e-01,1.428068807985669875e-01,-5.730205857827155858e-02,1.032717312688441642e-02,-8.916276302034115489e-03,-1.360964070183186964e-02,-2.399817276548409095e-02,2.443707019351092774e-02,6.057221326158529658e-03,-1.792024947217456254e-02,-8.567862871965328808e-03,5.808179938207418992e-03,6.250863986028097445e-03,-2.639927423417414657e-03
-5.309726289693082475e-05,8.601466043552842425e-04,-4.029168658630381643e-03,8.229788862679799158e-03,-4.265059269137294606e-02,-4.885826873127212255e-03,-5.885914344197915732e-02,-6.444428942300999275e-01,1.291246040168421705e-01,7.251267502196028225e-01,1.868263425683018564e-01,-1.125857866696285473e-02,1.572854513214703986e-02,-4.005643197769915599e-03,3.716071651473726312e-02,-5.337496308084211522e-03,-6.020962802588279185e-03,9.369233433334073734e-04,-5.909286556291902005e-03,3.174671184394354823e-03,1.056605787991181161e-03,-3.789945306770353662e-04,-2.088077005082872306e-03,1.401377213505633403e-03,3.834530147353405576e-03,-3.262232620114449266e-03,-4.932862516961807396e-06,1.388185247498497992e-04,5.676845535632319366e-05,7.623689563248790173e-04
2.358200451169907823e-03,2.952877677964361319e-03,-3.925849575461785174e-02,5.114515280609042980e-02,2.056471017183610431e-02,1.316627049278920325e-01,1.623773245766278184e-01,-7.339876115337584661e-01,-2.492565438993827320e-01,-5.625906568920723272e-01,-1.437681670509484699e-01,-6.780043233714803941e-02,1.702307826279712832e-02,-1.154976543480898919e-02,8.783452737078582817e-02,-2.563427318716884201e-02,-4.683841665200126972e-03,-1.381977996635322392e-02,1.694300173773447818e-03,-5.799252014897248765e-03,-1.401447840130813551e-03,-4.181983531763589770e-04,-1.073317726085845376e-03,-8.692019546783666352e-04,1.140532305496315402e-03,-2.740333085573098699e-03,-1.510206103690533638e-03,-8.800776815715912089e-04,-1.596826543330683371e-03,-3.624328152920230093e-04
6.031566774008286641e-02,6.914526923666178271e-02,-9.869098383529901763e-01,1.202450041642788015e-01,2.415393297832069130e-02,-2.103414804314274883e-02,-1.900232912347015260e-02,3.483354048796823144e-02,6.866160413125912444e-03,2.160487016067430197e-02,3.467008526444366120e-03,1.259815729069864443e-03,-2.059971763078451677e-04,-2.206510857357528465e-04,1.513475274008697913e-03,-2.156413545595370622e-04,7.864396613000712317e-04,-1.598263986165269503e-04,1.896328389137172919e-04,1.165950115303760642e-04,1.631204945166293569e-04,6.804977612053441597e-05,1.430095905915470069e-04,-1.155580186665158907e-04,-1.092194354475437006e-05,1.779614902441272481e-04,8.854213517942999408e-05,4.691952487603108050e-06,3.414290533717332483e-05,2.120498619955474122e-05
-3.614907180351460442e-07,5.787789517761065743e-06,-3.243604811791680890e-05,-2.846468342188919176e-06,-7.044738225202279826e-05,-2.764079250570382926e-05,2.922947363423766300e-04,-1.530105491659972854e-03,1.014970650834246977e-03,-6.369525100883796122e-04,3.092541126715386748e-03,4.303404898987322341e-03,-3.748712757690769899e-03,2.072382292191826127e-04,-1.725817780939382234e-02,-2.233465177755540945e-02,3.473238558318239577e-02,-5.874220984184461841e-02,-5.749479286907185210e-02,2.177713025759351120e-02,-9.739661000726156093e-02,-6.854444085860686431e-02,-4.433089126677011715e-02,-7.315974599865185390e-02,4.996101286156642146e-02,5.497398168815387232e-02,4.866072637728832140e-01,-7.304205794630010129e-02,-1.460325965371779000e-01,-8.368111145739028922e-01
6.151175391216003418e-06,8.461094121377057918e-06,-7.812576305386107899e-05,1.085040608689246148e-03,1.772410499624942216e-06,-1.947920842782032596e-04,7.331219444052508236e-04,-9.421093411255909711e-03,1.796815916500226970e-02,-1.547655932662604650e-02,3.833952559708286162e-02,-3.797699855438704808e-02,4.408845154497533642e-02,-4.104427720525678086e-02,-5.469565019170584408e-02,9.196112293067487675e-02,4.181543770868170196e-01,1.898275514812074877e-02,-6.263473383903848946e-02,2.049472551588302494e-01,-1.282851410175636087e-01,-1.757031924704917092e-01,2.911229495678074319e-01,-6.422953094918620875e-01,-2.873975991299269617e-01,-3.321291191964044764e-01,-8.440741142375705885e-02,1.245502120061089263e-01,4.329916251809596238e-03,-5.509982175259507502e-03
8.966626179391545254e-06,3.364272206009062720e-05,-1.431388107204854658e-04,1.192178416802551141e-03,1.833353345544434058e-05,-3.920060977902727062e-04,1.404530861880465406e-03,-1.123767511536724432e-02,2.349785650958614858e-02,-2.700598411125864490e-02,7.282669454178240798e-02,-1.107618979772804213e-01,-1.364428806633818936e-01,3.120141432305556517e-02,-4.032346156451115105e-02,1.427474136405292582e-01,6.627759377011550601e-01,-5.803266655149400682e-02,-1.689946666453504831e-01,3.805304470932941996e-01,-8.716335902757123277e-02,-2.198491156419966550e-02,3.242918394168206597e-02,4.157526801088353152e-01,2.899790654762193776e-01,1.946537124177030176e-01,-1.319599683944724378e-01,-8.770039714121959790e-03,-4.207712037588663689e-02,-1.413907252308677087e-02
3.297696498088542469e-06,6.317109660735825928e-06,-2.224339655796336407e-05,2.477388421178670897e-04,1.249407609172646964e-04,-3.173073220249789648e-04,6.493562753100201373e-04,-3.420669234245467087e-03,2.250799741694835265e-03,-4.763851070751031272e-03,7.453825061169087884e-03,-1.395216302815282909e-02,-1.375982745626729530e-02,-1.637330126352058149e-03,-2.069826743430916785e-02,-5.401039626113461611e-02,1.034071171836437458e-01,5.344423290054796383e-02,-2.177816095469652102e-02,1.155014093466041891e-01,-3.466667633248085578e-02,-3.330223653462666134e-02,3.515723200450628777e-02,5.688217735668665148e-02,-3.312933645328616089e-02,-4.247636524143148969e-03,8.260235189465674477e-01,7.986111004833766625e-02,3.023441999683661452e-01,4.252120505476788548e-01
-5.981919930701825179e-07,1.683236201013513651e-05,-9.905111479269021631e-05,2.188136329077827356e-04,1.700736396352938779e-05,6.953580910884081707e-05,8.973026110487310322e-04,-7.009930668951039681e-03,1.233382181578201574e-03,-2.718844245002888845e-03,9.775239635680532321e-03,1.491701298978949895e-03,3.406928507470420586e-02,8.298531451793988989e-02,6.393045258064203665e-03,6.063574294108534796e-02,5.956976268232825472e-02,5.211083318841466111e-02,-1.228301539815810223e-01,-3.123197117578425594e-02,-1.212422354950554518e-03,5.649334966473983088e-02,1.406793230436081434e-02,-1.370083902469382831e-01,-5.346015510501116452e-01,8.066360710804622025e-01,-6.224349338231793816e-03,7.974642023755170242e-03,-7.317321992780904949e-02,4.089347367579861808e-02
8.707038596037236635e-08,1.883103351490288081e-06,-1.392105018656737479e-05,9.658424142612680706e-05,-7.676301685950510475e-06,-9.627688017719883689e-05,1.395856996621501424e-04,-1.317019140152936351e-03,1.979645299295935620e-03,-1.637461652539572068e-03,4.598986102356415230e-03,-1.187309527457214298e-03,2.367720984356436881e-03,-6.114416536320940905e-03,-1.147752766776256352e-02,1.012623668784612234e-02,5.365857079555318154e-02,8.667286606085291070e-03,-1.072869785086547935e-02,1.974854479283586622e-02,4.580292858398413158e-02,-1.277180643470966492e-01,2.696438920527260974e-02,-7.406132225191011664e-02,-4.248160938763353989e-02,-3.227007805366400445e-02,2.462037297284629112e-02,-9.781508871116375570e-01,1.150286588638405397e-02,1.060503381609327056e-01
6.930694858480461462e-03,-2.112683230881191952e-03,1.544335203482101980e-02,7.996465213702666497e-02,3.320393359408504996e-02,-7.636254010738252607e-02,-6.109052814470416343e-02,9.201684294719129908e-02,-8.457356055839174713e-01,1.119147512065901406e-01,4.386591470492787748e-01,1.791941714587920176e-01,-2.445153915027477309e-02,-6.477241220629871565e-02,1.256577366480943758e-01,2.305004604041244187e-02,1.391978490716486334e-02,-5.672539709528023021e-03,1.362230685891630856e-02,1.626046883003357674e-02,-3.666305632836741688e-03,2.437615441250892776e-03,4.990505359221538047e-03,-2.145880009202676998e-03,-2.349676009214056362e-03,1.763394522780930467e-03,2.720864269183151385e-03,-2.166699438407217063e-04,5.454386349574133399e-04,2.225899741115127046e-04
2.649417999012351407e-03,-1.419659920986251177e-02,2.796895424789630838e-02,3.439784382621813852e-01,-7.305713720886432005e-01,1.538348786720849792e-01,-5.589935751872912029e-01,-1.477416930174990130e-02,-8.027164330350864546e-03,-8.947961991744836363e-02,-4.892311239946572216e-02,3.925822559379870368e-03,-6.479396544177577245e-03,-2.426984726041552323e-04,-8.162991435643687441e-03,1.122033957109030847e-03,1.632809693965836225e-03,9.417704839891516844e-04,1.299682926333647947e-03,-9.802014781619721644e-05,2.768449015748400063e-04,5.381453335295515979e-04,1.272812749161799392e-04,4.581251729369468356e-05,-5.871517492990151448e-04,5.839993568819672057e-04,9.138746892807101307e-05,-2.904111280875498795e-05,1.417792494474421594e-05,-1.697655981965720008e-04
4.821673594645246863e-02,-1.127395453113003675e-02,9.901476266033006068e-02,7.838913448770978842e-01,3.487416118976763291e-01,4.605638134694264307e-01,1.418887819788384463e-01,8.391942031509500022e-02,4.932418104218256466e-02,9.742284259696094850e-02,-1.638565515968063227e-02,-3.560359366656799460e-03,-3.680724079735588159e-03,3.225709153061682034e-03,-1.044003668545403878e-02,6.357081461420549659e-04,1.875430520390971396e-03,-7.183985441904177467e-04,-3.933767878579547887e-04,-3.674250039569906595e-04,7.175069384903027484e-04,-9.569341682008697056e-05,4.126121821916059582e-04,-9.529430008819868801e-05,-8.736292201106770879e-05,4.067302444951049925e-04,1.359490440253520308e-04,6.317329057730252165e-05,1.125532205681344133e-04,9.931832564206771394e-05
8.387006168977723108e-01,-5.422853384978891800e-01,8.092671038412463380e-03,-4.300804008527647077e-02,-7.745654153977240934e-03,-2.143229584626634571e-02,-3.134188678440213722e-03,-5.129892920241607354e-03,3.594944476119657679e-03,-4.243839218485445999e-03,-2.253001749546799763e-03,-9.889593073979607938e-04,2.271243202493720948e-04,2.476338254570437884e-04,-2.575275510448873624e-04,-1.551614953238646480e-04,-1.360487666208295846e-04,3.201204829568515039e-05,-6.271441529685961482e-05,-9.280472519933861053e-05,-7.437915655943482162e-06,-1.564781510279689820e-05,-4.070129192706985427e-05,1.653740240234959536e-05,1.046563009802113170e-05,-2.091968112440474912e-05,-2.141127454318421947e-05,-1.455797263282866253e-06,-1.045395100783417841e-05,-6.351488897894865687e-06
7.131006698166521112e-06,-7.864275441104768053e-05,3.373505175921958564e-05,8.895044282770885437e-04,1.482541630253843778e-04,1.909275594600282197e-03,-3.698148732332050097e-03,3.871577235396143728e-03,9.849944888555815098e-03,-1.534926127771988648e-02,5.290494287993401795e-02,6.925186620825883599e-02,6.216250093760576113e-03,2.901132271995579548e-02,-8.401810251486714620e-02,-3.667429740068344213e-01,-1.594740501213532113e-01,-5.217739879980470841e-01,-5.026573404499677933e-01,9.655147587980643376e-02,-3.046133335569814471e-01,-1.608666949088745635e-01,-2.591108670846294371e-01,-2.110593101590786391e-01,1.723654309071253610e-01,8.480589114093799175e-02,-6.219621321015553900e-02,9.959742376995529139e-03,1.842211273123195783e-02,1.355448884659139486e-01
9.910872550905531250e-05,-4.534788409783523837e-04,6.742126153055586629e-04,1.196510316109734504e-02,1.422746605142945642e-03,1.421132183959864306e-02,-1.400499640394255174e-02,8.380816414200844763e-03,1.459492100590994434e-01,-1.373854325300918611e-01,3.955114201931983486e-01,-1.792671603088213939e-01,7.613141331257347044e-01,-3.614236824377144996e-01,-8.162041307880073260e-02,3.026339035440881592e-02,1.511555914542682399e-02,-9.433272297601434306e-03,6.460502473083608310e-02,-5.874922369371014114e-02,-1.715312664446359547e-01,1.851779229629905640e-02,8.734634141662339646e-04,1.104322444456559277e-01,2.181824716026164665e-02,3.948567263883871747e-02,-7.411955271911405303e-03,-1.425882725068417130e-02,2.529723731424547012e-02,-1.338832040929195232e-03
1.551535737473736095e-04,-3.146493492318586170e-04,6.799975490835183465e-04,1.353701666838395996e-02,1.072794436555275831e-03,1.339589299563733425e-02,-1.565723087244369482e-02,9.575042323014835988e-03,1.841898988630449319e-01,-1.829464329021265045e-01,5.912270697409544029e-01,-5.509674046990693519e-01,-4.103998581969057757e-01,9.874529728250386329e-02,8.348581031139590269e-02,9.245047046221364917e-02,-2.464487801309092896e-01,-2.037573114026128285e-02,-3.462690174473216642e-02,5.814007777880810662e-02,8.497762948330533916e-02,3.210628341795351837e-02,5.483565354761753274e-02,-8.705165177402590659e-02,-3.330677275175007550e-03,-9.860234412367050935e-03,1.800760268440865577e-02,-1.508923781312212315e-03,6.651629034902482862e-03,-6.761291361197142510e-03
7.208732111549975342e-05,-8.658841163821387682e-05,3.289657370963359182e-04,3.476896894127045994e-03,1.366147821579060707e-03,3.058878750000477206e-03,-3.236365938312830808e-03,2.699373223833841356e-03,2.512974389888510823e-02,-3.648301840024480158e-02,1.191269632303848108e-01,-1.267076659616641308e-02,-1.428265182882137649e-02,3.409872367046483388e-02,-5.789646772849492418e-02,-7.316078269766941311e-01,5.703940412716557162e-02,5.585002822061885253e-01,4.493350084865887009e-03,2.540750153084761487e-01,1.084869563275593510e-03,1.001026995317311121e-03,-1.642972192358704009e-01,6.313713310227127284e-02,-1.316310438447461650e-01,-5.370446638147749474e-02,-8.623491174604275278e-02,-4.400836894448110180e-03,-4.026279341437404014e-02,-6.046108657152454713e-02
1.953953656208068935e-05,-2.413519916912854600e-04,2.646310902877992990e-04,3.464656592709533349e-03,9.235541954970475200e-04,6.943564476000424132e-03,-8.363236347714176483e-03,6.499300755485515682e-03,1.459930042802280725e-02,-4.109289523637928848e-02,1.227969636411396365e-01,4.801872992128301820e-02,3.632814304684334195e-01,8.344302639627085849e-01,1.599185865739702339e-01,1.022396134862822992e-01,5.018849153728596746e-02,1.445917194235913084e-01,-2.338074390552332404e-01,-1.355745986242996581e-01,2.129611685971020615e-02,1.279992662317054261e-02,-6.432455692956293158e-03,9.305760384420266179e-03,7.270001287682137381e-02,-1.159539584255919326e-01,1.663166821118997052e-02,-1.172636790329830347e-03,6.254788953440566790e-03,-8.387703347470825592e-04
1.290530545521400151e-06,-6.105684237430182939e-05,4.536147232368344866e-05,1.031707210279440325e-03,1.786907910125934036e-05,2.074851926263859836e-03,-1.949009207900144177e-03,7.260768823078124013e-04,1.677372385980190062e-02,-1.816357272492451561e-02,5.177981626924427205e-02,-1.525534430140566442e-03,7.266882331369271808e-02,-3.629797996260692577e-02,-1.140056016640844834e-02,-2.514894247111547701e-02,1.481196578166708855e-02,-4.215129052476167953e-02,-1.047067369143634546e-02,-6.333137830912494159e-02,5.066640447624638499e-01,-7.963092130546653991e-01,-4.375946071502094525e-02,9.622599753948087031e-02,-1.168566476521331991e-02,3.936840792120199772e-02,3.868911626780256047e-02,1.228657530891475030e-01,-2.436683627152817500e-01,5.977870066218660128e-02
