5.138463639041116263e-03,-1.113245114871174585e-02,-1.117301888281786379e-02,3.857588579996279465e-02,-3.163643396002626534e-02,-1.423286163861418319e-01,3.387785005275940897e-02,3.080747965967479615e-02,-3.725827874291756658e-01,1.399550072486803187e-01,3.993070782634505211e-01,7.367340403846955876e-01,-2.196779767574859876e-01,-1.010745495695650614e-01,1.029915800668910891e-01,-1.378814453717713828e-01,-6.498820677211568711e-03,5.595239487648576843e-02,8.747358260433721333e-02,1.000922408979470768e-01,5.245760451426949994e-02,-1.348872486561819226e-02,-1.434579141889132797e-02,-4.226521751881164024e-02,1.837354310121662102e-02,7.156974662545027496e-03,-1.304634988273116383e-03,-1.609086741007122873e-04,7.921021281682176160e-04,-8.463525858410748742e-05
2.247180640948954165e-03,3.587794632681942479e-04,5.264054584525675907e-03,3.043008546049481011e-01,4.585075301516111645e-01,-1.651834408179804481e-01,-8.106570286063241593e-01,7.940733870313561316e-02,-1.434909892787475209e-02,7.519040047269406890e-02,-2.115898874009397926e-02,-4.798025637731852602e-03,-3.247155554846722653e-03,4.858470950701794023e-04,-5.710852927431792590e-03,-2.346976768826595020e-03,-2.897962371691859169e-04,3.800733458980584374e-04,1.213811996754591812e-03,-7.612322521344432394e-04,-6.322925373274170544e-04,2.571663609584590019e-04,-3.172002594509731421e-04,-8.054891528739688809e-05,4.583293964664876194e-04,9.106140675293837973e-04,2.581269791208028289e-05,2.521124638917344413e-05,7.952781438353482386e-05,-1.142723350402567750e-04
3.560423191709009144e-02,-7.591591740414560530e-02,-5.634122510493209252e-02,3.634862227568219084e-01,-2.755566458372927241e-01,-8.410086707051939170e-01,1.300215867510542966e-01,-1.071242422829986468e-01,1.722865241958300153e-01,-8.786330264319930361e-02,1.249027543345402821e-02,-8.297275391859783300e-02,2.326505334130345160e-02,1.726666074890258673e-03,-6.589445275626880892e-03,2.048715781872997507e-02,-5.823007650883468486e-03,-5.629271252321207258e-03,-1.373660336633009300e-02,-1.470274365865276503e-02,-8.092938400008077918e-03,5.509818114237634637e-03,1.999978885612414912e-03,6.193663927941468750e-03,-2.141769964042312523e-03,-5.116171388398877383e-04,3.417626151366448127e-04,-6.554056381238153350e-05,-6.645292451306033903e-05,-3.852449816403775724e-04
5.180858530993854849e-01,-8.461902583942525480e-01,9.050929037176826120e-02,-4.974072623490717604e-02,4.304429274828265595e-02,5.397550873028855722e-02,-2.720038749338352796e-03,5.807846740187145272e-03,-7.038717779718125893e-03,1.406283922821649100e-03,-4.640000553344197746e-03,-1.327711824909181626e-03,2.335474536397322428e-04,7.972556726261551549e-04,-3.256965241525180401e-04,1.528563040256549675e-05,2.360656537607783525e-04,-1.540375051541363648e-04,3.833945540316238127e-07,-8.764881238278395307e-05,3.022995763502314771e-05,-1.611238694920849623e-04,-2.962955825540631230e-05,6.147647630618458142e-06,-3.950280935938139731e-05,-2.326336750606087243e-05,-6.745005423319092226e-06,9.077977438577773721e-06,-4.578831132921853866e-06,1.715685770699899797e-05
4.427683029136740058e-06,2.183974545886951471e-05,5.976599650211336461e-05,3.204429236636347194e-04,-4.536900660161148581e-04,-3.189070115422785274e-05,9.210810740492202326e-04,-3.102987954194534777e-03,9.514428805776114356e-03,-4.958836127193926718e-03,-2.925482552378638051e-02,-5.301179140688683233e-02,-3.597017592236288318e-03,-7.466782578765676637e-02,2.622949629600157539e-02,-2.158544253839627669e-01,-1.427673161928224854e-01,1.241422421780975505e-01,3.567176494193857184e-01,-3.230371656290386556e-02,1.185575140605588385e-01,-1.928369941696446432e-01,-1.525348661582631715e-01,5.849623300680201199e-01,-5.307275581091146499e-01,2.556704927033787711e-01,1.341987016528022741e-02,-8.459923941351769894e-02,1.674802835330709352e-02,8.892287545086824396e-02
4.352713581758237854e-05,-3.013026129873214751e-05,2.329680679688214174e-04,3.306024487284901520e-03,-2.171098769686353926e-03,3.404683134022952386e-04,-1.593774251019377435e-03,-1.034450461407508508e-02,6.093915593548501763e-02,-2.765093549673909926e-02,-1.128451517552981342e-01,-8.799232356696994051e-02,-7.573540316314388010e-02,4.773960642066886798e-04,1.101628670493428053e-01,-1.261162139871924437e-01,1.336419011595177397e-01,3.020467754615140110e-02,2.427617560760247095e-01,7.086572716556448215e-02,6.887825736059730586e-01,-4.286962688560874701e-01,-2.004525305534190227e-01,-3.332637316808657046e-01,1.953633114433519502e-01,-4.514956775438511843e-02,-1.667034065236371043e-02,-1.083779783130335746e-02,6.853689713708890907e-02,6.057257549510384337e-02
8.722132914773783044e-05,-1.092240441456983780e-04,4.655923332324629150e-04,3.485222271182811509e-03,-2.072962637348287670e-03,1.338229172615802752e-03,-1.784531288529505634e-03,-1.391888392698535301e-02,8.152805667097033637e-02,-2.619082692469197268e-02,-1.973018792605099325e-01,5.600685415631777991e-02,2.221734470766556502e-01,-1.895091465647078810e-01,7.004040922591238394e-02,-1.108723584097449782e-01,4.156962668005323436e-01,3.106949756596620871e-01,1.525726697326459935e-01,5.693659185694963654e-01,-2.510880028856875557e-01,1.332604319639578705e-01,-7.381742338883745536e-02,-2.813959944498015675e-01,-2.400410215715628459e-01,8.482266783366980423e-02,5.219938530330259447e-04,1.061177577633722752e-02,6.094262694490258300e-03,2.687680123999329831e-02
4.931086277762431489e-05,-6.847174120074931152e-05,1.052797473663262621e-04,1.319844365858235339e-03,-9.653574047853333111e-04,7.458322622465363464e-05,-3.741359584961642150e-04,-7.463043586673981031e-03,2.166775082147496742e-02,-1.111553685528896343e-02,-5.885885150781126202e-02,-5.027390792476262027e-02,4.353648678078132078e-02,-8.549311827181789447e-02,4.458451438722304400e-02,-3.214654913023243799e-01,4.969174436550570506e-02,1.099054785550080959e-01,-2.937730888813787355e-02,3.570698302895951581e-01,-2.659579653217794201e-02,-1.320025358459716025e-01,3.280307847029287349e-01,5.144803173314325129e-01,5.690657775800798124e-01,-1.444769008637561969e-01,-8.392629329341613417e-03,-1.120717039114615780e-02,-2.277933313410443125e-02,-7.956592773186332845e-03
6.528884116330455349e-06,1.929770035098842700e-05,2.703510137724040078e-04,1.068716127586521797e-03,-5.874116988074524733e-04,1.062787665230847988e-03,3.392291630773980218e-04,-7.845464052054331242e-03,1.256216892765910607e-02,-9.031248071562485505e-03,-5.807019394380235483e-02,-4.012316961282153677e-02,-1.215170002930648641e-01,-3.125955269737448194e-01,-2.331732923247733721e-02,-4.367466426641563454e-02,1.470040794035565096e-03,-8.265558198143814206e-01,3.567876535692996454e-01,1.970577778515549827e-01,-1.422117153649107013e-01,1.677058770691404119e-02,2.113336967664863550e-02,-3.342034905473354606e-02,-2.219506561965352287e-02,-8.410041497090542384e-02,-1.943236775284494467e-03,4.299858385855087617e-03,1.707184530694414240e-02,-2.250950100604710152e-02
-2.393105570648389841e-06,1.554127595504903970e-05,5.999135185306284833e-05,2.099606701064415026e-04,-1.961842908847198392e-04,3.449648085638062000e-04,-2.585787817893436336e-04,-2.640958312134374878e-03,8.391399597776542582e-03,-4.244078618679409873e-03,-2.013000357371187710e-02,-1.349299396430288754e-02,-5.864358277395121700e-03,-8.009599951800908547e-04,7.343421492519086428e-03,-3.129832994071893304e-02,4.302732905621213522e-02,2.086517276679559704e-02,9.968319432475186703e-02,4.170816893697914217e-03,2.191027472865392511e-01,1.603197429020322140e-01,5.282476833695717855e-02,3.008784951549419578e-02,-7.095430584885983882e-02,-6.210655069986949217e-03,5.725946942000992995e-02,1.676687026965132388e-01,-6.893324826926201521e-01,-6.300473756505624578e-01
3.085068116978258732e-04,8.920363714376049798e-04,5.847898071455980701e-03,5.390968146756977553e-03,-2.613759700236634089e-03,4.907794759175577483e-03,-1.549403078155676093e-02,-9.308123607084600737e-02,-9.003928442745540162e-02,-4.813710035834802003e-02,-1.440961563474892626e-01,-3.195056806899961716e-02,1.198064074884261088e-01,-3.853852858601185538e-01,8.326087201240656155e-01,1.296107361735432117e-01,-2.061645439699204274e-01,5.214663215148969411e-03,-1.743038289149111963e-01,-9.391087221536588425e-02,3.074426523876517756e-02,4.834620335554961484e-02,1.063871542889698041e-02,6.078513126463646644e-03,-2.274461859589005201e-03,2.035683740068919279e-02,4.866167961908873969e-03,1.573045604165163730e-02,-4.972914121562321127e-03,-3.492766451874479362e-04
-6.707835975693121936e-05,-2.319894677249414777e-04,8.062809289042386154e-03,2.314906937878451892e-02,4.970559641594459593e-02,1.480607858796369365e-02,4.789587521808933573e-02,-6.078021536335266317e-01,7.904088885345728066e-02,7.810975651779088480e-01,-8.154095852943851752e-02,-3.394551776345289262e-02,-6.239436063174517814e-03,1.332216646649277657e-02,-2.285929944732498567e-02,-3.489797955149763313e-03,-2.126439968432863349e-03,1.353608204112434488e-04,-1.847632793633512301e-03,-5.248314797506987983e-03,-6.795545545132465918e-04,5.368451000285124784e-04,-2.363478949128155430e-03,-2.531807898475604748e-03,3.403550632447929509e-03,4.294647924616924219e-03,2.246364260434164295e-04,1.578259401378390256e-04,-1.441147677225349072e-05,3.665460190192217820e-04
2.252391489088841330e-03,4.341616933546956283e-03,4.428035491043307709e-02,6.631367768396925766e-02,-2.968031515129298387e-02,1.468965981382402419e-01,-1.507118603246294652e-01,-7.668454785332706747e-01,-6.877815164520052760e-02,-5.740163837629007615e-01,8.977351723327860189e-02,8.751651548846731132e-02,-4.035621770885190751e-02,3.941112604605882114e-02,-8.136372606119532391e-02,-1.485708105502319201e-02,-5.623596365309723274e-05,5.479083688628041786e-03,1.288698504930770213e-02,1.229421893352818443e-02,-5.008429087008580034e-03,1.706733575779789073e-03,-6.392286716397330842e-03,-2.238188100977711494e-04,1.174174314360390417e-03,7.158404803965364924e-04,-2.907519003275573616e-04,-2.077556934853693523e-03,1.790622635891715546e-03,-5.181810600279897856e-04
5.528351227743365931e-02,1.296980533416064729e-01,9.820017747221846394e-01,1.015476033808681844e-01,-4.274233383936221903e-02,-2.075234045150833873e-02,3.101453595835051980e-02,4.224925382101568649e-02,-4.442878851918754222e-03,2.102060138826274821e-02,-2.523961472168425799e-03,-2.319527251300336924e-03,7.126540022059660523e-04,9.677769145327708546e-04,-1.469957834764785325e-03,-2.540121403727906685e-04,9.309433738123383366e-04,-1.081679168802284619e-04,4.872708171711505050e-04,1.123826398007406760e-04,5.300710896384118063e-05,-2.689262633466104214e-04,1.600849984513086181e-04,-3.410447115798292630e-05,8.132079073947369330e-06,-1.459057578914320602e-04,-1.994719506149682885e-05,-2.291496488638080048e-05,-3.767523411391659479e-05,-6.917751597675439886e-06
-9.844295092153378513e-07,4.778523440363619784e-06,3.994968033466924300e-05,-1.413127332607737194e-05,6.192778775152803564e-05,1.237883115967219503e-04,-3.054295184297407253e-04,-1.576031034027318596e-03,1.092823494293931668e-03,-8.907466456149479902e-04,-3.823038276969954307e-03,-3.867213290311217761e-03,1.270557261004117528e-04,-7.592523243991253744e-03,1.750648671545652554e-02,-2.549833383869244685e-02,-1.883544885812764649e-02,2.268799436086563898e-02,4.557728018546643861e-02,-5.727526150440062636e-02,-5.514680846242987766e-02,-3.017570456272275839e-02,1.090291440206936496e-01,-1.176175705729731458e-01,-1.328892514972334141e-02,-1.450429376763157363e-01,1.157684926050601415e-01,-8.454702830140861103e-01,-4.071986465653352760e-01,2.186416110641161981e-01
7.114166231034086733e-06,-1.471736464421953821e-05,2.083526484125212399e-04,1.032984072908349309e-03,-4.797048543218502561e-04,3.049793316589232339e-04,-1.287469696954894691e-03,-6.769354892773472333e-03,2.173024054423690690e-02,-7.704730180283059227e-03,-3.957377236681997035e-02,4.881167009290628134e-02,-6.810237620693256055e-02,4.554366210571991064e-02,7.072995359271698479e-02,5.940830550348017575e-02,2.555749582958893873e-01,-3.782395409610341680e-02,4.711615629366365521e-02,-1.758130660573202497e-01,-8.866435367081268795e-03,-2.999834705308588867e-01,7.809640153354425740e-01,-1.308756938952203297e-01,-1.750429344284530064e-01,3.359500761916304756e-01,8.178405026946801437e-02,3.441290584034901318e-02,8.892060357861106268e-02,-6.295295398887212901e-02
1.139025320081605323e-05,-2.873512751443666415e-05,3.235716512106568874e-04,1.154133837267216824e-03,-7.182792587425316849e-04,-3.196241646917125936e-04,-1.558906250189077015e-03,-9.811038796798569189e-03,2.980634403387041539e-02,-8.876667455069799095e-03,-8.794290461670144221e-02,1.618610460857702049e-01,1.017016045173594618e-01,-9.828849952682912339e-02,6.972056049683002243e-02,9.291011753928055117e-02,6.890869491357205501e-01,-3.098263091948551262e-02,1.446345658173783799e-01,-4.954455536568831975e-01,-8.480462496977826670e-02,4.021481040577788019e-02,-2.323221955150999440e-01,2.598110091122819987e-01,1.687273927918391259e-01,-1.151119636493295184e-01,4.741718091875993940e-02,-6.728620523369305273e-02,7.075975982939160247e-02,-7.435668511956000648e-02
3.981419028927277990e-06,-1.083447415564319673e-05,8.606393457451896238e-05,3.206745980864786848e-04,-2.037308801216799385e-04,-3.168719282262949088e-04,-5.246006602441135713e-04,-3.078930865540428080e-03,4.031069467947213936e-03,-3.055363306800624578e-03,-8.978043586817514507e-03,1.813946915443485561e-02,6.688484040543449423e-03,-1.392562071566120878e-02,8.109294554701123106e-03,-7.118430915563299377e-02,1.041363298562766188e-01,-3.664826177145860675e-02,-7.392419729789264510e-03,-1.200593361714808877e-01,-3.837437969415469913e-02,-5.120487299913756285e-02,4.725304808907495463e-02,-8.114333195263263507e-03,-2.411146448345621862e-02,-6.414088285036580184e-02,-8.656037278725856043e-02,4.500069298098862136e-01,-5.313301641753677140e-01,6.812690039578425116e-01
-1.980895154172610869e-06,-3.489044667315458259e-06,1.300603902635882490e-04,1.928874006785687590e-04,2.178475490804089105e-05,2.312670389559773397e-04,-1.136975133037035303e-03,-5.641992188754328327e-03,1.144637777630755360e-03,2.050378206242905836e-03,-1.007093213062675366e-02,-1.370539431695573919e-04,-5.885057796283758164e-02,-7.775822427188229524e-02,-1.604036595658747330e-02,2.299789052624374303e-02,1.105162358918769863e-02,1.177760947808875608e-01,-3.512406227915983864e-02,-1.386663808742816424e-02,2.892316504658720699e-02,-1.572635845546724032e-01,1.984436202146838413e-01,2.644145473057705337e-02,-3.943677433433390167e-01,-8.490147699688200822e-01,-2.622229236848852563e-02,9.323343595860934807e-02,1.286136754504814683e-01,-7.888973373164233360e-02
1.992385325580671837e-09,1.342451215183884891e-07,3.164521948643781314e-05,6.749802280624396392e-05,-4.305800378480273931e-05,1.555848993360660603e-05,-2.194583194902231891e-04,-1.366886337230631973e-03,2.631801190866703971e-03,-9.458812704851714574e-04,-7.220334775231522333e-03,5.984062674432859448e-03,1.058645916640699799e-04,3.139870553206784319e-04,1.222782675609342812e-02,5.545131792380952537e-03,5.291037551482535850e-02,-3.678117890350311118e-03,2.647363733213399864e-02,-3.700029822354029829e-02,5.287747832563620409e-02,8.116789650145740664e-02,8.830862107495243696e-02,8.929087174297644508e-03,-2.444575312664647865e-02,3.616572899166476535e-02,-9.763595486620065822e-01,-1.392890811679427798e-01,-1.508692762540009800e-02,-5.257413495798268083e-02
7.176627972398431400e-03,-1.137329433899223266e-03,-1.862398643488982763e-02,6.798282473107877810e-02,-4.824990704338412428e-02,-1.066992859618135642e-01,4.821119218430832548e-02,-1.477462235348961199e-02,-8.496062641874845278e-01,1.625152284965679025e-02,-4.416383416556313168e-01,-1.756754453172842678e-01,3.420122797130150522e-02,1.197700262675633759e-01,-1.125861727204611473e-01,1.349996976484749839e-02,4.072640873105785181e-02,-1.444251277775476620e-02,9.293324091617231539e-03,2.133388313461751298e-03,-1.212697960752059587e-02,-1.354602176321341792e-02,-8.043059549231811696e-04,2.886602191560541132e-03,-5.660535032171202727e-03,-4.148789797711623269e-03,-6.425519813558237467e-04,-1.344557236556364471e-03,-1.636734919407318873e-04,6.486075389906590088e-04
3.166392314024784986e-03,8.238425496691533997e-03,-3.329378760580313512e-02,4.724389354845197619e-01,6.853231162478798932e-01,7.651812898658320872e-02,5.390074771895012606e-01,-6.381396125618031719e-03,6.348180959370786948e-03,-9.476701757309577423e-02,2.067033687525667018e-02,4.786549019536580005e-03,3.244679894215091176e-03,-1.703968671018809026e-03,5.684313823554382542e-03,1.595174601230910094e-03,3.471849162164050468e-04,-2.718342965293145440e-04,-6.238547034762923762e-04,7.706084673079832085e-04,7.535169435205709993e-04,-1.800683213384731622e-04,3.268837140142671796e-04,4.101063029247035301e-04,-5.098818246637670760e-04,-7.914038312739035382e-04,-2.635585613049237034e-05,-1.797143857753043752e-05,-8.645122730454827414e-05,4.440379333452108422e-05
5.018210281854201121e-02,-1.670063503307754257e-02,-9.130839865522732968e-02,7.256081163303496062e-01,-4.832414066824539112e-01,4.496791023344411942e-01,-7.482508346434346702e-02,1.081857155180876578e-01,1.305198019293529396e-02,9.196645107137643715e-02,2.260754427923728632e-02,1.157843792005707091e-03,5.925311180969823274e-03,-8.032727473017571215e-03,8.763479142492603888e-03,-3.249180415545608398e-04,2.286639087292188159e-04,2.811324601695042993e-04,9.542300856412059629e-04,-6.569152824378939222e-04,1.505682238731135061e-03,-1.652518365472445015e-04,9.361396192192186555e-04,-2.960521216486914904e-04,1.676036319531138633e-04,-1.971419122324096488e-05,1.511466272978561724e-05,1.814715413405683982e-04,-1.795425145048086134e-04,3.187742033674517385e-05
8.512618017235681345e-01,5.107693592930306892e-01,-1.109038924281312427e-01,-3.784682302295357126e-02,1.351557595782224529e-02,-2.131680653512868853e-02,-1.455358130509075030e-03,-6.411741850720906362e-03,6.157080805607519601e-03,-3.173930155225085977e-03,2.458282719499411007e-03,1.025258632259481561e-03,-3.978023702101034557e-04,-5.072844182109275757e-04,2.867065771293021009e-04,-3.603917981419756057e-05,-2.164100302276448194e-04,7.337291273498058799e-05,-7.951526311124951696e-05,2.176480675469789767e-05,1.123838294314410858e-05,8.741666057900468207e-05,-2.026153688211887224e-05,-4.644136318234026691e-06,2.728075669961868506e-05,2.670198961063491780e-05,4.340334016081101199e-06,1.023392406617282248e-06,8.126551750599379925e-06,-1.962551631260170453e-06
6.653807295271319506e-06,8.378672497703939354e-05,-1.349144579557191935e-04,6.294853565495405921e-04,-3.493761252737422095e-04,1.099224590341153990e-03,3.190545657380437772e-03,2.056253159713685059e-03,1.282589115860120407e-02,-1.259054518853856483e-02,-5.701116640833390342e-02,-7.296307539382451690e-02,-9.079643043405097314e-03,-8.040120863456967637e-02,1.027553429435809455e-02,-3.438771157257051736e-01,-3.060200694594456539e-01,2.792640019293152753e-01,5.434194422932383528e-01,-3.689817094112300966e-01,-3.251091456043928574e-01,7.239732252313423044e-02,6.756264984800761098e-02,-2.777745842999478909e-01,2.120828453655865531e-01,-7.004574759327776567e-02,-1.828377672904754961e-02,1.030223389440535070e-01,6.265791667788593589e-02,-7.532601528542691438e-02
1.096099888523801609e-04,1.393629155454967003e-04,-6.729293647701477428e-04,1.027245523965264300e-02,-5.830704083385185831e-03,7.168051758080303329e-03,4.110234793543025497e-03,1.796422441209460930e-02,1.679490190729591992e-01,-4.085366403354423470e-02,-3.650533406233693046e-01,1.003748984714723930e-01,-6.958489380734338425e-01,4.380508448104106778e-01,2.940003744955421161e-01,-6.387048582872452765e-03,4.343310028044782695e-02,1.475839614199733058e-02,1.920612270587847281e-02,9.569755363991255814e-02,-1.894189978433963306e-01,3.807606641569027950e-02,-1.010421501982914222e-01,5.529793756148685541e-02,-8.874951965104044271e-03,-2.671943004175961894e-02,-9.082198276853178931e-03,3.320647075075357636e-04,-2.276547593805902658e-02,-7.831301849648574301e-03
1.879647449563730558e-04,-1.913015594066358856e-05,-5.824278061932116344e-04,1.131050420989573868e-02,-6.817926469891026457e-03,3.911241130034464296e-03,5.056583891900499547e-03,1.669096160369144127e-02,2.174815711089354009e-01,-5.121617328437263333e-02,-6.065265291297254890e-01,5.824497971021379561e-01,2.833545194146871449e-01,-3.994235455943893204e-02,-2.179461067165515686e-01,1.081340679229385038e-01,-2.834240999605626143e-01,-5.013559504882581647e-02,-2.980817984839280455e-02,-4.761015696581727408e-02,8.777219881528863787e-02,-6.368103325331621323e-02,3.872377057821223961e-02,2.657192568961109710e-02,3.450833147989425947e-02,-3.407092127635640792e-03,-5.858039112318923040e-03,3.573601890071054655e-03,-1.275854994421325370e-02,2.896472819915093914e-03
7.648198512664542152e-05,-2.276671783844492754e-05,-2.956453801148862691e-04,3.343122444210031626e-03,-2.248802727718303418e-03,1.142263538186865214e-04,2.505478873975266075e-03,2.552976183413716276e-03,3.688867120368664182e-02,-1.836503968195361131e-02,-1.133343143513217827e-01,1.852034177779427956e-02,-1.726331581638074555e-02,-6.411585602494231095e-02,-2.464107027779001077e-02,-7.797993156085583077e-01,9.193386359403857289e-02,-1.763088785962006466e-01,-4.826062721541230505e-01,-1.924782250598497668e-01,3.598326057003532058e-02,6.926722102169584339e-02,-5.789628706345119336e-02,-1.213074349853360961e-01,-1.639281848432788402e-01,4.495893883699846050e-02,1.167604069196114848e-02,-3.921841525313792681e-02,5.610379539058867743e-02,-6.791734835966586892e-02
1.385841216455037049e-05,1.098535477808573426e-04,-2.855957256918821075e-04,2.838085659252605805e-03,-1.526474806253791698e-03,4.203663630874062904e-03,6.171619819371350867e-03,8.498657286486186943e-03,1.108377170927664530e-02,-1.633922742746596324e-02,-1.358014381359258782e-01,-8.730095264065271254e-02,-5.256847613467023894e-01,-6.740773395525703204e-01,-3.323425096267730861e-01,1.556002401785447908e-01,7.252515226538538973e-03,2.405313364809082699e-01,-1.620389792030905440e-01,-6.176594394932358872e-02,4.714797838335638147e-02,2.297761946388719723e-02,-8.645665553096973030e-03,2.713454873562801215e-03,5.238029237379795283e-02,1.157276207419840053e-01,2.144850105432570455e-03,-1.247627464300515507e-02,-2.295895684089842986e-02,1.959523749608311008e-02
2.318555571737521756e-06,4.103399487154074519e-05,-5.528538805894101611e-05,8.324803450755049799e-04,-5.717283957523197754e-04,9.586912412090336632e-04,6.509225382763801334e-04,7.689927030188783812e-04,1.928014450831934054e-02,-7.104508826543160134e-03,-5.897210559318807888e-02,-2.729510246441379118e-03,-4.936372438657838507e-02,4.611836356766926825e-02,9.541114667021451806e-03,-4.007631388188678118e-02,4.169250792221843721e-02,1.464028047804110701e-02,1.761519201049633332e-01,-1.012458759148332325e-02,4.553983341760985404e-01,7.567019829091614636e-01,2.738851149628456771e-01,6.346191269594174400e-02,-3.050569726420756730e-02,-4.965658210336385686e-02,1.085041849778596579e-01,-2.550083359112535059e-02,1.813273120444851838e-01,2.214019584053720235e-01
