5.416570560487001321e-03,7.912759279186103167e-03,1.470529803401317455e-02,-1.940507086918249330e-02,-4.781834886185209327e-02,1.118492062861622671e-01,-5.686213427880634080e-02,-6.707001270740753363e-02,4.003397379753121932e-01,6.663974861378364756e-02,3.358412199163594569e-01,-7.763319565824370327e-01,1.343175312517116138e-01,5.986080255535281003e-02,1.414180512669520606e-01,-1.817053152425097129e-01,5.182366319208982219e-02,9.987314077570108584e-02,2.884392270001295139e-02,-5.955315285783387147e-02,-6.562854023359490641e-02,-6.162113171890627912e-03,1.874938812076680852e-02,1.000346770125037747e-02,-5.603844832638658728e-03,7.432405663635142067e-03,1.821182922309366433e-03,-2.428881927342154377e-03,4.392416275545161890e-03,-1.482362446506696723e-03
2.322334779468518493e-03,-1.982083185228254545e-03,1.047096712337294323e-02,-5.007715462024988629e-01,2.680439270354622039e-01,3.841671893282483374e-01,7.169921033830439772e-01,-9.922250417890043916e-02,3.591697592224607494e-03,6.224218196204865661e-02,-4.171700579295278821e-02,-3.230042529617119500e-03,4.043938111620121525e-03,3.135834147242233701e-03,-7.847193153926439874e-03,-3.776839021196269283e-03,-2.993979981373907397e-03,-1.918937774959950712e-03,9.206668352833656923e-04,-1.491474606499168661e-04,-1.556307681265584248e-04,2.604445321365088232e-04,2.751573048441784326e-04,-5.767806837537147163e-05,4.309129127245509244e-04,6.393391898936094620e-04,-4.854168881459674579e-05,1.609980854858618577e-04,2.487984637102889159e-04,6.873214023639415777e-05
3.721958374001113623e-02,5.123564456035178266e-02,8.634899708094111170e-02,-1.952360269901912415e-01,-4.458661475353200565e-01,7.632333274970038994e-01,-3.639057752656610356e-01,6.191725889993172915e-02,-1.410540113972092169e-01,-5.030454220735484927e-02,3.297775150934215138e-02,8.815837665222092667e-02,-1.214986105475038096e-02,-2.619177827677617292e-03,-1.237969553510891163e-02,2.535054084356060458e-02,-1.107353038160325404e-02,-1.671712400461519699e-02,-2.108415722008372996e-03,8.101472522794812836e-03,1.046836202512923739e-02,2.247192319316328873e-03,-2.044350084615688921e-03,-1.529913892413199260e-03,8.126665208286389802e-04,-1.228358364800404218e-03,-2.568762482846300094e-04,8.830240627598471724e-04,-6.869604447081724364e-04,-2.351332710467404178e-04
5.297640527426328294e-01,8.365320200422537988e-01,1.165931368003848417e-01,1.952871531555960480e-02,5.166341251867673928e-02,-4.996874102603078571e-02,1.961599799563677402e-02,-1.866260407615291195e-04,3.382641748501694252e-03,7.790837854951296283e-04,-4.758463369698288578e-03,1.739571782400356178e-03,-2.992792437357258894e-04,-4.030304568526712756e-04,-2.248127914186108913e-04,1.656342288109324747e-04,1.037224298108166789e-04,7.482696261056152442e-05,-1.016029167334871978e-04,9.720382262975006964e-05,-3.784694392193189939e-05,-6.647068174619391384e-05,-2.045429608868340501e-05,-1.163855485766550604e-05,1.345641898148151172e-06,9.508817785420262968e-06,-1.470905774225776583e-06,-2.406842201126383228e-05,2.240195504518101207e-06,2.460797360931127190e-05
2.520580354533454729e-06,-2.494075992347789908e-05,-1.062464748491673505e-04,-2.157421137364180926e-05,-6.540844156202802514e-04,4.844652933936525302e-04,-1.824750296059800573e-03,1.886814078515276641e-03,-1.366982273138937429e-02,-3.874746379315816263e-03,-3.053851197856016775e-02,5.283087713612151515e-02,-7.403381279462825822e-04,3.034520667038423034e-02,6.683291971870349013e-02,-2.295724419337684119e-01,-2.275345782504371028e-01,2.410340450595918060e-01,2.168484721470770593e-01,1.437831291753286812e-02,-2.480194327054470113e-02,-1.261215100156004298e-01,-6.588520348409885319e-01,-5.379731115643012762e-01,-1.239696391624380140e-01,1.086794462978550591e-01,9.461693920991666798e-03,-7.942743179128695930e-02,-2.841638172198608647e-02,-8.042182755076776601e-02
4.171787243179397018e-05,-7.469315492057666339e-05,-1.528093840766425943e-04,-1.876339578239371621e-03,-3.925117372864585230e-03,2.408655773439349456e-03,-2.167027273127259280e-03,1.299372084596135159e-02,-8.101263343097493685e-02,-1.979092947791637191e-02,-1.111659984421998898e-01,1.042696499420128625e-01,7.668130628849229025e-02,-5.594674529996930545e-02,6.289575522583622236e-02,-1.781782827704931627e-01,1.742070784689504215e-01,3.914863713303802784e-01,1.287764654496985905e-01,6.403659299480639333e-02,-7.322500141129650864e-01,-3.199169336177660194e-01,2.158661783352648078e-01,1.195269131873456236e-01,1.642300981608331087e-02,2.636291287595497052e-02,7.559691815605388242e-03,-1.172679488796548319e-01,7.208340828996004368e-02,-3.490387590582619964e-02
8.441671581351553036e-05,-4.542682075402560058e-06,-2.723767337799691958e-04,-2.582207256258494885e-03,-3.547406015886741051e-03,1.415671693834816280e-03,-2.765743044499128968e-03,1.208280799060224876e-02,-9.483444880311207859e-02,-2.693648472334441574e-02,-1.568816365350194364e-01,8.891757282273222290e-03,-2.284422923476361333e-01,1.679351975750386639e-01,1.121599946439602036e-01,-1.734345025447716904e-01,4.042098788296420997e-01,2.521590179861495362e-01,-1.584251857194772864e-02,-6.495297862512849907e-01,2.193744214819230154e-01,8.451274069085333573e-02,2.285326842383998691e-01,-2.321478829445703940e-01,-1.641323926776142861e-01,5.833410309273715649e-02,-1.681942808140214326e-03,-2.505853712296384969e-02,2.319108211716830112e-02,1.895970391000057625e-02
4.910701004525164757e-05,3.111017141623392717e-06,-8.060595054223192602e-05,-7.483308345117358233e-04,-1.688655668171041993e-03,1.204753039951579185e-03,-1.547097886824268850e-03,6.180998113781305606e-03,-2.822589460789596758e-02,-1.142127224897758128e-02,-5.619484379151609699e-02,6.258993568495593851e-02,-5.282319888441659728e-02,7.081495235170850999e-02,1.032984385313390208e-01,-3.031633648599211805e-01,8.182880620572939578e-02,4.663082956789163340e-03,-7.149303811997438640e-02,-2.894753202684419158e-01,-2.733656467628401820e-03,3.682833860210298071e-02,-5.182194983835656243e-01,5.892030728798326455e-01,3.914782649882115884e-01,-1.049361419470009049e-01,-2.838480796681451383e-04,5.195967347805983960e-02,-1.594775941454534482e-02,4.058219103911270970e-02
6.534327128470786416e-06,-4.529864192203074782e-05,-1.039039771923119023e-04,-5.335866939780947813e-04,-1.427876703223864355e-03,6.985182227108033270e-04,-1.197012653138925659e-03,8.691993713665295551e-03,-2.147437142282887859e-02,-5.282927848602948090e-03,-5.779712482459575112e-02,5.220936154829725756e-02,1.649194100330618751e-01,3.308371757637934008e-01,9.932836536085282164e-02,-1.101135861530299631e-01,-1.089718629712549056e-02,4.702261931793711991e-01,-6.613362758893374105e-01,3.608366003700356761e-01,1.913325736558500467e-01,4.372664208537262870e-02,7.294682301633362634e-03,1.810336432406226687e-02,-6.145868018493143986e-02,-5.530933146955318430e-02,-3.945569756710193103e-03,1.228981854476675351e-02,4.198615609990529601e-03,-4.967048746574548009e-04
-3.122794847796319423e-06,-2.048689904745931963e-05,-7.002398752298430158e-05,-8.075931651769683531e-05,-3.070805280650084354e-04,9.847810978489664267e-05,-1.732663605117926370e-04,2.594401247342600914e-03,-1.174246378241930629e-02,-3.533898499884714946e-03,-1.722964164266000894e-02,1.828442100740523824e-02,9.219235416223997212e-03,-8.120619519779053927e-03,5.181933020377003582e-03,-3.526994015628640011e-02,1.168440245230369101e-02,9.810225354356932881e-02,5.556418472297970645e-02,1.831414927160101083e-02,-1.875110128666258869e-01,1.849068045676312555e-01,1.718176109389372985e-02,-7.606056281659041851e-02,-3.500772142981849189e-02,8.403946835562793247e-03,-2.468025151709881543e-02,6.958452650841672193e-01,-5.968080720411593765e-01,2.586297098414344076e-01
3.445185809040225678e-04,4.054929411054665868e-04,-6.712935864344455120e-03,-2.247149190211386073e-03,-3.096997396381273495e-03,1.021368888151478853e-02,1.407329554065639247e-02,7.449641152092792429e-02,8.112490858255320958e-02,-4.361778209249393690e-02,-9.887442844082738880e-02,8.347316991009499920e-02,-1.642210011780428219e-02,-9.833750073572825046e-02,9.475274128585099431e-01,2.091080798502567006e-01,-3.189837997069835257e-02,-1.088594491359255317e-01,1.991138080054550424e-02,5.293898854084830297e-02,-3.844067176999345792e-03,8.000441404676168072e-03,1.929435376103088434e-02,-2.192058798719567769e-02,7.102274703668486761e-03,-1.393773585031047625e-02,-4.721043722402026507e-03,1.009284948145995446e-02,3.999494226413083733e-03,-1.610029171384110046e-03
-6.411329831845954919e-05,5.068194242020643584e-04,-5.643492160234390813e-03,-4.117039984848262779e-02,1.927196991727874939e-02,2.073790298800060050e-02,-5.366389235667211322e-02,5.536979189744833940e-01,1.465138747791807361e-01,7.754947524151116767e-01,-2.497984209819048007e-01,-1.483294005446841868e-02,2.735697426838332082e-03,-2.507097073826001533e-03,-4.465132449797157288e-02,-9.718174886530487472e-03,-1.388129974229238700e-02,-1.276288408176422598e-02,-1.445761986445444369e-04,-2.670143580117648619e-03,-2.188195768804596358e-03,1.376946788789751817e-03,3.942014645637465127e-03,-2.037087921108868358e-03,5.605712916140220652e-03,2.655337240986184368e-03,-2.137940174887040137e-04,4.766931034767413200e-04,1.529868212708389514e-03,6.156016174781020868e-04
2.428427764264699199e-03,4.100463413823639790e-03,-4.909448360714185888e-02,-2.975639991729650893e-02,-5.048084781441283114e-02,-3.057688578517714362e-02,1.767461398639253445e-01,7.967408881260751308e-01,8.814983060443802587e-02,-5.490422258445348813e-01,9.241232759604382785e-02,-4.916069134940649621e-02,1.699632660651859487e-02,6.922203756514598398e-03,-7.734895453372489516e-02,-2.003958023642928368e-02,-6.213385302782556061e-03,1.015648199740279249e-02,1.406301313092830950e-03,-1.018530618379719956e-02,1.693752693803973232e-03,-7.492137218632595810e-04,4.038456384070338414e-04,1.440098364758921100e-03,-1.359114193558394381e-03,2.508667047503912711e-03,1.050487559123976841e-03,-3.829111455042300233e-04,6.179694335754621053e-04,-2.085326933227602594e-03
5.702575348844959868e-02,1.099792522810202622e-01,-9.839271441994753564e-01,-7.572283301420229540e-02,-8.148213383965030587e-02,2.482174301879183295e-02,-2.962527085243632508e-02,-4.676360357086560560e-02,-2.677948603548158807e-03,2.174942932735223627e-02,-2.531848718583654448e-04,-2.753867088402854276e-04,-1.598060675688003755e-04,5.789210874019932312e-04,-2.210403187574128212e-03,-5.177987224816179125e-04,3.758487086106710329e-04,1.166907220646257382e-04,-1.209281744369111961e-04,1.414815657092619017e-04,-1.281822943131074005e-04,7.190852218265722856e-06,-1.068173291383723634e-04,9.840575809713738339e-05,5.224546785489771205e-05,1.644982573755140247e-05,-1.572025715465826348e-05,-3.515909345595221228e-05,-6.255148771356139532e-05,8.613108905722964147e-05
-1.167384861000622641e-06,2.587760535327623147e-06,-4.674710236303989043e-05,-5.554161547015434283e-06,6.533424652962154097e-05,2.072360662345492505e-04,2.605322868198595349e-04,1.506847480767915023e-03,-1.384953362543630499e-03,1.711742577152600706e-03,-4.659528433637414625e-03,4.085830855089588043e-03,-4.751518618280610451e-03,-3.008550102990448661e-03,1.281333604499722972e-02,-3.248650726863655525e-02,1.121335261337852614e-02,3.406736095586924973e-02,7.460317201864648251e-02,2.132242985118453296e-02,9.806037803445603884e-02,1.062699606599349375e-03,8.153663412083990425e-02,9.611639239754270203e-02,-4.068365344239294190e-03,-1.553894568683057420e-01,1.289997743044318454e-02,-4.069801186768678969e-01,-7.209883851387716147e-01,-5.060702604755975553e-01
6.193011954447483899e-06,4.140415459127317157e-06,-8.087610109825359161e-05,-7.067690775328219549e-04,-9.087107883891051580e-04,1.286792809898817426e-03,2.108713207404431644e-04,8.553778022580142346e-03,-2.496255877739865514e-02,-1.738217109612603950e-03,-3.969619692851475423e-02,-3.275599800388474814e-02,2.472411944241655057e-02,-6.451975189685107970e-02,3.319346079236038666e-03,6.971971265436106846e-02,4.075474068867366850e-01,5.692913881672724552e-02,1.903850466168262867e-01,2.681431958855757247e-01,1.658304266564406826e-01,5.261372888330411585e-02,-1.953921288865509975e-01,3.373584262483145246e-01,-3.967922291723834372e-01,5.934853193856646225e-01,-1.234461376658796128e-01,-2.963390117122608261e-02,-3.755721928651679919e-02,8.162636297375389094e-03
1.089714550527679050e-05,2.425153504617269656e-05,-1.202486688581921713e-04,-8.373913762222827580e-04,-9.187205805486194175e-04,1.640803968354197532e-03,6.236791540262477326e-04,9.588221371032160795e-03,-3.219788029520004313e-02,-8.840453566796815932e-03,-5.471496682934329225e-02,-7.392959637693641284e-02,-1.065194282233954959e-01,9.753771862534055953e-03,-2.427433157878475245e-02,7.189651225292095771e-02,5.575746942032935305e-01,1.074420521487873120e-01,2.792464901405638522e-01,3.919120844654880864e-01,1.760515767421776678e-01,2.136811326359063998e-02,-5.701987473261026229e-02,-2.136275425462942634e-01,4.315467869421178437e-01,-3.114187138104944630e-01,1.719217492696685848e-02,1.478190244644662088e-01,1.191473820900127017e-01,-1.386623041323239436e-01
3.862486371054380869e-06,7.490344286772209464e-06,-3.437834983216642452e-05,-1.533518090022611264e-04,-3.678682297162435676e-04,7.403484044930179041e-04,4.332603507275101674e-04,4.179244835677922189e-03,-4.202918009849656612e-03,-2.628998066192749644e-03,-7.079442183586715301e-03,-4.533790210791791356e-03,-1.387260106261761251e-02,-1.935120490834355608e-03,8.375690672684007326e-03,-6.542415132788549637e-02,1.159179316010376104e-01,-3.991224246362434780e-02,5.357174099834328962e-02,1.239846315507613234e-01,4.440489792846592787e-02,-9.605844089474147376e-03,-1.410240196751372764e-02,-7.071195070904422175e-02,4.441179459660709455e-02,-1.538837725876299189e-01,-7.277035174909379789e-02,-4.945713248187496025e-01,-2.361043519756290954e-01,7.896266940529077516e-01
-8.034546557363026160e-07,1.426701161962197953e-05,-1.091386597021217310e-04,-6.339374605850465550e-05,-6.740710102763252190e-05,1.174604632888185128e-04,3.853982597725006147e-04,4.433287520659480105e-03,-2.484308320872913919e-03,3.602833480058763738e-03,-9.843427242655135648e-03,4.163744515376592570e-03,5.263411674741468732e-02,6.135503453215532255e-02,-3.063403843894985708e-03,3.046228178525359209e-02,8.901487761111077923e-02,-3.940369704164260051e-02,1.249846998729467057e-01,-3.112696563258692591e-03,2.030414194623859046e-03,-1.041607730878196525e-01,-1.535944538524300906e-01,1.905633493655266297e-01,-6.502397732064542080e-01,-6.709710593598285922e-01,-1.191312450481177114e-02,1.122773262063514604e-01,1.036625555641099289e-01,-5.336658810777783436e-04
1.182465277971776515e-07,5.218171821847140548e-07,-2.099649849174982849e-05,-5.553047640400738110e-05,-8.800670511488422980e-05,2.886398191207112406e-04,4.472762800984179618e-05,1.121710479672376626e-03,-2.964072150744229920e-03,1.951177777051268556e-04,-5.335205271745596493e-03,8.408158936800751116e-04,5.192962965418780044e-04,-7.887176029642478658e-03,4.907505159541187927e-03,6.275071935255211938e-03,4.599752215888984475e-02,1.415006738879205986e-02,2.935717125990467205e-02,4.122302893347523645e-02,-8.451312209854133090e-03,1.099721942487474208e-01,-2.586026615068788559e-02,4.347135328629121720e-02,-6.810771487774797128e-02,5.166906766882559815e-02,9.832002180555614590e-01,-3.762389002706857666e-02,-1.248910845136294578e-02,6.834586584809941578e-02
7.486652451476076900e-03,-2.653043865551686642e-03,1.300571696615630650e-02,-3.206516959931644123e-02,-6.626221630323698986e-02,6.238171241560245411e-02,-6.816335737480103130e-02,-1.592766556194029903e-01,7.929460428913908121e-01,-2.030151840939981300e-01,-4.865810143586229986e-01,1.792232240448303204e-01,-2.664915129116562226e-02,-3.788047106903368738e-02,-1.367921601288389633e-01,1.511148246693503130e-02,1.356944804204734262e-02,9.707112621356022569e-03,-1.089809854161946472e-02,-2.914020547234917342e-03,7.373197600582406461e-03,-4.837460890934488535e-03,-1.974763741601104350e-03,-1.425947986994100490e-03,-1.548959178757824007e-03,6.730458496322234269e-05,1.253596458585137959e-04,-1.171175812012623585e-03,-1.140485417132507031e-03,1.234969229951994769e-03
3.090045385321030756e-03,-1.259253599672876742e-02,3.466330560906796809e-02,-7.535117898288737903e-01,3.278638271373644497e-01,-2.546873704820035722e-01,-4.978134362635028842e-01,3.545659638949826692e-02,-1.052849268116090933e-02,-8.240306656249718475e-02,4.885840617255739204e-02,5.337666627035229754e-03,-2.553983275872927488e-03,-1.309140658877879860e-03,8.250482751876364942e-03,2.445026392347162889e-03,3.037988374711415255e-03,2.146660180403712256e-03,-5.535195213496387368e-04,4.754003708098447525e-04,-1.595962926364629351e-04,-2.663878186225557385e-04,-5.974463368640119034e-04,6.273987852643353675e-05,-5.645761529613678659e-04,-5.484751871803510625e-04,4.346709137462715289e-05,-1.190134035315117340e-04,-2.868703771347559293e-04,-6.774914616048375877e-05
5.143397313412986088e-02,-1.871862945847514378e-02,8.004933424326725333e-02,-3.636776551421972981e-01,-7.753496056454525220e-01,-4.281874809181825392e-01,2.475860641101856052e-01,-7.022480200763157876e-02,-8.809908887929538898e-03,8.505857073535365298e-02,1.116442725531758065e-02,-6.005912749913873590e-03,-3.253443327473445022e-03,1.112908758378079645e-03,1.017179957656260368e-02,-1.013206272513352896e-04,4.025504657916060235e-04,1.313651425504471599e-03,6.856053127532275512e-04,7.877789676627110736e-04,-9.756878266193052705e-04,3.921624897869781094e-04,-3.297892731308405185e-04,2.145625697637177699e-04,1.209019907826862545e-04,-1.607467606181310290e-04,-6.979190817586333891e-05,4.854415880600440969e-06,-2.731722812168785322e-05,2.004282224480090412e-04
8.437777838659619167e-01,-5.337540993615134122e-01,-1.561584609088130689e-02,2.827102191629326730e-02,3.910927756316884274e-02,2.082185290607069597e-02,-9.044875084992284875e-03,4.535442444500329545e-03,-4.926679497788200197e-03,-1.716627024363213353e-03,2.932378433480248032e-03,-9.817204520399587953e-04,2.863025434663663080e-04,2.054751528738655512e-04,3.269751672942683559e-04,-9.557867149656379630e-05,-8.729823376438473816e-05,-1.009589826748680231e-04,3.742453249185783088e-05,-1.964952459565798116e-05,1.280919547537080255e-06,1.453018628312609073e-05,1.844601669670468025e-05,-2.417442545869575453e-06,8.437743026800634098e-07,2.959564036846756380e-06,2.376206551746281293e-06,5.408731234064005194e-06,8.589429616971294530e-06,-1.655585522626478945e-05
2.869413440592148082e-06,-1.010399825217684185e-04,-3.479493860113192888e-05,-3.949259362899888086e-04,-5.930785922676254894e-04,-1.978300653535173138e-03,-4.203953975508677166e-03,-4.588253834887542383e-03,-2.080014457873308534e-02,-1.201592881780502546e-02,-5.272483676904284045e-02,6.161873664426440605e-02,-6.557732568494314268e-03,2.410333459144853308e-02,7.390285271318997040e-02,-3.756152949765692584e-01,-4.132669092038767089e-01,2.770050050321485324e-01,4.962865861343135343e-01,1.395805994796890381e-01,3.874345311175927398e-01,7.724824960564933944e-03,3.309353454211365064e-01,2.192758269984415032e-01,3.479582497851553546e-02,-1.077494289163574530e-02,5.903541311209105358e-04,8.514913642714067032e-02,1.044130665614528414e-01,7.128259626758756684e-02
1.088989211733683109e-04,-4.456223347306909294e-04,7.446208853340583259e-04,-7.813036065626666193e-03,-9.794279500656852266e-03,-1.004225171867499482e-02,-1.593835387707397827e-02,-1.337422060575871492e-02,-2.385560863682797128e-01,-8.930444779538643241e-02,-4.134770316130416679e-01,-2.358230385697495657e-01,6.183805354264936271e-01,-5.119275186867833227e-01,-2.414948806809392307e-02,-5.805121107749874887e-02,3.460191178478179419e-02,1.540328438644252007e-02,-8.278076055736621752e-02,-1.228387003142555056e-01,1.624239275076866107e-01,-3.505158444127170342e-02,-1.004417644955946272e-02,-5.644910233448999920e-02,4.082368373543408119e-02,-5.113076006301032345e-02,1.255107784813697634e-02,2.528173097847221523e-02,-4.439618703298270526e-03,7.722186017901474381e-03
1.776209630270852925e-04,-3.958363453065758637e-04,8.714401515632227112e-04,-9.209681154506405010e-03,-9.781240433800955300e-03,-8.502042661676798008e-03,-2.112904682901008135e-02,-1.429384101320826418e-02,-2.717260283834825318e-01,-1.300219203192057860e-01,-5.556601162878909150e-01,-5.090408337084856294e-01,-4.326429863465466319e-01,2.143581452127520937e-01,-2.925334059919561594e-02,1.585128340393808510e-01,-2.170188499255516767e-01,-4.012068574775046886e-02,-1.073063962577499794e-02,1.079400369977583096e-01,-1.031033843116674897e-01,-4.449358428185667957e-02,-3.792017278415382026e-02,7.381253014936040024e-02,-1.814757658867457296e-02,1.765970685202125981e-02,3.309552283405986723e-04,-1.254855469349925277e-02,-2.138729303129505155e-02,1.171134010072218817e-02
7.772684030536964694e-05,-1.071773836762472069e-04,3.039630130089875809e-04,-1.919686911808534150e-03,-3.776848661482314420e-03,-2.623352722929889799e-03,-5.711495655271189333e-03,-2.386461550460209410e-03,-5.096261169986725237e-02,-3.544363854539261949e-02,-1.120862393258273693e-01,2.207439453253727882e-02,-3.700234285545030838e-02,7.234131162609908072e-02,7.472314613537497929e-02,-7.004973560725750170e-01,1.416358530768122015e-01,-5.701515868992850233e-01,-1.308025166185597665e-01,2.308113544678726259e-01,-8.225144321450626739e-02,2.769541803472252983e-02,1.124908420319646468e-01,-1.382971947717232253e-01,-1.091872894534265254e-01,4.642250484249461906e-02,3.481725137460495428e-03,4.194225761343454983e-02,1.933296965237860099e-02,-9.538787626003580877e-02
2.124382755160280910e-05,-2.218028349724356497e-04,4.230862885348086024e-04,-1.444623044022566756e-03,-2.714930046715327734e-03,-7.911116413062921696e-03,-7.805468053228630139e-03,-8.642356739734523979e-03,-3.924884646735238292e-02,-2.877883725067998180e-02,-1.294277932781804918e-01,3.733467026550357087e-02,5.513003023254441359e-01,7.168428028153389642e-01,1.362543805290183409e-02,1.563896319673880042e-01,2.528466071308843599e-02,-1.916773515464849365e-01,2.676854754197757758e-01,-9.420284696673802971e-02,-5.662806586569980871e-02,4.556797865311939741e-03,1.604149783254655431e-02,-2.411250761984635310e-02,8.975398199883345696e-02,7.913552303500751006e-02,2.583534563558507330e-03,-1.780006797678205036e-02,-1.463826989573953179e-02,2.744099094800795096e-03
1.716244023228195655e-06,-6.872073031755226188e-05,8.710423183993697965e-06,-6.641220126650179689e-04,-8.631482699993267126e-04,-1.073154640474339354e-03,-2.215197703854714876e-03,-1.087612673026548508e-03,-2.929652074956624885e-02,-1.336229375875892106e-02,-5.552249680453256314e-02,-2.304849050521758959e-03,4.999195983052179271e-02,-5.153295564579853799e-02,-2.974947239053387250e-03,-3.148851622387551646e-02,-5.396940595923797879e-02,1.101846341986106037e-01,8.970025387571660402e-02,3.913168753999655275e-02,-2.674933008170184978e-01,8.981618685260326362e-01,-3.058714714088306766e-02,-1.506100744555462397e-02,-5.239606287131614443e-02,-9.121555571478133506e-02,-1.058350651994581226e-01,-1.871971312897604267e-01,1.513987349038262153e-01,-7.375522026560982214e-02
