-5.100795041584038278e-03,-1.000444210881619271e-02,5.102166653711895372e-03,3.474500832650512239e-02,3.643567260111760242e-02,1.562201824440714037e-01,-4.969988561056480625e-03,-1.420405032333653950e-01,3.681163288240585918e-01,3.046833559980922229e-02,3.713235022482859193e-01,7.452307200335858139e-01,2.457563743537004297e-01,7.586800836654494784e-02,-1.242176355660649240e-01,1.451542699724555907e-01,-1.656653086570519795e-02,9.060079306154383838e-02,3.659784237776237542e-02,6.664087111213290449e-02,-7.110464134990612806e-02,1.884483577620309561e-02,5.821175734801155299e-03,-2.338053399727077486e-02,-6.693114745202854293e-03,4.995967298116095641e-03,-1.688083146549162507e-03,2.211832855917607137e-03,-5.988714170951871599e-03,1.545026793615391573e-04
-1.897174995088774570e-03,-1.041353674456995098e-03,1.036375775707617901e-02,3.664912599325798048e-01,-4.518975025327502948e-01,9.172430073516092686e-02,8.038390479575475700e-01,2.518594468280022265e-03,1.537352515206386917e-02,7.292491438384852975e-02,-3.375259915582434073e-02,-3.689025949687607924e-03,4.320728509937607140e-03,2.025422724055087834e-03,5.222312506295775925e-03,3.247816187298443839e-03,2.641071835441148596e-03,1.794872480045676044e-03,1.647944937334829473e-03,-9.877461865252406322e-04,7.367101074101492552e-04,-5.014658497728879992e-04,-6.518584215900139357e-04,1.912017292482872733e-04,-6.655213056170697101e-04,-6.117514768009150528e-04,-7.622753521941024162e-05,5.720179111658788538e-05,-2.176904003453073859e-05,-9.479949080412399822e-05
-3.520196892872512473e-02,-6.951989198299569905e-02,1.410125428119942542e-02,3.308845022065210473e-01,3.121200914960605699e-01,8.505777237098521848e-01,-6.662038243750434408e-02,1.406059982548499843e-01,-1.705710746548268486e-01,-3.585751127983830694e-02,7.351875546019311265e-03,-8.355715167517897835e-02,-2.577415750588394824e-02,-2.776526080798738440e-03,5.792920238709402085e-03,-2.185229191540890084e-02,7.275478588697571747e-03,-1.465227903343283358e-02,-3.198737272105648451e-03,-9.494061112489793341e-03,1.168937582351673408e-02,-4.611296706614790956e-03,-5.606887254744348081e-04,2.548472781605685099e-03,7.170416903575117925e-04,-7.437358226555860477e-04,4.697080006763271003e-04,-3.385071342627150306e-04,9.160656339677088200e-04,-7.243281294221339201e-04
-5.145477828505049533e-01,-8.527234920720558886e-01,-2.822074682781414851e-02,-4.449843010898339724e-02,-4.859084942141778107e-02,-5.314893808867536540e-02,-3.200521195309728034e-03,-9.193507576255212019e-03,5.309525685124875070e-03,4.396559888439398951e-04,-3.853063543246203117e-03,-1.411208824696556872e-03,-3.286999505663239555e-04,-4.609329252521435628e-04,6.650207016068378392e-04,-2.106193548832455833e-05,-1.918195680408370794e-04,5.088026638694119968e-05,-1.148645349576338313e-04,-8.713116524306310524e-05,-5.240284645153182235e-05,8.746969294053704835e-05,-3.724112169094849441e-05,3.174162400218080504e-05,2.828579092713221009e-05,-8.221708430184887674e-06,-1.228245065529100153e-05,9.841493749861415789e-07,8.933853818806382462e-07,3.262058142436184509e-05
-4.283643460266762491e-06,2.708356948238587456e-05,-7.483611926105624410e-05,3.795449054798399760e-04,4.998932320831274076e-04,-5.113111627005874566e-04,-2.607749416870014120e-03,3.746128688236088390e-03,-1.045266424840136411e-02,-3.630019818455637419e-03,-2.453127158537289979e-02,-4.197614299508027613e-02,-1.884063437656271957e-04,2.015825532143870891e-02,-6.524233118152959754e-02,1.930409988504614982e-01,1.692163551868116345e-01,2.826437210358422325e-01,2.318868218490122146e-01,-1.034507829422976199e-01,-1.098500207156885046e-02,1.022064412979448444e-01,-1.669757192802664436e-01,5.955327649082013952e-01,5.701330252786971364e-01,-2.105500767713878174e-01,1.344082635574669719e-02,-1.136979361292250190e-01,-3.873314776314991381e-02,7.396737541615371059e-02
-4.169677882176152627e-05,-2.593885601833067686e-05,-4.100665203638691279e-04,2.909043046148060679e-03,2.140294395537322997e-03,-2.509228342652294625e-03,-2.442166825574592585e-03,2.501294269542457538e-02,-6.286776371802836605e-02,-1.468635723547284840e-02,-1.115401727724907865e-01,-1.034326735664762159e-01,7.507125557917961045e-02,-5.017757094099033199e-02,-1.171589012854752365e-01,1.833258549724290365e-01,-1.632578929368942167e-01,2.890576589456962942e-01,6.965621708446820270e-02,-1.099635107625981933e-01,-7.540350685014544085e-01,3.553136633912951092e-01,-1.176311911463045895e-01,-1.963058782973911010e-01,-1.555979428098989703e-01,-4.881223214127894741e-03,-3.119726941607668322e-02,5.864163997405832766e-03,-1.021815312540704790e-01,8.080077743076764796e-02
-7.570197659435135267e-05,-7.637988933058377972e-05,-6.307955981373736904e-04,3.253858341871615316e-03,1.685428987936195408e-03,-5.211919307922052193e-03,-3.373658437633039048e-03,3.347768576321156347e-02,-8.500242842119783149e-02,-3.674961932868885030e-03,-1.894659079080927566e-01,4.916978088600425234e-02,-2.290518199065305904e-01,7.268592945131491234e-02,-1.657952588680977057e-01,2.451555945615677412e-01,-3.653326593288989121e-01,1.823464773365224834e-01,1.390228018795826026e-01,6.848744529689372307e-01,1.517183467719225298e-01,-7.763500399320272249e-02,-4.394309444618677701e-02,-2.589213545486969137e-01,2.092008929448246901e-01,-8.826403757505740799e-02,8.239146372904796595e-03,3.990571008492194843e-03,-1.315625357231290683e-02,5.484270907060735667e-02
-4.692001808558782136e-05,-5.544019118985797661e-05,-2.301857866442844807e-04,1.235167601642844825e-03,8.906201990467083225e-04,-1.004388570666595731e-03,-2.177909393552758532e-03,1.012325603272257700e-02,-2.339290927941948747e-02,-3.716212505825498662e-03,-5.452265587423740789e-02,-4.944762055204372786e-02,-2.776292845933396591e-02,6.457497363393804174e-03,-8.812449260151275499e-02,3.170732380214134616e-01,3.700823788658930830e-02,8.279027415983150270e-03,5.662424609644905842e-03,3.113259495702497825e-01,-4.267229406649534346e-02,1.422145874913992476e-02,2.867727038283904295e-01,6.000047343075533002e-01,-5.260685865277120454e-01,2.418185723292620715e-01,-8.961075276487722244e-03,2.118686061179527597e-02,2.049948536115073564e-02,-7.721027868054276821e-02
-7.120465915458459943e-06,1.987423834533759334e-05,-3.864281779693112383e-04,9.926191366042603787e-04,9.043079084164436579e-04,-2.092787419185293280e-03,-2.070809750629021891e-03,8.133995759272696566e-03,-1.682756340140190154e-02,-3.612147219378573915e-03,-5.127053831285997842e-02,-6.069645100953461464e-02,6.843873597867379532e-02,3.297586413672525807e-01,-1.328270093767954796e-01,1.606707030553479743e-01,-6.066396803257750880e-02,4.468632395336303853e-01,-7.513730195067108708e-01,-1.594560984428371464e-01,1.746548274748509488e-01,-4.776015402318519593e-02,-2.900633427946335691e-02,-8.455930264800719937e-03,3.435732435657785910e-02,8.381617131673729792e-02,-2.156739769387773075e-03,1.280252309818989687e-02,-5.175190646773385368e-03,-3.127145973168451304e-02
2.707919620139836632e-06,1.459459589682678752e-05,-8.203308618427331944e-05,1.640133914127383922e-04,1.454407804505001146e-04,-8.258275536591122698e-04,-4.616746771397119489e-04,4.719187944190487635e-03,-8.384432317173402816e-03,-2.891394892920704646e-03,-1.858598686606281747e-02,-1.484712674675806032e-02,7.024952205792038898e-03,-4.949596378240144617e-03,-1.464635442926590266e-02,3.404530575075893906e-02,-4.051222515183573042e-02,8.062865740575925200e-02,5.884764236175069052e-02,-3.214697836207306564e-02,-1.965357335680152917e-01,-1.674174528046223631e-01,-4.983395227005776862e-04,-2.067656588368240941e-02,1.108159300132103148e-01,1.762058244315424863e-02,1.271221445836426267e-01,5.173656965554865317e-02,7.741282381875919105e-01,-5.361543990976777030e-01
-2.864488003023977765e-04,3.572083169917244540e-04,-8.724206912616576035e-03,2.632440722339215999e-03,1.788023018936697988e-04,-2.552121954156958382e-03,5.596842625608342350e-03,2.879391821268855248e-02,6.801416709971327967e-02,-6.433608088622662369e-02,-1.172103902257127656e-01,-2.335019838779707479e-02,-8.115492127602806638e-02,1.210711868483064016e-02,-9.173326453519055068e-01,-2.255761815687361282e-01,2.123316514830534685e-01,-1.640759339295614905e-01,1.220045832391215314e-02,-4.773355524654564891e-02,-1.582000423244949924e-02,-2.487333838630731084e-02,2.537966586278016939e-02,-2.240524494055200558e-02,1.779198304331052177e-03,-1.495714339723876705e-02,7.481706747494197042e-03,1.138581172867236466e-02,4.565990116135035855e-04,-4.894644230721608563e-03
8.291036125852326282e-05,-6.856525512691652186e-04,-1.422085306684230457e-02,1.814475094170203001e-02,-5.161400215355586157e-02,-2.159278009829733967e-03,-1.105008678208589945e-01,6.436434841094330617e-01,3.685269239968997357e-01,6.433119792363247713e-01,-1.389725229290930675e-01,-1.800253322898987332e-02,2.079137929628664325e-02,9.966226202515729351e-04,2.046588672779899032e-02,1.653448713088739169e-03,7.223434229415931496e-03,-2.692171581135545649e-03,4.434192450180940263e-03,-5.555090589106696959e-03,5.998744349378671041e-04,-5.661030351539601303e-04,-2.031150672827750341e-03,-1.635313090335946623e-03,-3.719061486539640676e-03,-5.087684306237206903e-03,6.705885179593336918e-05,-3.264301654647667832e-05,-3.896296689419651406e-04,5.556264061010750998e-05
-2.082817286520092202e-03,3.563864110073905966e-04,-6.475216512096197696e-02,4.314289303840937451e-02,1.879805695678087724e-02,-1.275498950659611497e-01,6.968972193298883511e-02,6.688768340777245802e-01,1.125791836719119282e-01,-7.019797143055871436e-01,9.977998266164481156e-02,7.415969483639474336e-02,1.706647695459493838e-02,1.222204824383201632e-03,5.724418578926740442e-02,1.560522415612187151e-02,1.810381711806425013e-03,1.415179302674226397e-02,-2.032039733457495934e-03,9.952503608714403233e-03,3.494055362114371292e-03,7.830984108383327305e-04,-4.376189298543326292e-03,-1.957722880960867092e-04,-1.828908576386447217e-03,5.698996723506511873e-04,-3.533567962762983530e-04,-1.580837437526896091e-03,-1.424012241284955665e-03,-7.896016122271346752e-04
-4.757161087659059207e-02,5.977431200838794617e-02,-9.919772620189752921e-01,6.154797988196796660e-02,-2.421527904826904776e-02,1.062018284064481823e-02,-3.284803793787741816e-02,-5.849572255231109269e-02,-9.667293223175067382e-03,3.198673925022078174e-02,-3.362014431321891372e-03,-2.461049234152159777e-03,3.434715645924285598e-04,-3.024305746014673349e-04,4.473164169797517152e-03,8.521181512870472504e-04,-1.375897075432338168e-03,3.975271626534858447e-04,1.045859287985277962e-04,-2.896536733014021400e-05,-9.960009089710738161e-05,9.476467804476023369e-05,-6.277564722078539665e-05,1.029612021057953213e-04,5.726068472644143073e-05,4.295251489013068576e-05,-4.471205563868332547e-05,-2.061396850747920944e-05,5.423993591166912135e-05,2.399314293567931310e-05
8.500646417570709314e-07,2.887062422107946001e-06,-5.623614370501230124e-05,-2.480295071516118910e-05,-7.780713863582426517e-05,-1.831633076712606419e-04,1.070192259366059685e-05,9.933323265147381894e-04,-1.166482161808008551e-03,9.186854998831417744e-05,-3.134833230059497124e-03,-4.529294227052707913e-03,-2.524976773286280451e-04,-3.992609101565132760e-04,-1.453676814804097557e-02,2.019646042649698298e-02,4.744042198887495412e-03,3.210883658216286823e-02,2.504951394947143445e-02,-3.587168822185581724e-02,3.276347133250578914e-02,2.575493529163264128e-02,1.478096080913059718e-01,-1.047244589897320249e-01,-3.764474634979126516e-02,1.541608368761403780e-01,2.231156821968487414e-01,-9.050925726786450687e-01,1.671425948491983837e-01,1.993386993533463880e-01
-5.841588481638245402e-06,-1.519896062657014950e-05,-3.587026095717930755e-04,7.947791554987383581e-04,3.103338519510005626e-04,-1.355117010655609508e-03,8.389239849202320600e-04,1.149451153174163229e-02,-1.890927384485186630e-02,-5.838026476924797030e-03,-4.049745745188058216e-02,2.524330651793215904e-02,3.646334435731442974e-02,-2.735174842117215482e-02,-2.967563369218352912e-02,4.292685547736182008e-03,-3.043617730560868595e-01,-3.494307298686679525e-02,-2.343312646770717364e-02,-1.833920026793552371e-01,1.726678076172119981e-03,1.561736575054476772e-01,8.193189019871086609e-01,-4.567199499951034867e-04,1.848469654529302508e-01,-3.352522499777553788e-01,7.208153959591354076e-02,6.047927870774519321e-02,-8.291095974266092516e-02,-9.062506882817286669e-02
-6.029888552301590786e-06,-1.717228429702304777e-05,-5.766558855399023936e-04,8.607691951599064084e-04,2.774419374399554844e-04,-1.978208068591634072e-03,5.364558144684748270e-05,1.771408067150105278e-02,-3.119370515852493489e-02,-6.053852485550395221e-03,-9.547118041135560507e-02,1.437357747402380204e-01,-1.745457838713477261e-01,7.920422015128485149e-02,-1.140116462760095567e-01,3.256472775653833363e-02,-6.792889936363979420e-01,-9.864386303020532265e-02,1.997570365127189218e-01,-4.504879596167503109e-01,1.920300880295535695e-01,-5.284320168423571606e-02,-2.767753201525162132e-01,1.888371794994677388e-01,-1.555096370872305345e-01,1.210422814357685894e-01,3.097172950860360707e-02,-3.823360192618012465e-02,-6.046926894356777216e-02,-8.513261330102799007e-02
-3.478492459890820410e-06,-1.381724083090901259e-05,-1.783938160700396670e-04,2.075761339578144381e-04,1.579750482218351395e-04,5.359637463087921547e-05,1.809613037082646913e-04,3.923513847875473824e-03,-3.551683724412839534e-03,-2.617447917118268224e-03,-1.150288555770423611e-02,1.537963517934384620e-02,-1.154926762878142471e-02,3.025745157655699517e-03,-2.046289583094776030e-02,7.824779677887550022e-02,-8.111180649313505520e-02,-6.543575969336185016e-02,-1.906019052841074340e-02,-9.779223056587241225e-02,3.350118642928961304e-02,2.478466982474105199e-02,6.575032836161641414e-02,3.913400163807555232e-02,-1.323397072458331811e-02,7.154775564377329096e-03,-2.459312625520712267e-02,2.760707886814083856e-01,5.353494066441704113e-01,7.751697803848695001e-01
1.328863077658704589e-06,-9.565575461561831211e-06,-2.353439362031430309e-04,9.127140266167025652e-05,-2.178326583645456916e-05,-6.279494750614673113e-04,6.903078452306349701e-04,6.137638999184073102e-03,-9.808152545148702325e-04,2.242140172928429440e-04,-9.358062984785135707e-03,-1.323100584588700508e-02,2.990196241648485423e-02,8.324335254545717211e-02,7.452009411843930377e-03,-4.163639709913762726e-02,-3.424975532016335394e-02,-7.074721240654290033e-02,7.933858783172584306e-02,2.302436002195684325e-03,-5.013428220352369319e-02,1.584521751549305690e-01,1.884061389782600571e-01,-4.201957139342625547e-02,4.285829586519047663e-01,8.387854514653840798e-01,-3.159864162530316711e-02,1.362782572957978444e-01,-7.478793049440572716e-02,-1.777649250280820964e-02
1.429309292575612308e-07,-3.865555262420633403e-07,-5.832524497917034002e-05,4.820211030963044547e-05,1.828933492448104315e-05,-1.155503347280581407e-04,3.925194722438364706e-05,2.018860178003344195e-03,-2.152466036023851451e-03,-8.639391462561724121e-04,-6.292471260925152146e-03,2.767028366463130610e-03,-2.258418681666679150e-03,-4.606324957241418258e-03,-1.470873171376895806e-02,3.657893234596685996e-03,-5.179773934110317585e-02,2.334327852051507231e-03,1.139727371193875738e-02,-3.424722347822285046e-02,-2.701452080869421596e-02,-1.048253678827984203e-01,8.583500686355080567e-02,-3.809066195253371038e-03,3.446716236557093721e-02,-1.333294947052127838e-02,-9.570471109385307873e-01,-2.162673297931820560e-01,1.052136841525255911e-01,-3.806966349613127854e-02
-7.260013868802745081e-03,1.384544789215460159e-04,9.101006257537697791e-03,6.137508805081023922e-02,5.518984552710243241e-02,1.262154055376471795e-01,-2.241275782363422522e-02,-2.889848289384909230e-01,7.575513450736071075e-01,-2.488928593454972360e-01,-4.493779113098088640e-01,-1.799532482198349936e-01,-6.035078766091438868e-02,-4.906997558611129323e-02,1.243244146190855270e-01,-1.134599038828149921e-02,-2.833327628187428879e-02,1.125345679207753746e-02,-1.422324016243426553e-02,-5.319597909711579631e-04,9.486360806483419214e-03,6.844474183643621708e-03,-2.821429769709441881e-03,5.095439539314752797e-03,2.651054631905312708e-03,9.492604902615848573e-04,-6.639323853199963947e-04,-1.352236050419644954e-03,1.125212919463177037e-03,1.327213415841946428e-03
-2.941010229550170951e-03,9.780633077871808342e-03,6.802581568473003992e-02,5.476895078594490318e-01,-5.963220765565505621e-01,-4.218973976443565060e-02,-5.709292876802005701e-01,-4.788623045417151475e-02,-3.453592704137123381e-02,-8.383051412654196621e-02,3.720691289011899411e-02,2.114961537066810567e-03,-4.408478008032183822e-03,-5.024725201742826722e-04,-5.156975190494776477e-03,-1.788049214361178869e-03,-2.601946138006464709e-03,-1.208305536410269080e-03,-1.275753979544273515e-03,7.974773528318407790e-04,-7.944091920668917318e-04,2.635416530130129699e-04,4.759331866144168432e-04,2.877350497141485241e-05,7.665551978093937922e-04,6.571704988740469967e-04,5.228383838580500796e-05,-2.733993597384028602e-05,6.712403210434193378e-05,6.987364808899818470e-05
-5.050749075194359283e-02,-9.395630523652680546e-03,2.813886942091487625e-02,6.647558426154041022e-01,5.763132783582449736e-01,-4.534591167827747293e-01,6.472273161862261703e-02,-5.526420749219699419e-02,7.447739463555466677e-03,9.444410569950270617e-02,2.438910879385245908e-02,4.478665090281535449e-03,-2.520175911550749312e-03,1.123760125654420369e-03,-7.693595324042805730e-03,8.730692693955820942e-04,-6.706592049659154328e-04,2.840013223485047481e-04,1.166063507206930054e-03,-6.160416499042091227e-04,-1.685789098047595688e-03,-2.829146269037735172e-04,6.206543885397259978e-04,-1.122840118882151143e-04,2.496429089600064714e-05,4.167876207877111051e-05,2.390192620515475111e-05,1.601660167416225986e-04,2.287752871045787900e-05,1.671440555773081205e-04
-8.538687732628233995e-01,5.139753314632135028e-01,6.982031422394774367e-02,-3.311521312897001967e-02,-1.400932622779835386e-02,2.144603748844513616e-02,2.900563348348760093e-03,8.140863272295999903e-03,-4.802755367283976368e-03,-2.287362057750709412e-03,2.295336503067218776e-03,9.608724710077616409e-04,3.910647653065803101e-04,3.002639000396240421e-04,-5.658753264156546770e-04,-1.703918908912194434e-06,1.970867656336089109e-04,-7.415850537875633066e-05,3.530930862051071553e-05,2.905848459866327587e-05,1.426692347441213909e-05,-3.300769648527603935e-05,2.268456777353404361e-06,-1.876070192274667542e-05,-2.098108166972984515e-05,-5.337709360370070195e-06,5.359586283222077435e-06,3.070596727400126895e-06,-7.181497940549314760e-06,-1.127028312033570889e-05
-7.550642026404494606e-06,1.075978843222319311e-04,2.492249723397928674e-04,7.898573277212902468e-04,6.223457101577037527e-04,-2.259389023416086013e-03,-5.400478824120247094e-03,-1.643200403080613201e-03,-1.842544502441073595e-02,-9.001828650827487302e-03,-4.704226415411538742e-02,-5.898030782151891804e-02,1.224612695171015814e-02,8.393658896523837828e-03,-4.806728497572726466e-02,3.220518927997953473e-01,3.070112946933883924e-01,4.030633305433527491e-01,4.575762844095433435e-01,-2.931406105861277256e-01,3.799062410186648253e-01,-5.786481584339392062e-05,1.378897687782391912e-01,-3.243626398273213307e-01,-2.065916419545142657e-01,7.555580811260170782e-02,-3.050066958642783793e-02,1.241344556693884105e-01,-1.045021528942803417e-02,-4.676415853128979006e-02
-1.078938841664206120e-04,2.659382814804232397e-04,1.135327397758717884e-03,1.056837770927597682e-02,6.244699627188460278e-03,-1.572865256644698576e-02,-1.158703504258881516e-02,2.608230790367501925e-02,-1.689893638436974210e-01,-3.218974295512470191e-02,-3.819695618349532307e-01,6.922553391640459686e-02,7.832304846451463298e-01,-3.626909714697834630e-01,-6.458664663801107209e-02,-5.329344467504917165e-02,-1.150280587240849889e-01,1.494265352941122338e-02,-1.235199861761226287e-02,7.919149743577998113e-02,1.879932668781263139e-01,1.831762148559830383e-02,-8.974076473205241933e-02,3.483313307174050466e-02,5.174175315553029494e-03,3.003243668808489725e-02,-3.847452033622706519e-03,-7.590640820102540626e-03,2.407885738598360484e-02,-9.478992488444273196e-03
-1.563033378525824151e-04,1.988229288299255177e-04,1.038041489447424828e-03,1.204701307315597311e-02,5.968954024552340469e-03,-1.802724158584747757e-02,-1.653457851197705220e-02,4.361790993005031786e-02,-2.475854933681063130e-01,-1.695116502485554191e-02,-6.044723661945987647e-01,5.816152918542690786e-01,-2.964737689455120284e-01,7.540664056190268805e-02,1.651892454486858786e-01,-1.405570011414412346e-01,2.588202033656098466e-01,3.680171385958556918e-02,-6.303610791388374046e-02,-6.969416051563749603e-02,-8.712337901582185851e-02,4.931237263635705054e-02,4.962909360423119198e-02,2.795096255650116046e-02,-2.773738939868710535e-02,6.423376202217927038e-03,-7.643307576114338753e-03,2.782576622907915499e-03,1.112888801178372154e-02,-1.121051410426275510e-03
-7.496719115300504816e-05,3.924506945791537261e-05,3.275494477125674903e-04,3.052387378112633373e-03,2.471889588074974685e-03,-2.781390642065843539e-03,-4.488933611232460985e-03,5.496084497070002385e-03,-4.150723885424514870e-02,-1.446219087753175363e-02,-1.206080328194083784e-01,1.479832002331890259e-02,3.192749365476863638e-02,2.507908176694963881e-03,-2.269501545433151232e-02,7.223904176236352059e-01,1.362211176388433143e-01,-5.790757994386054319e-01,-1.558209788719680799e-01,-1.367048179139805919e-01,-4.623196058962301958e-02,-4.580652621431074295e-02,-7.832680759442112173e-02,-1.440780852799180556e-01,1.457159939478455124e-01,-5.234652127624114804e-02,9.382439397315783802e-03,-3.668489699731657810e-02,-4.990339078732822925e-02,-6.293165579345053051e-02
-2.110494169563221893e-05,1.642614572420430749e-04,5.789120443381739773e-04,2.886259875366251233e-03,2.672497604840634415e-03,-7.199200952915808110e-03,-6.027526859765569567e-03,-4.713634901839998045e-03,-2.951857853135476592e-02,-2.758908598758800026e-02,-1.302132635631589042e-01,-9.547237511766230866e-02,3.524379159906505521e-01,8.491340840189925965e-01,5.974372671640336419e-02,-1.032227743640246054e-01,1.770948477248403263e-02,-1.604570999435565859e-01,2.478560382722652111e-01,6.523812766862159551e-02,-6.518877615786446145e-02,-1.045905061545521382e-02,7.029777588875961956e-03,9.884738303995010272e-04,-6.026273305287339899e-02,-1.106343305096550433e-01,6.932982007332166852e-04,-1.615666123695473286e-02,9.747417375374354404e-03,1.786620825445488572e-02
-1.787642871340613148e-06,5.507092568990480842e-05,9.959351015682218892e-05,8.685084379574478002e-04,5.618924518689815024e-04,-1.805659791246501736e-03,-2.052507875490996829e-03,4.532113716136117361e-03,-2.104543148096609320e-02,-6.971527683638460877e-03,-5.525550674040111132e-02,-2.106970384348187068e-03,6.914719629526262790e-02,-4.838689823740131846e-02,4.670912738965623222e-03,2.281683367104535634e-02,-1.987072275282484798e-02,1.223947039499160422e-01,7.197298501053753239e-02,-9.603689614863163138e-02,-3.095575438923231504e-01,-8.695936698672760423e-01,1.411464307055739220e-01,1.649717387320874876e-02,5.944652150814865033e-02,7.438031185184816596e-02,8.890148506586278976e-02,2.533658160233531395e-02,-2.073545870989381146e-01,1.617314676920970917e-01
