4.970014681459264047e-03,8.453707015474418163e-03,1.320109629825377308e-02,-3.710717521039868377e-02,-3.602243049431802513e-02,-1.296871893142490240e-01,-3.179544966585407667e-02,1.130297390337279551e-01,-3.564793480632468259e-01,-1.734731246694691809e-01,3.533905942791800703e-01,-7.365789909187085982e-01,2.045736541198712455e-01,1.340866339759120840e-01,-2.039762896185750296e-01,-1.382284156359831206e-01,-2.428986895394767351e-02,8.751250300378392299e-02,-4.624691734269278931e-02,-8.131820554341159801e-02,4.913933016106977053e-02,3.366873038307101329e-02,-1.706095308631115637e-02,-2.012841156641863999e-02,-4.618187164539618202e-03,-3.501450752209201529e-04,2.335553946805865675e-03,-5.655566138026338731e-04,5.564496123339410238e-03,1.706765593430048056e-04
2.004105861042075262e-03,-1.774180785212812724e-03,6.063307580640584643e-03,-3.400587123126242450e-01,4.414519928234504342e-01,-1.754421142519690391e-01,8.044210504722338895e-01,7.741470737315866990e-02,-9.073247233213609661e-04,-6.515133687534194196e-02,-3.439951398869331434e-02,3.875874555701686128e-03,5.959950440023224771e-03,3.916758759719883576e-03,7.447032130932455980e-03,-3.771544153619956537e-03,1.538575656093006672e-03,7.993542552377867478e-05,1.325266556092794500e-03,-7.235159792144798879e-04,-7.189710355465814100e-04,-2.571884026933867113e-04,-4.820197141304079463e-05,1.601492061112931814e-04,-1.276622718195281610e-04,5.747496292960365544e-04,2.279309537358376145e-04,-3.381720247168176638e-05,3.016292143163630047e-05,-6.863889927295715500e-05
3.429717002180111829e-02,5.881194971561352902e-02,7.906934183333734489e-02,-3.513636160859650581e-01,-3.137653734792288374e-01,-8.398320703611136251e-01,-1.426590115569723594e-01,-9.468196776572915252e-02,1.228406818123681660e-01,9.586680894435807565e-02,1.481140160311748832e-02,7.790235703525236199e-02,-2.550463186189789663e-02,-1.151793105670116495e-02,1.837745796633158055e-02,1.911783690020381343e-02,1.116305873423397224e-02,-1.257691676597459673e-02,8.023410224558501919e-03,8.915154698630146576e-03,-6.494590541083673264e-03,-6.174694668401321807e-03,1.059015096600337711e-03,3.099600693508723637e-03,3.011869304942105989e-04,4.753619017921007286e-04,2.115496259239070553e-04,1.399863031012109436e-04,-8.187623342984256440e-04,2.882952604363929819e-04
5.191480178506100440e-01,8.473152575652335150e-01,7.701892067189741731e-02,4.502021008323511819e-02,4.425921498042914570e-02,5.053634028351273316e-02,5.069732750697695384e-03,3.493629310280790476e-03,-3.250222501763736557e-03,-2.262061511138985844e-03,-3.717333120822913055e-03,1.645698721376847272e-03,-1.019668180046820087e-04,-4.205628753642498660e-04,4.470751473186251922e-04,1.107848306091353471e-04,-2.793870239779348993e-04,-4.434024543125503019e-05,-1.406536492105200799e-05,2.296464976723527538e-04,-3.471291922320656094e-05,5.444980028774544902e-05,5.259706502899825006e-05,3.632073595837008692e-06,2.747592671836978446e-05,-5.814615775900382824e-06,-2.741631802117326528e-05,-1.364630094524692582e-06,-2.696773028148637500e-06,-1.816591220821042017e-05
4.253378242488884828e-06,-8.517043538621001472e-06,-5.991514594976216166e-05,-3.790070953510998441e-04,-4.979454590705475981e-04,-1.892260873127342392e-04,-2.075678833324592996e-03,-4.011982657678942431e-03,8.202279940659185781e-03,6.281811515904589874e-03,-2.827129507917207352e-02,5.254061354918204696e-02,4.302557486765395608e-03,2.223770874611367965e-02,-3.467939777618559566e-02,-2.698802626825985151e-01,1.121244223921687849e-01,3.189010613931853033e-01,1.679515882549236228e-01,-3.138807248467081340e-02,-1.033153697495569311e-02,1.548702965074381099e-01,3.194124252677768006e-01,5.872799379002360265e-01,5.452423217499781094e-01,5.694427787074718937e-03,-4.703829479041041206e-02,-3.362874776199541345e-03,5.464330536696404865e-04,8.797432659176905589e-02
3.681073927051792521e-05,3.071613097876043237e-05,-3.391412812098095457e-05,-3.048435327257962429e-03,-2.243632320722690338e-03,-1.302472326925046544e-03,6.052581972553047664e-05,-2.076214991658952014e-02,5.645837747675916396e-02,3.978657612046153369e-02,-1.135292744713958663e-01,1.010767760331030135e-01,1.039696013665985658e-01,-1.453098236298927363e-02,-9.134359078720216685e-02,-2.029014471653828866e-01,-2.614429846709885319e-01,2.632190391701527132e-01,-8.827821593305518882e-03,8.984904038182697783e-02,5.787162316518970062e-01,5.862853415442257354e-01,-1.031880430682172584e-01,-2.070384353513382569e-01,-1.004577678027910315e-01,6.022962258324917467e-02,-5.374061044495144490e-02,6.720307124646333202e-03,1.207762857826478325e-01,4.428155781937838376e-02
7.834154132191764391e-05,1.161315103910553370e-04,-1.571037346797898946e-04,-3.290891106938819560e-03,-1.860729530156171553e-03,-6.973040611753908609e-04,-6.867093777919541613e-04,-2.113947622824997527e-02,7.187464987555571005e-02,4.019156426356185891e-02,-1.768895104642781990e-01,-5.041700211339619070e-03,-2.134269531939315956e-01,1.067971167600103299e-01,-9.821595292522897203e-02,-1.389762203948374797e-01,-4.402702937446630327e-01,1.961619055839602666e-01,-3.314444874660805174e-01,-5.898562445227228945e-01,-1.606347337732355052e-01,-1.431640886278381930e-01,-2.750004248648335592e-01,-7.557308275252026808e-02,2.386507554429882216e-01,2.394312657910905445e-03,-1.249840497271418813e-02,5.045306993688910288e-04,1.069721670111127565e-02,-2.352998085592198155e-02
4.614899583012796648e-05,5.375498154223259066e-05,2.412521022325180784e-05,-1.262644437972320569e-03,-8.854652114529656991e-04,-5.393711548546471952e-04,-1.168216320236074987e-03,-1.051899286078674355e-02,1.913643942846124379e-02,1.404505914198320680e-02,-5.231677409517693916e-02,5.703394278443676274e-02,-3.743738720100747708e-02,5.363333553372280627e-02,-6.233905556080415744e-02,-2.955103602082368441e-01,-5.720837062017242181e-02,-2.960039896847129620e-02,-2.061255107248483043e-01,-2.698573432850880360e-01,-4.463483394798286458e-02,5.954245236298253904e-03,6.514459649161989940e-01,1.093664226072368073e-01,-5.796707989524997329e-01,-5.362287377489935447e-02,5.850621946572918432e-03,-8.529909981922189841e-03,-2.588291826533039870e-03,-3.168114425837458004e-02
7.275651208859088448e-06,-1.250189746572297493e-05,-9.126010406142633623e-05,-1.016601525463934090e-03,-9.502175686129902968e-04,-2.399939077312482447e-04,-4.781329805324482951e-04,-1.012681294874300496e-02,1.575959138265626072e-02,1.287824322702020227e-02,-4.485366359470338571e-02,6.880921664225493617e-02,6.338497488468176899e-02,3.295243000120379739e-01,-8.047754939631994453e-02,-8.048547282520801538e-02,-1.581383763621795752e-02,2.880846304440959904e-01,-5.901659109161502270e-01,6.103088157121349111e-01,-1.920054778035521492e-01,-9.634012703509853282e-02,-5.102159882636995818e-03,-4.126676686294213428e-03,2.037658446302192602e-02,-1.234762820272034961e-01,3.101511594210513284e-02,-1.025086704415041454e-02,-9.829285694003035700e-03,-1.202816820939413105e-02
-3.003184245649618600e-06,-7.964749140507406734e-06,-4.414942258621396719e-05,-2.053277467248296694e-04,-1.859289332546560627e-04,1.970190931145637673e-04,1.159595636137714634e-04,-4.010930759797178523e-03,7.518476906778616235e-03,7.398145922344721501e-03,-1.725045759250088198e-02,1.707824090312107246e-02,1.516742496563229341e-02,-1.518524768501392560e-03,-1.029740851507107875e-02,-5.692985018482359105e-02,-4.815913428027307486e-02,7.801316712558820088e-02,3.421415631721285572e-02,6.842837471208160216e-03,2.488928937142879383e-01,-1.038536139990736545e-01,-1.270085888193127691e-02,1.765274922528162552e-02,5.357825061108899278e-03,-1.722957090671047020e-02,3.212125134839238227e-01,6.213350552105965929e-02,-8.765704807307116431e-01,-1.927056972596987716e-01
3.260619669792994154e-04,2.521889409115091662e-04,-5.271879128397168046e-03,-4.328920458470649456e-03,-2.895429721056524529e-03,2.788629974006246685e-03,1.421505381325715613e-02,-6.795290177799054310e-02,-8.274471297027154171e-02,3.862716672087799369e-02,-1.078696907648802189e-01,1.478679336398052158e-01,-1.280411859193983648e-01,1.361038998202392623e-02,-9.233683310337184036e-01,1.257196542702940512e-01,2.167128971565429052e-01,-1.180969251011862731e-01,3.349089597551789532e-02,-1.389594040088141906e-02,4.375747400235691087e-02,-1.096787326097878844e-02,-4.845151699786909294e-02,3.399250712004486807e-02,-5.564031649587958608e-03,2.018509602481674894e-02,3.674231424015449513e-03,6.688714659289960417e-03,1.647217746842477050e-03,-4.487441366994237950e-03
-4.122852879915772011e-05,7.048960514412947950e-04,-4.131784437243997410e-03,-2.467248605331448866e-02,3.941738567366397800e-02,-2.131246396086592873e-02,-4.686910251404971528e-02,-6.204905048770322784e-01,-4.345083309911697278e-02,-7.547251731820469045e-01,-1.911346303200219809e-01,9.401306411983277253e-03,1.860785861940022351e-02,-1.826619575603761732e-03,4.010627263509049245e-02,3.701760087890556931e-04,3.044770854574174040e-03,-3.791042464237756853e-03,4.524427291844037788e-03,3.177821573186279201e-03,8.471211966514035447e-04,-1.309849987114612138e-03,-2.248270081952438021e-03,6.098731874104547021e-04,-2.094837184940024667e-03,4.097259996584853500e-03,2.060208552512677650e-04,-2.776968405816568168e-04,1.484213456557477589e-05,-2.600663132102933538e-04
2.348893188597226279e-03,3.402335212929513686e-03,-3.851864250173668569e-02,-5.371919946996742135e-02,-3.492334397188734396e-02,1.178542075595322980e-01,1.456231250448962733e-01,-7.397294341263904727e-01,-2.134500908064573543e-01,5.753891867714807651e-01,1.387407923964901202e-01,-1.072478491623745783e-01,2.160784650145460700e-02,5.144372343689768839e-03,6.098524562144189143e-02,-1.509006673828977574e-02,2.002254172501282542e-03,1.206466270712524581e-02,-5.033411219038547504e-03,-7.214004510061464842e-03,-5.040385798029442532e-03,1.308490182470338362e-03,-1.138383841115455118e-04,-2.667738831976189124e-03,1.076872275733394002e-03,1.547349384040987543e-03,1.259831546379136047e-03,-5.410044277390078276e-04,1.255270763022149540e-03,2.290191814926544230e-03
6.022669195040543377e-02,6.267956472892803610e-02,-9.877346133882791701e-01,-1.055601668915010505e-01,-5.456374394416452916e-02,-2.413416276975150626e-02,-1.787388090276316108e-02,3.615023550969744676e-02,4.976370999608102814e-03,-2.112803983371863356e-02,-3.432308540317416043e-03,2.261248695885375356e-03,4.254190591825023104e-05,-1.438188222375018919e-04,2.449653734740088636e-03,-1.777517724111633498e-04,-1.065476287998957244e-03,1.194088831666866393e-04,-6.349148791618691051e-06,2.595191007582164336e-04,4.685619750712739285e-05,2.106637444479976984e-05,2.504059332091540351e-04,-1.021013723523298136e-04,-6.601421283713762556e-05,-1.180288371419312176e-04,-5.241117367495607972e-05,-1.231738743541375724e-05,-5.864642431441782408e-05,-5.303284503122362119e-05
-5.061272523128801839e-07,4.706986837239235560e-06,-3.327258288943322242e-05,-7.649285833256429416e-06,4.309254663196315755e-05,-8.110856899630955181e-05,2.294573510592214831e-04,-1.554874604500486920e-03,7.430919771923157578e-04,-2.978309627760056342e-04,-3.625149318090458306e-03,4.457653701045014363e-03,-5.018898365085582361e-03,-4.442156187692843962e-03,-2.769718417134352934e-02,-3.269703411333871323e-02,-2.022008124045795302e-02,5.125529623160810649e-02,6.226192791349140915e-02,7.607295654478341343e-03,-7.309300103732638276e-02,-5.468516527591107956e-02,-3.847586432180609070e-03,-1.347626243852665384e-01,-6.643725668759371816e-02,-1.205650935261158435e-01,-4.335707566761475285e-01,1.924160180117546678e-02,-3.380686356321696007e-01,8.018786831453638131e-01
4.663893900075796572e-06,2.360066787365940993e-05,-9.422400569153194672e-05,-9.746686081528726110e-04,-5.264353778858942446e-04,-9.425868803385491603e-04,1.712126411250176937e-03,-1.077955706280160110e-02,1.881890855041994104e-02,1.059597905417814824e-02,-3.902422378379714202e-02,-3.387324193867172206e-02,5.582336060808859579e-02,-2.771243877030177272e-02,-1.257936639702839643e-01,6.530812783654960096e-02,-3.713004085113894015e-01,-2.688716163358286643e-02,2.024545481220166587e-01,1.690769518904558510e-01,-9.687631410059488468e-02,-1.390748628470545034e-01,5.306489748258909067e-01,-5.113837195433025284e-01,3.508427096285843816e-01,1.725228315422741021e-01,1.231216899332026049e-01,1.491737338528149881e-01,4.901182570687940415e-02,1.047414332699595635e-02
8.633173170971745490e-06,4.453679588995221837e-05,-1.376343192366638818e-04,-1.050153810600057414e-03,-5.902048985062779409e-04,-1.113001372045068329e-03,2.211289859281520900e-03,-1.086543443566798280e-02,2.519645435431900130e-02,1.738219805308431273e-02,-7.168105375856188843e-02,-1.170230761709479261e-01,-1.286107618788617790e-01,4.907561927834010185e-02,-1.032930794605858987e-01,8.880215272159661111e-02,-6.196162833424049277e-01,2.835574603432871460e-02,3.920815652545384111e-01,2.768928315396776418e-01,-1.638479182718797500e-01,-4.834996437181787038e-02,-1.441143664542278990e-01,4.151054000538680344e-01,-2.996039399473441889e-01,-6.516379023378249258e-02,8.906413124976404749e-02,-2.694214400136197771e-02,3.971089466801205198e-02,3.106381183267086996e-02
3.007838363970685103e-06,8.911394912148360464e-06,-2.094015539906553616e-05,-2.628740662611679028e-04,-2.170469442155875889e-04,-4.785219133514709332e-04,6.012871952943393394e-04,-3.764301486705238023e-03,2.943001850222791687e-03,3.485302930347602361e-03,-6.754724371296728751e-03,-1.413218227751624617e-02,-1.041062087488147346e-02,7.281895155859578750e-03,-2.615101182203153837e-02,-6.423710582175035100e-02,-9.532534714829372924e-02,-5.678983876012803911e-02,6.268343857950579856e-02,9.481792680504877446e-02,-4.424353225330316525e-02,-1.062490624512902292e-02,2.336893123193448801e-02,-1.453947630199812699e-02,2.439048175082682637e-02,5.713923442438625933e-02,-8.097553422203229712e-01,3.602554417891856708e-02,-1.849214590287659721e-01,-5.211817829443320393e-01
-5.419128816887940457e-07,1.880823441408991539e-05,-8.710196929055963203e-05,-2.113446149324302813e-04,-9.794630807595072330e-05,1.363769250907443612e-04,5.918380430990051802e-04,-5.943714668665936972e-03,1.447723315631355622e-03,1.889938791817036062e-03,-9.993837271518422535e-03,1.066575089017325444e-02,2.377417912596048455e-02,8.783883079064530586e-02,-1.312427459791397875e-02,6.284741329328405457e-02,-2.299799697025149692e-02,-4.751394736967602672e-02,1.307185565398184257e-01,-7.153018351781567641e-02,3.154125903834562039e-02,9.161566458245624933e-02,7.502437031533264189e-02,-1.364124475668704040e-01,1.214651451946090199e-01,-9.463387279013003583e-01,1.197591333159972633e-02,-2.892229009014760793e-02,4.185153864878673330e-02,-1.252361622621574189e-01
-1.761947757762124976e-07,2.163459861897908390e-06,-1.886532526846313411e-05,-7.809545226939176800e-05,-4.650606038620629427e-05,-1.841073188040553434e-04,3.215367179725648434e-04,-1.623151619070468694e-03,2.026230487814691377e-03,1.965126702910682550e-03,-4.938586154959553019e-03,-3.141017077324140760e-04,3.616575058450862551e-03,-7.755702039717417458e-03,-2.012965657690746896e-02,-2.375198709889622152e-04,-4.893208939787985906e-02,4.021434133369978202e-03,2.824388623999447845e-02,2.515069861418796696e-02,7.706399336391125954e-02,-9.906570777059976740e-02,7.847212637016207082e-02,-7.927270751736541221e-02,6.115243188389283407e-02,4.989981473781508053e-02,-1.414304632516624229e-02,-9.795507242184285923e-01,-3.840756528922657786e-02,-5.115455705662231428e-03
6.953349352739324023e-03,-1.364571988185063695e-03,1.584988201685434347e-02,-6.448387557627742461e-02,-5.280698745550960888e-02,-6.776892400847407683e-02,-4.655541782935327527e-02,1.627075255307490198e-01,-8.487058417147352873e-01,3.532632133752645204e-02,-4.228516761232621324e-01,1.826207726583133351e-01,-2.442294234698125580e-02,-5.808232625447576347e-02,1.392334750323624970e-01,2.188540455658949044e-02,-3.643770397196890998e-02,-1.993015348201291476e-03,-3.680187808371891689e-03,1.882940431132644477e-02,-1.361498145229786752e-02,3.667294283348624707e-04,8.363183562381344346e-03,-1.450459695161761134e-03,3.127909283698355070e-03,-2.349556523176503462e-03,-1.714420937332240824e-03,-3.259647453214590488e-04,-1.927909091273747461e-03,-5.054424729842754878e-04
2.772208412304185549e-03,-1.109369240917932806e-02,2.517157206322833893e-02,-5.233686960946378752e-01,6.419427328096127816e-01,8.587222855568481250e-02,-5.448591995436083968e-01,-1.589158534158059688e-02,3.424472593410795348e-03,8.443865476286613325e-02,3.850495699013851969e-02,-1.943325914161152463e-03,-5.682235577328387244e-03,-2.160533998932746488e-03,-7.587067615127367735e-03,2.233838352542261152e-03,-1.362646815676393092e-03,2.359038687332001849e-04,-1.183510000133428022e-03,5.544676233748416574e-04,6.555973552240948812e-04,3.765111498391611532e-04,1.750721729929232296e-04,1.341475424679123986e-05,2.930840977536011542e-04,-6.129558422527776017e-04,-1.440363075057469143e-04,4.308365521962719230e-05,-5.188747075026746842e-05,4.702036139763897464e-05
4.788117836747415174e-02,-2.861806511274678569e-03,9.681006494831834175e-02,-6.805917722036878281e-01,-5.314268178979653090e-01,4.659163987562860987e-01,9.043150649741421576e-02,7.681023620488053316e-02,4.549555533898994031e-02,-9.540994885278485105e-02,1.690463117338173588e-02,-6.189704810746329746e-04,-2.169132672544438808e-03,1.877117505318127164e-03,-8.831696841132620143e-03,-8.743239475904211527e-04,-1.230385211254274346e-03,1.229070199476346541e-03,1.191083235784486750e-04,-4.115856494317893894e-04,1.484359393615442089e-03,-5.376977889747470919e-05,5.210389452166200292e-05,1.152009596126676839e-04,-1.895464323176492265e-04,-2.322627084212671843e-04,-1.218995246354620060e-04,2.428016645704341196e-05,9.449445483088735628e-06,-2.221125772881278951e-04
8.504697262351139653e-01,-5.238790924227857415e-01,1.409884016295221386e-02,3.588465221018009854e-02,1.703049915003255685e-02,-2.038650366641067344e-02,-1.126345682252731907e-03,-5.277342335141767607e-03,3.681362350825484204e-03,3.300682785683424231e-03,2.147606402322115547e-03,-1.116771437100749168e-03,2.090754440436456301e-04,2.752904048606158731e-04,-4.284945482259766266e-04,-7.924834736103107680e-05,2.398246011447052761e-04,-1.189698376108668582e-05,1.803873092899522235e-05,-1.094354786410983390e-04,1.906392691935738062e-05,-1.303233285895325481e-06,-4.935274365502414107e-05,5.025482414581219974e-06,-7.783162035539889381e-06,1.531881930117321507e-05,1.421221587212792488e-05,6.701497246151217917e-07,1.131792560669056438e-05,1.298508801802136888e-05
6.285519434478846555e-06,-6.655094875006871988e-05,1.486019172360634110e-05,-7.699830916165791407e-04,-3.780531913704512719e-04,1.405512872331119703e-03,-4.624803084669578020e-03,5.379521723543792110e-04,1.124814038212395076e-02,1.262814033894209091e-02,-5.018018231214145530e-02,6.909751959804107113e-02,2.605764428112384515e-03,7.714453889295855293e-04,-3.848226349544876801e-02,-4.334270285861568373e-01,2.708080886587536651e-01,4.834281585596252317e-01,4.341412002046284302e-01,2.461222314349943100e-03,-3.123115424837540344e-01,-1.321526602483215629e-01,-1.815364957540568092e-01,-3.086046373709718238e-01,-2.024689245598751131e-01,2.483680337510993374e-03,7.973821738086050992e-02,-1.367130543321998931e-02,5.267122850947356105e-02,-1.183683522950675221e-01
8.591188281858662369e-05,-2.016489781560733827e-04,5.797050170829665724e-04,-1.028265004338208694e-02,-5.146950798159626028e-03,6.540864845018722930e-03,-1.032395046878634495e-02,-6.045629826241568500e-03,1.640444167515533735e-01,1.103919786707872608e-01,-4.009742374626441008e-01,-1.176399200318603011e-01,7.908361727701727073e-01,-2.980682471130636779e-01,-9.763827864514648680e-02,4.878455615096318615e-02,-2.677958295188247531e-02,-1.556768580264373918e-02,-6.892462224833587059e-02,-7.600752828419617135e-02,-1.834806020484949507e-01,-1.085399488595251323e-02,-5.538298974518699597e-02,9.295566191486781538e-02,-2.370195019518106169e-02,-2.912093691693381711e-02,9.627402461671677198e-04,-1.983345540762266462e-02,-2.902870407505374339e-02,-1.266252483320721642e-02
1.534006075228858275e-04,-1.328357461126282077e-04,7.025490087111259082e-04,-1.135319627011832644e-02,-5.270694083471309972e-03,7.246358536717371554e-03,-1.152957061629122752e-02,3.304107362364240314e-03,2.048277012742300562e-01,1.303871046820119506e-01,-6.129472396933837164e-01,-5.638105286604973010e-01,-3.766238750366738830e-01,6.554140689200932401e-02,8.341338785896806884e-02,9.155857171553792584e-02,2.396329148166840561e-01,2.384634274350345626e-02,1.320107957696741753e-02,8.402977316718099332e-02,8.362362245285002993e-02,5.986751104530513290e-02,8.384322254402565289e-02,-4.937090739339848600e-02,-6.415307295488139466e-03,1.108968111344113550e-02,-8.932211467312654515e-03,2.838112627191908491e-03,-9.208669889686176349e-03,3.715039907601986463e-03
6.905950660031797393e-05,-3.596894511987571807e-05,3.360962815268308482e-04,-3.013205091341526060e-03,-2.047215235935289767e-03,1.479726245842494584e-03,-5.159631024514066584e-03,-1.595312791972594915e-03,3.218830288829160891e-02,3.010759634909435101e-02,-1.086212766121381346e-01,-1.713807408451262573e-02,3.525194682584232349e-03,8.701834545297068568e-02,-6.406451672979640403e-03,-6.936785718076442508e-01,-3.799631442176450158e-02,-6.418138730431101058e-01,1.898729730923507525e-02,1.578153693008720049e-01,2.341900952636671862e-04,-2.225420305512981062e-02,-1.632762412777550576e-01,-8.223041048521785926e-03,1.417524614154037355e-01,-1.544894944167398906e-02,8.057348437884240266e-02,-3.218908834112015819e-05,1.570884207518875864e-02,6.462558671075815941e-02
1.564578849636277656e-05,-1.405154777705836671e-04,2.497562851144487727e-04,-2.774410587103480139e-03,-1.584421040751436433e-03,5.447725133718463002e-03,-8.485185994949755520e-03,1.239305136120318800e-03,2.483603455910390195e-02,4.079414754934367060e-02,-1.216720034913450071e-01,1.062210207185559502e-01,2.874696892434859263e-01,8.608745029915848557e-01,6.572639694393592191e-02,1.584090387480240614e-01,5.667263718346179230e-02,-8.188356835561269587e-02,2.270897252583652104e-01,-1.776109447109240069e-01,6.066181523282694610e-02,4.519090333817856299e-04,-1.331332854175765667e-03,2.417314730142549554e-03,-2.311196123926519477e-02,1.426326015622249033e-01,-2.043138413683029050e-02,2.927917962816101519e-03,-2.471464014088421441e-03,1.820144652611004402e-02
-3.570179736844213710e-07,-4.383134337421071210e-05,1.370412585566055027e-05,-8.998018834240341076e-04,-4.006209139075089386e-04,9.361581048030574856e-04,-1.221790485963199745e-03,-1.976083122277494560e-03,1.906429142809063643e-02,1.862153876265860292e-02,-5.673543254643675926e-02,4.372323020860162564e-03,8.543767941311075642e-02,-4.308471249409116105e-02,4.403879532918168228e-03,-8.619449612782695280e-02,-5.245336876469264102e-03,1.259274285167926444e-01,2.787656217221619673e-02,3.181521629414911512e-02,5.843317605439454221e-01,-7.250782451432994380e-01,-7.452675606018236212e-04,9.579826049491867168e-02,-2.355854192059231994e-02,-7.787258352181639087e-02,-1.003756634955990656e-01,1.012893048480674185e-01,2.390247606623583376e-01,3.631107713917524488e-02
