5.328067512529331175e-03,1.068668757334677831e-02,-1.306623504890267427e-02,1.558747785122936713e-02,4.627986979068179907e-02,-1.412317730996868748e-01,4.401516071279715225e-02,-2.167547892913954111e-02,3.697107157123544763e-01,-7.391231461269956449e-02,-3.961147073685499786e-01,-7.206887593306733342e-01,-2.917861739186926040e-01,3.269623069990555599e-03,1.499681237258073951e-01,-1.554539630753767054e-01,-6.377890572732027030e-02,-1.087924360494929854e-01,3.463983777490214910e-02,-6.503996878439990970e-02,4.718387069970288866e-02,-1.805930033206359182e-03,-2.976042959311262642e-02,-1.407783882117620046e-02,5.568638183632077313e-03,-3.030426141426886821e-03,7.568723027319318756e-04,1.273497375378636548e-03,-2.068019410108108865e-03,3.333811077607113228e-04
1.788803957961957857e-03,-3.900280941140886904e-03,-2.268177767471364365e-03,5.285238812883087389e-01,-2.314366807639292034e-01,-2.728211687385146966e-01,-7.627225615428596672e-01,-6.259805033965233634e-02,-6.685206899722451884e-03,-8.027186107622753808e-02,2.051629231071714840e-02,-4.213841725662348777e-05,-4.576960457689018338e-03,-4.220766216875078587e-03,-3.870265555111679183e-03,-1.644151184106794859e-03,3.480356909804774041e-03,-3.106843379045098560e-04,7.707989592893202358e-04,-9.083615072725512206e-05,-9.275532990155667705e-04,-3.542964237632817187e-04,7.822610951189818611e-05,4.841527650367663678e-04,3.728686269073075822e-04,-7.291804927537448794e-04,8.693638635893860889e-06,1.339962040122675787e-04,-1.912461406913948254e-05,-2.109728918831702351e-04
3.686451645087169410e-02,6.841178249454360483e-02,-7.215420713104139794e-02,1.529395814812097576e-01,4.295044558342725471e-01,-8.100202980494251026e-01,2.548383051081147821e-01,8.494389110947854482e-02,-2.006468462529294450e-01,4.247637498916841808e-02,-2.570726944155354160e-02,8.568412480472585580e-02,3.547172495390328584e-02,-8.675957444486960893e-03,-8.348330440217205731e-03,2.339736203192864863e-02,1.035457794771880297e-02,1.695696735696655341e-02,-2.764722032453233516e-03,9.260012558102907396e-03,-8.606804967062557654e-03,-1.108222117039188524e-03,3.545560048208182356e-03,2.231712608298901546e-03,-6.908209274883890180e-04,6.008214932859525306e-04,-1.846018762911607583e-04,4.397651186525881905e-04,5.883106597415443647e-04,8.905659954202260460e-05
5.267766362295522864e-01,8.439019588098906066e-01,6.665370949776944220e-02,-5.378759779893355943e-03,-5.023317150794730929e-02,5.561191798021319910e-02,-1.126271657909477808e-02,-4.733398989680851800e-03,8.164170194441204564e-03,6.596509673799991463e-04,5.404922869045208564e-03,1.347220315761288962e-03,1.678362375036461279e-04,5.273914627466674745e-04,-6.569138501443612301e-04,1.255436775735275392e-05,5.920433854553024382e-05,-1.566098655005990914e-05,-1.369372349929947154e-04,6.961861278130974050e-05,9.696265310863237251e-05,7.208298101753122611e-05,4.021097450121891969e-05,1.298789108137626297e-05,-2.371018296127853824e-05,-1.347630588249249968e-05,4.008518521782652923e-06,-3.146601127912691760e-05,-8.493666053059214469e-06,-5.853861805943799069e-06
4.320830876265990342e-06,-4.005862817541407193e-05,7.102767448387751852e-05,-3.212623345815636145e-05,8.077806241492107436e-04,-4.302285774344774051e-04,1.360250190282997172e-03,3.092329761631773272e-03,-9.787369988450339564e-03,1.350594779221042391e-03,2.939814857566401887e-02,4.858970787395072016e-02,-8.826709097279177843e-04,-3.999070726561149147e-02,8.287484106200863898e-02,-1.968351815263693350e-01,1.400345487309268000e-01,-2.944710323936737262e-01,2.362985057380066201e-01,9.608335504893668333e-02,1.303571511635995273e-01,1.593640480210283816e-01,6.603568453200553412e-01,1.314448996539639425e-01,-5.032374275144170239e-01,-1.357847392046777069e-01,-1.140412890498066975e-02,-1.553340916389723755e-02,-6.275694034658231557e-02,7.954056879759030529e-02
4.440323586525206123e-05,-8.899308009717203855e-05,1.419665449593236956e-04,1.339376450664357373e-03,3.752952263859578655e-03,-1.247749407756345476e-05,-6.499988689114298340e-04,1.049262278632946514e-02,-6.282954467238628660e-02,1.900162519653977519e-02,1.136896819827060284e-01,1.198663356377820122e-01,-7.756333423491139356e-02,1.091559615766675602e-02,6.243861696791216248e-02,-2.153425407318519669e-01,-1.940063591902022877e-01,-2.689813895659428633e-01,9.797905438761875252e-02,3.653334666575730472e-02,8.020476905189968253e-01,1.559801476064162917e-01,-2.936488907922994440e-01,-4.746756610885403266e-02,1.455739924344089942e-01,9.999079706320832678e-03,2.046656452794992469e-03,-2.618319764572841352e-02,-1.094540261939925818e-01,2.977555554085122014e-02
8.996336820052996714e-05,-4.780617351876447060e-05,2.895149069296370690e-04,1.860169227890794618e-03,3.520501303647574198e-03,2.034945579989208379e-03,-3.198672814221630717e-04,9.216913399131438159e-03,-8.072961749993971814e-02,2.591886822429078155e-02,1.788728295731356888e-01,-3.509583215847303372e-02,1.829977009061820870e-01,-1.164363127152444749e-01,6.879783931333564861e-02,-2.415655808441738717e-01,-4.610287208648979340e-01,-1.657210868140170101e-01,1.338944895809183744e-01,-6.139143364877919229e-01,-2.514172398404848074e-01,-3.469988671132583080e-02,-2.219486930055522278e-01,1.234009977421507698e-01,-2.873314591868915135e-01,-3.025876988316245769e-02,1.207608399623554506e-02,-4.169594804633981050e-02,-1.450358483150953476e-02,-6.557496403317084055e-03
5.086391112679218850e-05,7.713479320432070106e-06,2.549960426593658836e-05,5.914097739298095503e-04,1.766664834425979089e-03,-2.548225534274069299e-05,8.716948249827601719e-04,5.763837151892158527e-03,-2.079880553102336424e-02,7.805621059576556796e-03,5.502974979105527270e-02,4.383497617603281105e-02,3.888903835129379344e-02,-6.184658760508272846e-02,6.614857902323277583e-02,-3.052436272731747224e-01,-1.559809944086416704e-02,-3.490947189661526562e-02,-2.115686734587124765e-02,-3.463811996073762334e-01,-4.934699987613793554e-02,4.618533604258293068e-02,5.094039785475574789e-01,-2.329702955225578243e-01,6.671433525137384635e-01,5.890499730857780281e-02,1.470824915052334168e-03,2.955075254928635903e-02,1.538177892738526627e-02,-4.177580398167347192e-02
7.453838585927532625e-06,-6.148309672769182237e-05,2.272386814582654088e-04,2.861790966058586874e-04,1.392462240524406291e-03,2.754890240715967848e-04,9.309814920227724557e-04,7.764440749530211391e-03,-1.037560650325603483e-02,6.132143693964697828e-03,5.117967796406985848e-02,6.971458239762451381e-02,-1.149384991140429552e-01,-2.997895868382487450e-01,1.017898039014788619e-01,-4.791528696617029098e-02,-1.125224042258150536e-01,-5.532015907774238128e-01,-6.679966329862064844e-01,2.389620632812550771e-01,-2.082494978966193955e-01,5.308058960176952751e-02,-2.577818420029330884e-02,-2.912128732611533530e-02,-8.819154468593357749e-03,8.132010043563366042e-02,-2.061986362073579045e-03,7.756538240976679904e-03,4.759567046910806107e-03,-8.878573566075990617e-03
-3.014324770099027416e-06,-3.179203663034269002e-05,5.607864909865335420e-05,4.229246709508426466e-05,2.999260810184934019e-04,3.998981197866706937e-04,-3.069767312885425623e-04,2.702820563379991405e-03,-9.165615985060366830e-03,3.653208779339215794e-03,1.785171494654427121e-02,2.045961338113859440e-02,-9.066636002492288807e-03,-9.126121898608928864e-04,7.013621207108799993e-03,-4.269534938543846636e-02,-2.842638360955820204e-02,-6.986192405289375074e-02,1.413196828942732755e-02,-5.928723150652487339e-03,1.462769320973013321e-01,-2.272933938091918626e-01,2.622764293650215947e-02,-2.949536376719730582e-02,-6.194322718039520226e-02,-2.312634079875377363e-02,-6.034985909223103406e-02,2.086100861544860074e-01,9.301153890451119288e-01,3.896826238588134428e-03
3.322433531679283027e-04,-6.724391855569177489e-04,5.748711703908588634e-03,3.156478851765828330e-03,5.525943727405426865e-03,-3.404345531512140751e-03,-1.340362429543450785e-02,1.008317910411929003e-01,8.164949635021463703e-02,2.875228548256853270e-02,1.129799732945715035e-01,6.943885696761566140e-02,1.058885301355098896e-01,5.574611095850862813e-02,9.473142714315561097e-01,1.292637134340206551e-01,-8.131501794276844997e-03,1.750534894931595753e-01,-2.451403110324274631e-02,5.366438526394421565e-02,1.115236315231580080e-02,-2.748250229528333144e-02,-4.752231028054301060e-03,2.498863198339353747e-02,3.138647430451926325e-03,-1.314748393851586372e-02,-2.310684688122067055e-03,6.303231308159227804e-04,2.286830518188453631e-03,-1.198258460381112882e-02
-8.343313745074329099e-05,4.676794797528645840e-04,8.899003649064738536e-03,4.098243062030913764e-02,-1.843333622692333237e-02,2.838722705965236390e-02,7.884090244516331336e-02,4.834780059932653473e-01,-3.661858036047804105e-02,-8.537201249897297117e-01,1.544156924135415832e-01,-3.322404511694634910e-02,-1.957310692509734926e-02,-1.094096347574110683e-03,-3.589236408168921394e-02,-2.558134370440196849e-03,1.521285175826020929e-02,5.264415162800545334e-03,-1.550407280018478847e-03,2.060547825853220692e-03,-4.659258078163882807e-04,-1.959530602739504267e-03,-1.911726914875352653e-03,3.904464694086863356e-03,2.424704762171369602e-03,-5.193675219490393770e-03,-7.532131072133236411e-05,2.523408206936155916e-04,-2.315216870195101713e-05,-8.547158823494724897e-04
2.364622729432927506e-03,-4.216707161847784401e-03,4.157825345309796444e-02,3.434346906943011590e-02,6.626508677170056538e-02,1.057425639175771648e-01,-1.545329897772050043e-01,8.511494664647814012e-01,-2.078953442645642413e-02,4.566694410488307820e-01,-1.209040865897187261e-01,-4.364832430667439644e-02,-2.717874625693366894e-02,-5.666960477491667265e-03,-7.898923585029786476e-02,-9.271782991664598642e-03,1.111105899186798883e-02,-1.603691987672636529e-02,5.827746362085186455e-03,-9.976303115627463067e-03,-3.599612803174637773e-03,4.606464388859337310e-03,-1.189130038280328608e-03,8.478869890156211426e-05,-9.998984901558169089e-04,2.573787794300487703e-04,4.114372183810938188e-04,1.808182679526553708e-03,-1.152333396399810072e-03,2.492447896934629932e-03
5.946702192592803055e-02,-1.058629275999751623e-01,9.796553625988628777e-01,8.336324673066916602e-02,1.228651410513962178e-01,-1.230256201709027837e-02,2.791486004355455200e-02,-4.737025465301514249e-02,1.100071115319646575e-02,-1.269090105170955773e-02,4.692892972574244821e-03,1.455543962029867287e-04,4.378141916494439475e-04,3.793893022975008836e-04,-2.710663304139845995e-03,-4.222735516266059664e-04,-1.312322735803452065e-04,-4.468709722999928877e-04,-6.044590205132216221e-05,4.158323211304153357e-05,1.766490902923303300e-04,-5.719855397460404711e-05,1.549203566494001923e-05,-1.680846619893208217e-04,4.638823238268427972e-05,6.855500030764206498e-05,1.028605141541992984e-06,-4.464847715960950308e-05,4.791466823393548686e-05,-7.121020214650441620e-06
-9.041402387342112405e-07,3.028609087982307321e-07,5.492438702772023396e-05,1.286372070418713912e-05,-4.395697536274379536e-05,1.059771908086994937e-04,-3.099196961381241134e-04,1.529698628299613200e-03,-1.240275277690600650e-03,-1.697826272947242868e-03,5.050853991228116194e-03,4.526300588009263270e-03,7.053508958022020221e-03,4.942872438774893219e-03,1.980711716183261237e-02,-2.613400265210307286e-02,-1.580902316603693264e-02,-1.137264227179445204e-02,6.373054707873211655e-02,4.741937356882609117e-02,-9.289826375023819971e-02,-2.608505790912461070e-02,-4.639655791828088682e-02,-1.860524576220731474e-01,3.774475462883064569e-02,8.857204627497940186e-02,-1.331202810556956773e-01,-3.011605259997012785e-01,5.997753133550340343e-02,9.081541000240164196e-01
7.205405155854294388e-06,-7.513246984099697987e-06,2.052262249536318701e-04,5.116676825596895876e-04,8.816250750191238642e-04,1.566387960071668518e-04,-1.621282699968002328e-03,6.466613749635599651e-03,-2.291415165664082570e-02,7.346063853690170536e-03,4.070817253234303851e-02,-9.774587998256754548e-03,-3.227363291023497421e-02,6.961555354754207781e-02,-1.787667893887269488e-02,-2.020596886844272175e-02,-3.619027323638489002e-01,7.628978533509454818e-02,5.562801248484729177e-02,2.229151133967397225e-01,-8.258532301633705885e-02,-6.025860564949415965e-02,3.812383676007851524e-02,-7.266861810995219884e-01,-1.451123095002283536e-01,-4.361251077889833905e-01,-1.452373337088537775e-01,9.557973096406205404e-02,-8.338187996939934454e-02,-1.140410000150718361e-01
1.200230702332275514e-05,1.190577065531280118e-05,2.576994854796950331e-04,6.252840923733754813e-04,8.729596499746411411e-04,4.582756793429520223e-04,-2.336680343185984238e-03,6.857426736119446448e-03,-3.367435942316531622e-02,1.549057820052059629e-02,7.703132248525645931e-02,-1.218541428354919659e-01,1.108799476762507286e-01,-1.135898434339980244e-02,-5.656958449962242591e-02,-6.924470401859529611e-02,-6.119927134689502335e-01,1.079727016983441368e-01,1.974905634939797816e-01,5.091278958002519728e-01,-1.031338716406429018e-01,-4.281383843206380130e-02,1.711479613626973595e-01,3.745618545448112791e-01,2.058029658689236041e-01,1.769454119722848051e-01,2.357829901877994683e-02,1.222745383149544396e-01,-6.395862401997880718e-03,4.116280379637880099e-02
4.137002235357186284e-06,6.316857032063827764e-06,6.287113175454390860e-05,1.343452909437712337e-04,3.448662352027603048e-04,-3.326820115166059712e-04,-5.696584055745591933e-04,3.265643949453961130e-03,-4.713497953909350467e-03,3.735290358072292788e-03,7.826051265852829869e-03,-1.201860784373484474e-02,1.007967504972400244e-02,3.797464512884858243e-03,-1.162323034611681752e-02,-8.902407778146448347e-02,-7.104241102583763734e-02,6.111478649550274728e-02,-2.036964968013093343e-03,1.177496977623888469e-01,3.724896227107019498e-04,1.429950615323929107e-03,4.185759196926657627e-02,-4.927680322168773684e-03,4.175443266637300817e-03,-1.222275656252708577e-04,-1.970399581865198493e-02,-9.059327447562216529e-01,2.018437507787944618e-01,-3.244688730659850973e-01
-1.657472154931216597e-06,1.829074524778844365e-06,1.205699447059546897e-04,1.176056888736678357e-04,1.819404653950368084e-04,3.383172204308250485e-04,-6.307104449520360831e-04,4.605981602215114025e-03,-1.607894564924246391e-04,-3.127981107727560977e-03,1.299149097834048291e-02,3.079736306165286718e-03,-3.860278547110778530e-02,-8.144455474944997664e-02,1.075159691779609128e-02,2.501666840061006480e-02,-5.359539791605348602e-02,9.319548263995858228e-02,8.222696273012236601e-02,-1.126888890703629797e-02,4.905451579747147767e-02,2.765170255417614617e-02,7.030968471070693504e-02,-3.981424470713981201e-01,-2.711914151105864201e-01,8.444415293038931569e-01,1.480479893239282016e-02,5.073191728292512914e-02,-1.818468021704738521e-02,-1.268759088468552898e-01
2.647090880452458694e-09,-1.757791401663769288e-06,2.999122904207028785e-05,3.276865415483999210e-05,7.835011411971956781e-05,-4.214876500221796896e-05,-2.366421896173989464e-04,1.216767131371226289e-03,-2.912838590996503531e-03,8.268521200531228155e-04,5.099500525982535171e-03,1.653019847509327187e-03,-2.086092791518923215e-03,8.509533096283744547e-03,3.630689370042003861e-04,-3.637791185668606819e-03,-3.790262115510462798e-02,-2.099519911434376968e-03,-5.349753070916303706e-03,3.186604978651290387e-02,1.478756428889370020e-02,-1.231841778892390771e-01,2.522938215462742009e-02,-1.325075675454553126e-01,-3.020720221837918523e-02,-6.974293567922733306e-02,9.718134445702129032e-01,-4.288972454728866290e-02,2.976728852378407800e-02,1.042784872495782778e-01
7.346654464428864495e-03,-2.104697950582123478e-04,-2.296502647686101892e-02,3.183213635778520123e-02,6.841573983133500403e-02,-1.350245691763130307e-01,4.178012013569032401e-02,5.775959270451157257e-02,8.417747732407268035e-01,7.660957319855250802e-02,4.510488493664207565e-01,1.489099727524499095e-01,5.982503370633176359e-02,4.344966046604535614e-02,-1.560141590907727915e-01,1.694224795864396685e-02,2.044034047530848310e-03,-7.700307668357032030e-03,-8.503534565509625331e-03,6.853067354987547833e-04,-2.203931127140051210e-03,8.596415467752485662e-03,3.755124279609186808e-03,-6.058203413088670978e-04,-2.769046840324174662e-03,1.583622484346369460e-03,3.802618467234470637e-04,-1.407986954406256460e-03,6.534965495827108756e-04,1.263804570525559187e-03
2.405589272000596170e-03,-1.521994557214393327e-02,-3.819971543355177301e-02,7.529164743172906960e-01,-3.102583691422483025e-01,1.601617057035842617e-01,5.458048050267486628e-01,1.682903689328742527e-02,-3.533612265868142600e-04,1.018205069781973199e-01,-2.952185556802104649e-02,3.490789993815185746e-03,4.475545723905414823e-03,2.063893001991115410e-03,5.562250459878960787e-03,6.745440661159885637e-04,-3.563499663932473156e-03,-3.340034093677687757e-04,-4.054624856726837530e-04,9.514018443588920975e-05,9.159486687341849773e-04,3.195204107132041727e-04,2.047964846633513179e-04,-5.164693330572749878e-04,-4.158957470630962822e-04,7.772708625216602583e-04,-2.900087174368410882e-06,-8.256383224553495432e-05,4.492826000324437881e-05,1.801359505121044591e-04
5.112105247675567676e-02,-3.363816472171625525e-03,-1.295540477361242226e-01,3.435948106190024331e-01,7.964536468655113444e-01,4.355995381861469951e-01,-1.428530194878833703e-01,-1.137687403478629122e-01,1.697957985819886079e-02,-6.775030543813549688e-02,-9.199335362560026597e-03,-6.832581122895860920e-03,1.205333244393890597e-03,-2.902111932223474275e-04,8.888823582643203339e-03,-1.146355540858546695e-03,-1.592374388152746839e-03,-6.985359700338629333e-04,1.790297852558043741e-04,7.852398367572277103e-04,1.025115566047081006e-03,-1.200305077379452707e-03,8.537574514283625645e-05,-2.789024000921516092e-04,1.447652447316727668e-04,-1.639905135643415324e-04,-6.349661607640446736e-05,-2.095624706794065528e-04,-3.142961026036270386e-05,-2.584453506583420405e-04
8.455179280722883162e-01,-5.211052900757258133e-01,-9.917085419847204708e-02,-3.368555527208114131e-02,-4.393343301519711530e-02,-2.291171027528619841e-02,2.443100709140405384e-03,6.807766075857960356e-03,-7.647552249319141023e-03,9.845238770034244781e-04,-3.323941625837040139e-03,-7.012923567650347851e-04,-3.797166001929865053e-04,-3.635268441956112317e-04,6.650091927640052131e-04,-2.699602922631541251e-05,-1.122922551895869859e-05,7.680469483722296095e-05,6.165086383498229931e-05,-3.155561143860584041e-05,-4.078077200238469353e-05,-6.653298812106296525e-06,-1.909714710267902021e-05,1.289867605836765807e-05,1.454935136857998100e-05,-8.373110545842560995e-07,-9.322843032429811147e-07,1.536601459734870170e-05,-5.374958031749882616e-06,6.122017859871409377e-07
6.856022388285868099e-06,-1.194638048721086501e-04,-1.273956139695374651e-04,2.367921171114753217e-04,7.026926584918482752e-04,1.133219926013150254e-03,3.148130900533198644e-03,-4.789832621277986791e-04,-1.284963713149000521e-02,9.083611746482036023e-03,5.525692618423565239e-02,6.365134923808832279e-02,4.232126244780119034e-03,-3.261879558698180942e-02,1.018028723984379241e-01,-2.929034494865042082e-01,3.414541277795216656e-01,-3.653760260890458467e-01,5.323380471312656459e-01,2.713672179638034199e-01,-3.546350692551908379e-01,-5.998876997077873252e-02,-3.183779276207545084e-01,-9.423193699975385140e-02,1.631667029901670007e-01,5.194311882963977695e-02,2.278700547080770786e-02,4.439857952561945820e-02,1.113159690819016945e-02,-1.293760732690721060e-01
1.123812371599122804e-04,-5.933273077750636200e-04,-1.045631452022347712e-03,5.825070236959469308e-03,9.660335693059188961e-03,5.060762812339573112e-03,4.927935763192633697e-03,-1.425513763494475235e-02,-1.761315882508727448e-01,8.148718058622028693e-02,3.739053659790846917e-01,-3.019930259971707019e-03,-7.291800627673865609e-01,4.867874382543786460e-01,2.971916301823783121e-02,2.613136974336500648e-03,-5.372685810241995680e-02,-5.491587627829423897e-03,-1.079770380240609347e-02,-6.850449327824330303e-02,-1.552486917939461530e-01,9.421979283910524028e-02,2.968097061308392834e-02,8.464771560402117867e-02,-4.399190629316703655e-03,4.826010030985339316e-02,1.851546445681870323e-02,-1.043015336598912589e-03,3.341931700059158628e-02,4.965015693913854902e-03
1.949288220674882748e-04,-5.237496599656670795e-04,-1.381650673790653155e-03,6.942991432138701478e-03,9.139734127090938520e-03,6.838288935151422970e-03,5.344556715629448368e-03,-2.106076149501715997e-02,-2.440391127935920557e-01,1.295649762081270695e-01,5.921878616286114783e-01,-6.283614122623015774e-01,2.721576079207023158e-01,-9.207844691686789540e-02,-4.376174247379008286e-02,1.572558746609490077e-01,2.116479846007718046e-01,-4.642816279483767683e-02,-4.563571165786819289e-02,4.815839999351334555e-02,9.250012319192352228e-02,2.400541680006018294e-02,1.656867195083111532e-02,-7.930500786272261238e-02,2.808784222577349540e-02,-1.854240543524011964e-02,-5.003290172773394197e-03,-7.588334694431371312e-03,4.818684798647593533e-03,-7.338615949351664927e-04
8.087043589709659228e-05,-1.218939128837477680e-04,-5.437505505322898572e-04,1.512861587368873701e-03,3.317036589919494533e-03,1.888395007272134082e-04,2.605102094430552552e-03,-2.786869782412791652e-03,-3.583908377207024876e-02,3.054314779913657255e-02,1.075747484314692887e-01,-2.384205845984979991e-02,-1.441438215298081887e-02,-7.326579023038877481e-02,-4.013753230248013476e-03,-7.536231575112725123e-01,1.761542078277187340e-01,4.794054213230318773e-01,-2.834289811066204590e-01,1.395089885774242477e-01,8.275768029335942716e-03,-2.429563644151666937e-02,-1.115489301853437587e-01,5.055295232708979097e-02,-1.604874404857717096e-01,-1.633462612816657944e-02,-7.917298646635977967e-04,8.571255380404473045e-02,-2.323346892145369477e-02,4.303305407732399557e-02
1.685612211475980446e-05,-2.683029112712292052e-04,-4.740093407458897371e-04,1.407452051999617945e-03,2.845151056918935901e-03,3.490312755176244210e-03,6.909421736027167825e-03,-7.894941464258455402e-03,-6.249274321151226247e-03,3.127824887509691315e-02,1.365015672689258164e-01,5.677309940148440870e-02,-4.652899277455111449e-01,-7.869848421407829031e-01,2.002541361257809474e-02,1.538179058852649495e-01,-2.860504622909589619e-03,2.209192088302544266e-01,2.176970803847626257e-01,-3.319475319466669294e-02,3.093028997442607772e-02,-3.851583893893176236e-02,5.872533982714728262e-03,3.893666250047805172e-02,3.444544773363771711e-02,-1.186701647644100160e-01,-1.718681336671240047e-03,-1.778176693703108560e-02,5.108594365079350587e-04,1.437741467150482552e-02
1.648011061313636748e-06,-9.733005638695123838e-05,-8.437731240603342443e-05,4.620244885858167767e-04,7.764214882142863932e-04,3.727543237870991179e-04,7.464238138498851269e-04,5.352087208190407569e-04,-2.255731612252021359e-02,1.413072644744101103e-02,5.429014516706026638e-02,1.508383771340635060e-02,-7.655453306114552714e-02,5.431181540464058433e-02,-2.518360935671319807e-03,-2.904343140640330487e-02,3.792964136182054580e-02,-1.177973320656993395e-01,-3.988648577569906678e-02,-2.735956580579262595e-02,1.367792554961839713e-01,-9.243291032634657345e-01,1.068910709865954628e-01,5.397739771327552533e-02,-1.623452458752548677e-02,5.186974074752446345e-02,-1.038018400795025914e-01,-5.719336166759934892e-02,-2.532450679446642816e-01,-1.533100618493764972e-02
