5.341384382264285566e-03,7.963422546946551800e-03,1.142040403736696054e-02,-4.508880976223920978e-02,-2.837097027835476862e-02,-1.170541367518905390e-01,6.054852581146828727e-02,-1.057837296396446775e-01,4.334208065195295778e-01,3.528462087002252195e-02,3.959990578802412564e-01,-7.013334208263547476e-01,2.390304540706729985e-01,-1.113336744014820218e-01,1.485332930029167608e-01,1.135044762638121735e-01,6.627628717808765890e-02,7.060766720985446609e-02,-5.748574300560865824e-02,-8.564318270794754606e-02,-6.982728253051302680e-02,9.286113456635179675e-03,-1.050045542118458602e-02,3.161384296446136111e-02,-3.111679165574747497e-03,-1.205720698608028898e-04,-2.013392119136731863e-03,-4.005647971708173327e-03,2.055525902940025587e-03,6.835321755942592503e-06
2.286628038725313072e-03,-7.176933727519273047e-03,-2.029862706160587369e-03,-2.528603178773942695e-01,5.179874445863890120e-01,-3.526892660853984673e-01,-7.272402642893347480e-01,-7.775898150843936485e-02,3.030107206143858173e-02,8.116218556312203292e-02,-2.510467645494960862e-02,1.195913034353119839e-02,1.047748376778745395e-03,-4.689842249795786108e-03,-6.906353176921620207e-03,4.619496964596660205e-03,-5.119986518225111676e-04,5.708916005884171266e-04,-7.890092319995601006e-04,5.962449611059024435e-04,6.705455995321826183e-04,7.930089362555260094e-05,1.052454065003108124e-03,1.562838362203302386e-04,6.387981386741038757e-04,8.730888722687969597e-04,-1.413313934300988218e-04,-1.539515319823960861e-04,1.033935702790853521e-04,-1.701278571534722500e-05
3.682574400589160718e-02,5.349908872231217555e-02,6.433329891796804589e-02,-4.332729707528456542e-01,-2.351920389606121653e-01,-7.718130526659431334e-01,3.387198144686652257e-01,5.982286782349525989e-02,-1.584987062681510739e-01,-5.440207478303977356e-02,3.599853981751349134e-03,6.828873141551250470e-02,-2.478832582917439575e-02,9.181552553935634284e-03,-1.422804252142196788e-02,-1.667673944025567512e-02,-1.307818857294419483e-02,-1.168046025399001493e-02,5.951895082689668930e-03,1.157436534742921699e-02,1.228037904748654173e-02,-4.022736420070196356e-03,1.643732285451918358e-03,-3.580530207481037296e-03,1.970326108594466102e-04,-2.032082710144347945e-04,-9.050210084769930001e-05,3.364842234955596370e-04,-5.023593274331408960e-04,1.496396426462451605e-04
5.385214439113332752e-01,8.325322870118685437e-01,1.049901230687670245e-01,4.197587910980394438e-02,3.721629149580058665e-02,4.852348427682423582e-02,-1.787670621339226829e-02,-1.054693451568338705e-03,4.423332322842149153e-03,8.884148555287960493e-04,-3.889426599757033181e-03,1.865830789745017825e-03,-4.528717210969961690e-04,4.317354393808620831e-04,-1.729462014097472725e-04,-1.000545787724926069e-04,5.101850264025497786e-05,1.553420209146646986e-05,1.680432406319863593e-04,1.477341167723920544e-04,-9.032708809337565686e-05,1.187671588383534772e-04,2.260833087928224654e-05,-5.316286327504713354e-05,5.380066045001647400e-06,2.216518316579976322e-05,1.937982489434041092e-05,1.459877567808225956e-05,9.787300217589032348e-06,-6.398833385843441444e-06
2.659428760911618826e-06,-8.815673741378553924e-06,-8.034832864826207119e-05,-4.489828844874283451e-04,-3.976757136549028630e-04,-7.784566598633762223e-05,2.100075152563293454e-03,2.801834358689513863e-03,-1.193983171075786200e-02,-4.649991011357089768e-03,-3.066951413908459642e-02,3.707131827791671635e-02,1.958998670615902035e-02,-2.367796602837822853e-02,6.813607466412838209e-02,2.575186479980862697e-01,-1.239403969778944126e-01,2.719509349197176129e-01,-2.495363631972749574e-01,6.067371174524362892e-02,-4.545034734777825269e-03,5.214511877502443771e-02,1.163830877217188475e-01,-7.415337369908039378e-01,-3.190283071671087267e-01,2.832182712188409113e-01,5.098676320723898731e-02,-2.460970804263582987e-02,-1.376791282062448385e-01,5.263563755829967807e-03
3.999606226731438669e-05,-2.347860832746344328e-05,-1.860094758241007974e-04,-3.686287612305540803e-03,-1.641025025439280839e-03,-1.311129704942973206e-03,-3.222155181085296482e-04,1.693321058400266976e-02,-7.812221369073157895e-02,-1.053102362662663473e-02,-1.183768690007107327e-01,9.012688215044889484e-02,7.037052276141582408e-02,5.225186256973723270e-02,1.338564265427289179e-01,1.659069389293456875e-01,1.547138445976781740e-01,2.721760319887848167e-01,-2.077290192068063368e-01,9.009943297029117393e-02,-7.724158059416889044e-01,2.809266803039592308e-01,1.262422002326568926e-01,2.281381670867060063e-01,1.164542305665382388e-01,-1.127095545747617590e-02,5.188832367603529727e-02,-9.466485208585309619e-02,2.954119684534965446e-03,-7.320331530701659067e-03
8.156019172721754246e-05,5.644789957126486023e-05,-3.428484317328284506e-04,-3.708344077584179669e-03,-1.105846218513863426e-03,-6.138248556836743176e-04,1.432793924647790106e-03,1.984717980284238584e-02,-8.549426399018968115e-02,8.210413680665855016e-03,-1.984106585960069280e-01,-6.179602660234686379e-02,-2.583492448254954832e-01,-7.350212547964388166e-02,9.828884742123342177e-02,1.164035865434975003e-01,3.946515487880628559e-01,1.420617966958721834e-01,-1.383127700490863476e-01,-7.042672073390602305e-01,1.695560663575023386e-01,2.684296180506067636e-02,5.058206780748819575e-02,2.040403699724942788e-01,-2.473029384442449741e-01,1.648107072500003545e-01,2.158622020036474534e-02,2.891266829797255623e-03,1.119415872704360507e-02,5.750024755788747839e-03
4.869870401503437343e-05,4.077501646531802952e-05,-5.810494302681411976e-05,-1.556166433234290125e-03,-6.767196693005370816e-04,-9.667718776260205262e-04,1.475349446506921429e-03,8.676784367079162091e-03,-2.754584394620758492e-02,-1.352103250472428938e-03,-6.527085949459894565e-02,3.404031840242572465e-02,-4.777206492607964650e-02,-3.851517605136261374e-02,8.420161483701192606e-02,3.134361288211459651e-01,6.073764850281500316e-02,-4.417447047608692723e-02,2.434552078526933810e-02,-3.205138589979314445e-01,-7.117616879519254869e-02,-6.543230730650816118e-02,-4.004993251164825629e-01,-3.924101813067987776e-01,5.755194082568527714e-01,-3.455813712533673532e-01,-9.853911881846005860e-03,1.631370378375981631e-02,2.779016562103334489e-02,-1.271205625444451863e-02
4.360880437159893682e-06,-2.894681592138092515e-05,-1.571917663885725243e-04,-1.106411593793901705e-03,-7.299262122920696563e-04,-7.896107686870310711e-04,2.044218427324650048e-03,9.153421009442304704e-03,-1.912918799166382633e-02,-5.830546171693291348e-03,-6.507521361959076045e-02,5.714022883382546825e-02,6.772736250622655996e-02,-3.344232795523246482e-01,1.313158346525995779e-01,7.422391691182708695e-02,7.349122942971597627e-02,5.748549221213364868e-01,6.960021698574201388e-01,1.035114405715955727e-01,5.929663660074361436e-02,-2.710444787147878523e-02,-4.307324033797416823e-02,2.024314210000950978e-02,-8.621558097508254248e-02,-8.214329896335874348e-02,-2.668704103303112113e-02,-3.704392300899595532e-03,2.036211792484870706e-02,1.076739427327498642e-03
-3.172687937866739907e-06,-1.284258145428057240e-05,-6.577352766627429033e-05,-2.702611656964003868e-04,-1.084949134706256468e-04,1.326313366124093308e-04,-2.264729606748453069e-04,3.467217735121644415e-03,-1.088520671500118296e-02,-1.543594618461311373e-03,-2.072929315768487837e-02,1.341563166365656104e-02,6.151430212460075840e-03,7.509005594597953359e-03,2.078455835988020708e-02,3.752285035970036320e-02,3.599386155283088723e-02,5.820649443052865191e-02,-8.787712000372646659e-02,2.324787383687380166e-02,-1.455905057928626734e-01,-2.434764326684668023e-01,7.122762252067459110e-02,-1.121737084991259511e-03,-7.339578861201995208e-02,-5.525324196157468948e-02,-4.922556171334496189e-01,8.024225002217055813e-01,4.936273341047150293e-02,-4.184099779434884148e-02
3.181433941814095249e-04,3.403790546495512434e-04,-6.685005158129448712e-03,-3.554241836533781566e-03,-2.262950980598598099e-03,-8.214985349087353811e-03,-1.078361386679714019e-02,6.305588717918629571e-02,7.623342582327381767e-02,-5.242686977664953729e-02,-1.343055983495362316e-01,-2.690185544597215733e-03,-2.346487981772785725e-01,-3.947537462793448970e-02,8.852001447673010226e-01,-1.885088878796800926e-01,-2.532897230844630143e-01,-1.640835983066052939e-01,9.628450479720249405e-04,4.314934972001779195e-02,-7.761835659595256150e-04,-9.525784572164948047e-03,1.534417571420315825e-02,6.482734316255663563e-03,-7.515614477537161178e-03,3.305893471059839859e-03,-4.470729383330738355e-03,-5.520081697705291008e-05,2.825109464596792588e-03,5.728620030024760695e-03
-6.761151657044143831e-05,5.069263142938070085e-04,-5.551213289657001664e-03,-1.086254924663236816e-02,3.971083123735139053e-02,-1.965985649387138115e-02,6.415136404745390430e-02,6.541897082163518062e-01,2.129334816905663619e-01,7.140821455018757646e-01,-8.809677797099675634e-02,2.991115117272516097e-02,2.818874388187943628e-02,-1.066705622371337233e-03,-2.978125302399613900e-02,5.387958734711879860e-03,-8.642166354564301267e-03,-1.315568036332727007e-03,-3.420595931453791066e-03,5.549644611216267114e-03,3.919852434843753165e-04,6.995149322774602387e-04,4.703861334328857287e-03,2.385051862392516351e-03,5.044552816810897455e-03,3.655742921295119206e-03,-1.002020607762392528e-04,-5.245982719523042438e-04,-4.174942891867636311e-05,1.685491229544909238e-04
2.345565991854126151e-03,3.995288537469540713e-03,-4.817538076503270067e-02,-5.163568344161120066e-02,-2.105852456581575050e-02,3.298121972769128135e-02,-1.586184202975894630e-01,7.054229858030657274e-01,1.107464199730784637e-01,-6.650826279676720354e-01,3.227695712126064324e-03,-8.369282758399466948e-02,4.247979463503131353e-02,1.391830164555335481e-02,-7.932813917097043810e-02,1.979797442730008364e-02,1.152377332415222000e-02,1.084908143653868021e-02,2.085181202257185579e-03,-1.023534772282246041e-02,3.308305036332756782e-03,-1.157522991872582570e-03,7.548418992729625382e-04,1.422278771195011190e-03,-4.671542855006337747e-04,-2.308487170006684962e-04,-1.020745402286450448e-03,-1.985703385124025239e-03,-1.036742920286824613e-03,-4.969495831982652899e-04
5.369279572760093933e-02,9.624367410871004225e-02,-9.892396052423918507e-01,-7.269281276086748955e-02,-2.229138671721968279e-02,-1.752965927005674732e-02,2.700950401994053549e-02,-4.005741644243818178e-02,-5.589476292602802571e-03,2.805829037295339001e-02,3.084896113789949851e-03,1.949413321216629351e-03,2.112159896768775892e-04,-5.781151794170433190e-04,-1.793864223435101416e-03,3.556365028641545541e-04,9.177276248300674779e-04,4.253596135235319367e-04,-1.645812728016563344e-04,1.406537683809334482e-04,-1.589147947939663352e-04,4.433555846729935048e-05,-1.373065282905533825e-04,-5.111123035063910890e-05,1.197296917159356474e-04,-8.749626101848504849e-06,5.053037904448849036e-05,7.731442095876868285e-05,2.657969984698919927e-05,-1.278180213562521871e-05
-8.866522878390731136e-07,1.094508343047447764e-06,-3.995081327535967685e-05,5.018337737951991716e-05,6.712989936198886741e-05,-2.390447466629380926e-05,-3.185033665906719723e-04,1.170852213811339514e-03,-1.299120508700920109e-03,1.943753550461762105e-04,-3.835817614795186160e-03,4.546141205961456294e-03,-2.554594789338076113e-03,2.771542161787342964e-06,1.414893269325193277e-02,2.621562008360120780e-02,-4.301821567908390397e-03,3.345774733391962408e-02,-3.960795680608480279e-02,3.396450918631401666e-02,5.424846900209667755e-02,2.959491459542770361e-02,-1.298519279527251269e-01,1.493012051082551472e-01,-2.824326110599317471e-02,-1.608494837722156678e-01,2.412414358030059991e-01,2.079621642325481801e-01,-9.055858369882150427e-01,-6.351663991008436871e-02
5.542930576478929226e-06,1.143217116807580015e-06,-1.199518132781313671e-04,-9.655078676437021078e-04,-2.826454179005561621e-04,-8.241846672931803968e-04,-2.488097598262514060e-03,9.173921112719082144e-03,-2.142811344768582107e-02,2.345588453294617567e-03,-3.972326728513220911e-02,-2.656585511091594937e-02,1.512058027890306536e-02,5.523591123873083236e-02,5.222334673078841277e-02,-1.099459938670206971e-01,2.861239838287519266e-01,-3.149712757216176912e-02,-2.938458547068230342e-02,2.275204109600837687e-01,-8.706453211687392724e-02,-2.551507102244376934e-02,-7.837107269861283143e-01,2.464717757571925974e-02,-1.421011453158055604e-01,4.177033806737542321e-01,-1.220014052724770204e-01,-2.583556347770413902e-02,3.851580205213902522e-05,1.015610826937188571e-01
8.530567378956615445e-06,1.559054297004002472e-05,-2.338320979965314423e-04,-9.887849272547288761e-04,-2.917430684678165554e-04,-9.973080593806402973e-04,-2.127745404451901988e-03,1.290066941837883854e-02,-2.816203528180329096e-02,6.804452660854101373e-03,-8.472263827891836352e-02,-1.439163452376218399e-01,-1.859204946255993696e-01,-1.697170484542595906e-02,8.069736760711992973e-02,-1.926597898525623798e-01,6.670351499760928116e-01,6.831476588306127640e-02,-1.641700569942362853e-01,4.092334898915498953e-01,2.357344090253248314e-01,2.066331972090842614e-02,2.525524201477898911e-01,-1.837399576140770208e-01,2.191527876861825985e-01,-1.833630147881794292e-01,-7.428382698092242387e-02,-6.318049521780685907e-02,-4.547592298632227581e-02,4.263878181788658545e-02
3.167072006358940820e-06,6.252269310600395694e-06,-4.931392849747421236e-05,-2.922159189885354096e-04,-1.664772170270568063e-04,-6.880247604452099193e-04,-4.784640279861785382e-04,4.115779822479289501e-03,-3.501634368318254798e-03,-8.298795455460044766e-04,-1.010248640519645011e-02,-1.489500713718651045e-02,-1.460649931024949645e-02,-1.025502576391279291e-03,2.861208960057502054e-02,4.584165737632475701e-02,1.129061832664217946e-01,-3.574275894729364578e-02,1.533906042407330063e-02,1.192789839656395040e-01,2.907467479524135714e-02,3.885832458325364641e-02,-5.077639186991924486e-02,-1.630599213741402292e-02,-5.958974645156271850e-03,4.892122631088388629e-02,7.886170235268055162e-01,4.779914895536074293e-01,3.266998814929936712e-01,-5.717543750956843862e-02
-1.136995094962646878e-06,2.026788432462903869e-05,-1.137442988674858003e-04,-8.304465957475227762e-05,3.069133462860005869e-05,-4.984321623213415226e-04,-7.295589611152879933e-04,5.486669410619133755e-03,-3.941218131739356208e-03,9.938235516362718333e-04,-1.537956537018828236e-02,1.663354116881130690e-02,2.587017869641428103e-02,-9.262764019426303341e-02,-1.322625675432703880e-02,-5.090921991647041206e-02,3.635165084584229128e-02,-8.211515277738540286e-02,-1.438447552537661933e-01,2.589942677949214067e-02,-5.974351251432979959e-02,1.661866239221667652e-01,-2.310758529801216765e-01,-6.539069120744460395e-02,-5.882340904786608204e-01,-7.036365571665094132e-01,-9.491308875995382519e-03,-6.508228161284260183e-02,1.501489262156116278e-01,3.381705276274134253e-02
-1.344146997287625537e-07,1.999723324080610593e-07,-2.839243878357315079e-05,-7.943527742702357491e-05,-2.909404463735480650e-05,-1.467645224446490588e-04,-2.863063494576987872e-04,1.649996607314735972e-03,-2.537645731674408392e-03,8.248750165228713746e-04,-7.336050421645448801e-03,-3.960572606285975295e-03,-7.407476205659022442e-03,7.983639014310841414e-03,1.534213605016837741e-02,-1.471712089908612867e-02,5.984374868379752771e-02,3.612703401369402219e-03,-2.532945063386824597e-02,4.098923364612241937e-02,-1.731588735434506920e-02,-1.265471604101091607e-01,-5.775178287169748653e-02,-4.321535014666087401e-03,-4.934329546300391528e-02,1.348022652709070061e-02,-2.787011496368506369e-02,-1.172050612667966535e-01,3.809564600283240482e-02,-9.773353778961890725e-01
7.253401278655356200e-03,-2.462568734483913408e-03,9.258389405592001506e-03,-6.977967027015700985e-02,-3.989072394827802154e-02,-5.815908365692699228e-02,8.654758258200506704e-02,-2.104409053998781698e-01,7.780503212044309613e-01,-1.218803509734848467e-01,-5.032892910327287916e-01,1.958151398894437123e-01,-1.822863167186229011e-02,8.828806045731650565e-02,-1.306472629454018819e-01,-1.039034443499224983e-02,2.077271598029454408e-02,9.030604665530428746e-03,1.855497847819180882e-02,9.794009796581487626e-03,2.970155568424887385e-03,8.176801711889617602e-03,7.570983916530077623e-04,-5.981761808032638565e-03,8.010686247487450011e-05,-1.483018563237842010e-03,9.686916521920244929e-04,1.743053028666962084e-03,-5.155474289836715993e-04,-7.149026922995798663e-04
3.190626407883905263e-03,-1.934682133792921949e-02,1.695369477123768315e-02,-3.819482881685048459e-01,7.209017501280339246e-01,2.350883976418299548e-01,5.179956375908993937e-01,1.873964123151684522e-02,-2.739064424544742499e-02,-9.085652746483748043e-02,2.517874271125094404e-02,-9.175381519224918084e-03,-2.384995297143186789e-03,2.717387636148821915e-03,7.475026068467628335e-03,-3.183517374172567353e-03,1.072495894728079302e-03,-2.828967788492493460e-04,7.657800964736352634e-04,-5.390919748697530715e-04,-7.848991293902979902e-04,-4.967416721495778782e-05,-8.399319952341384064e-04,-3.605657728783028351e-04,-7.335698882668200121e-04,-7.240225549700891449e-04,9.801548987744572645e-05,1.385722100628061261e-04,-8.171332733944500074e-05,4.026449841008766856e-08
5.012258508872850099e-02,-1.456212740352692651e-02,5.684036190086523554e-02,-7.637611737219429653e-01,-3.876713713121425764e-01,4.499872936573646176e-01,-2.151813265025784849e-01,-4.540231046228753592e-02,-5.780128285723070899e-03,9.028451884339587508e-02,3.419132112913506744e-02,1.129490233193661351e-03,-6.474128139382478650e-03,-7.568122566953387927e-03,1.051179878565631880e-02,5.373135613054710533e-04,1.877508776436163202e-04,1.011936086649169349e-03,-1.922506436716419579e-03,-3.217571397431300884e-04,-1.202575903591651804e-03,2.736570370198349099e-04,-4.394102314711773451e-04,1.412123980038190729e-04,4.344182804750413993e-05,1.299997009903205319e-04,4.032055913651026518e-05,1.869976576193104053e-04,1.782075350333140904e-04,1.067471671856204059e-05
8.385351004868686342e-01,-5.422554211916031930e-01,-1.038171811837864354e-02,4.556120588200020943e-02,7.462465426505054955e-03,-2.182127668078691698e-02,7.068465322026424962e-03,4.018422294113144222e-03,-4.876451935299969814e-03,-2.490206871884608798e-03,2.137710397726247467e-03,-1.231887545306292828e-03,3.515810459255193626e-04,-2.731305594103470473e-04,2.766160760090388346e-04,5.063524013486123371e-05,-9.198523931374509805e-05,-6.669097439002440923e-05,-5.624669432896925501e-05,-6.869357384901427443e-05,3.260872753248622439e-05,-6.148254280519843164e-05,8.566166839938151587e-06,2.705149642524793348e-05,-5.732630726236885299e-06,2.410708126061935999e-06,-6.191155707254237426e-06,-1.875726964248497608e-05,-4.118279821592903993e-06,4.373658803752300679e-06
4.481376365097395779e-06,-8.173106379483950851e-05,-9.761653830307214278e-07,-6.515090428189825034e-04,-9.502330594582139947e-05,2.639016278822668617e-03,3.581181863036796663e-03,-3.251942518168715688e-03,-2.017508517534401594e-02,-8.838514696125374798e-03,-5.841261069466046479e-02,4.319866062083453639e-02,3.519222814569279018e-02,-1.104186450917856929e-02,7.522113980795112897e-02,4.081303979337229104e-01,-2.358731931362634260e-01,3.514270112745968011e-01,-4.357006693738533221e-01,2.486722275454447684e-01,4.424373863372133009e-01,-4.447547049496664191e-03,-1.459299498796002570e-01,3.583449095898631476e-01,1.174812143157077382e-01,-6.712457075173525189e-02,-5.552877248198358207e-02,-3.767760468555816922e-02,1.464591177127637922e-01,8.286161152235151789e-03
1.023766178907170230e-04,-4.254678145329718439e-04,3.647501668821390782e-04,-1.081032377611209142e-02,-3.140005252894876014e-03,1.332902249318493326e-02,-4.769451218810447264e-03,-6.598297603950992879e-03,-2.075658294359381539e-01,9.149247303635438949e-03,-3.701763201985057150e-01,-1.195331272793605237e-01,7.539392101548146874e-01,3.682350186667508463e-01,1.821164131515641826e-01,-1.061695243195746596e-01,7.022150268465221501e-02,-5.420360998947670178e-04,4.832395503877038451e-02,-1.153328087840444355e-01,1.651492240591033167e-01,5.445409141429442823e-02,4.334159808765844502e-02,-4.433362096572707883e-02,3.308528114075932544e-03,-3.690579455154417016e-02,-6.489608087870843423e-03,2.190182518537420533e-02,8.330872335274567457e-04,-1.166843643114505447e-02
1.705372768315868801e-04,-3.616257428625530685e-04,3.801320507284162444e-04,-1.131917392312004403e-02,-2.632984397351952228e-03,1.260759208860917635e-02,1.383549601423894387e-03,-7.192321280150352353e-03,-2.285898167996914809e-01,3.163125274992645980e-02,-5.479323942641116663e-01,-6.247075303258341483e-01,-2.871820533116769547e-01,-6.549752314140119824e-02,-2.349563277284643370e-01,-4.960479728891457885e-02,-2.912582641136459150e-01,2.456885206457549639e-02,4.469961247359807016e-02,9.821271622302671367e-02,-1.065632038048618807e-01,5.023095492146135467e-03,-4.458746548386273434e-02,-1.767214740192901701e-02,2.039315885337682210e-02,-1.024059005907707043e-02,7.515253389246093207e-03,9.199148430425243064e-03,2.299697717483289647e-03,-7.279578347098972051e-03
7.388153937584416577e-05,-8.821287382835111027e-05,2.032511794832136606e-04,-3.462527919607750592e-03,-1.592694146684133123e-03,2.880846235721344628e-03,3.855873918183530622e-03,-1.043499999381012440e-03,-4.981855127507964220e-02,-8.983515659140721464e-04,-1.233423146405471515e-01,-3.693626622668274434e-02,2.435178982505402379e-02,-5.204795229555774644e-02,7.480507175405894105e-02,6.935161156063635035e-01,1.798319122505570300e-01,-5.311727315796764826e-01,2.535420431163973309e-01,2.142266253221667416e-01,8.027867363578057580e-03,1.810785031818568265e-03,1.341417425828280441e-01,8.261904029991194720e-02,-1.625882488114123170e-01,6.572573844567349000e-02,-7.761402105270362450e-02,-4.967723672979289934e-02,-4.638542985525758583e-02,9.593216113669375891e-03
1.273332113472325976e-05,-1.890803846581045754e-04,1.893961145324322178e-04,-2.783725110817810138e-03,-1.114555569536257278e-03,5.803622285079538569e-03,6.599731268911242406e-03,-5.859458449642748062e-03,-3.983254053732923627e-02,-2.645925759669740668e-02,-1.741348218648224588e-01,9.658460781956509922e-02,3.374839315365586456e-01,-8.356436981995544189e-01,-3.687069252150970006e-02,-1.456844631227850184e-01,2.905045459485542693e-03,-1.950332657607139752e-01,-2.457573157861935587e-01,-1.968827974075614343e-02,-1.607868529686585016e-02,-2.964821874478587235e-02,2.468298133890469218e-02,9.615021004740853180e-03,9.869019127875874875e-02,1.093613971110098948e-01,1.529113887858553344e-02,6.950988547956543813e-03,-2.207837946184910624e-02,-4.766006662897207327e-03
7.364422663055395640e-07,-6.206142654096478094e-05,-2.557056942691073858e-05,-1.013989637666396978e-03,-2.643518039041085552e-04,2.055831243405631305e-03,-5.530729448400400214e-04,6.384766365019520738e-04,-2.387835980136593372e-02,6.609337197837342930e-04,-5.461488992881952109e-02,1.413373161668800412e-03,5.346461835990946182e-02,5.302024803147813159e-02,3.241591354632390731e-02,2.995796801861796976e-02,5.466268602448957209e-02,6.809312363338906882e-02,-9.596180664868585175e-02,2.501832427800784742e-02,-1.851036117064973341e-01,-8.955965774930733092e-01,4.832799745231324690e-02,4.612007031420978925e-02,-1.070223227464764115e-01,-9.664625367338940121e-02,2.006682104756450646e-01,-2.176767575375130603e-01,-1.717856579618503785e-02,1.476546520912474791e-01
