5.288929852702532221e-03,1.001912821122578900e-02,7.661055042386965414e-03,-1.548478983620850749e-02,-4.337223846670674315e-02,1.412230915044890567e-01,1.591501415322631174e-02,1.091546779449591720e-01,-3.426289904420200538e-01,-9.016307258265429669e-02,4.841748820383376395e-01,7.106377363105106371e-01,-2.287789085387256505e-01,-2.898486747713256359e-02,1.019609932432128385e-01,1.332249180021946311e-01,-9.956225747595749687e-02,5.573897169457471545e-02,-5.228402210075521611e-02,2.349405681235347196e-02,-4.699456964961902516e-02,1.011746023218144420e-02,1.967962873033698643e-02,-1.458471233998307783e-02,-5.391849313929252159e-03,-4.666845334142293890e-03,-3.151205872209756915e-03,4.304992366178853405e-03,2.151386012839992881e-03,-1.376585713171224110e-04
2.288054666909836252e-03,-3.772948075323025955e-03,-1.252133860409744104e-04,-5.215381718264114896e-01,2.712679709899175062e-01,1.480407104521886674e-01,-7.901440616422289454e-01,1.552916317729281619e-02,1.978380785910656067e-02,-8.544053799095070734e-02,-1.258849660472741681e-02,-1.913848541119179307e-03,-2.112605667131283414e-03,4.307794726756059185e-03,-3.056826563376179376e-03,3.003745686696724596e-03,2.766647088041956221e-03,-8.390345526717858356e-05,-1.824626454920971318e-03,-4.677456256850174026e-04,5.765760669299953766e-04,-2.809677780413846510e-04,1.397171481974111883e-04,5.480389424228641128e-05,7.749608395388189915e-04,-1.424629002789423366e-05,-6.748667368662654193e-05,-4.261271353935010790e-05,1.899438458940499628e-04,3.397091723010000019e-05
3.653986273994334205e-02,6.923714120259484572e-02,2.645513039051245255e-02,-1.761951462406654567e-01,-4.072962516713947156e-01,8.569061965972919470e-01,1.293889761149341344e-01,-1.236187157011892634e-01,1.218696147276281117e-01,7.948698784185238841e-02,-2.703096076932234512e-02,-7.982525058965050935e-02,2.611239604896518213e-02,5.275085566281706960e-03,-3.783256090380548130e-03,-2.104033524556626900e-02,1.719968676503109972e-02,-7.302300292747688354e-03,6.132614190904293015e-03,-3.157230875424648156e-03,8.132611035485787579e-03,-3.520094348238191409e-03,-2.031833318594437974e-03,1.739941247730191019e-03,1.271247496071367666e-03,7.779165861098811391e-04,-2.419394495179564159e-05,-4.516111005622041631e-04,-4.733452001303333823e-04,8.225999070801258851e-05
5.205974292935828807e-01,8.491170082872742109e-01,-1.844201955040361204e-02,1.947253566302318065e-02,6.605984149112721637e-02,-5.316196352208878151e-02,-2.438495435292583821e-03,6.279587513143590656e-03,-3.383345781291078117e-03,-1.398383068278750497e-03,-2.919856266421106718e-03,-1.218654006568782632e-03,1.778753543924156688e-04,-2.066389324573447998e-04,-5.756163525729343210e-04,-5.150416565762778274e-06,-1.552368250911801212e-05,-4.961589360168687382e-05,9.514885906030268875e-05,-5.370847583594176312e-05,-9.710327712443784023e-05,1.023573996629804407e-04,-4.238469913878469995e-05,4.379868911403999069e-05,-2.414885145676928742e-05,-6.784525101586269098e-06,2.468477351073624295e-05,-1.089656319646296015e-05,1.039873249348365845e-05,-2.875109297250094060e-06
5.680996348213400841e-06,-1.086830660775021933e-05,-1.377245208806234758e-04,-1.636559824105550506e-04,-7.070243064330155713e-04,3.807130646748888426e-04,1.772395506277423807e-03,-1.276776347619071631e-03,6.984783944084981683e-03,1.144831485893897617e-03,-2.938126719113805588e-02,-3.694111646977003838e-02,-1.574309741194905229e-02,5.738899429173974567e-03,9.329420456099001002e-02,2.334578941283022291e-01,1.157344492821175130e-01,2.938836208993663157e-01,-2.001946015786521538e-01,-1.096653624636814844e-01,-8.339278788487361482e-02,7.147650796819079999e-02,-6.070189044510800880e-01,5.595945330731625367e-01,-7.843862370313035848e-02,-2.720401105150903609e-01,3.564074723504639941e-02,5.236014057536144545e-02,-6.582680746450685072e-02,-1.335092122593141591e-02
4.651614063919435487e-05,4.267787346177232325e-05,-5.344022879668898192e-04,-2.030504468345183198e-03,-3.707585176686540619e-03,-5.485988426152731368e-05,4.106735266104643450e-04,-1.804261038799974057e-02,5.332719513220273572e-02,1.436872283691300288e-02,-1.279381751534676426e-01,-6.795113125245152985e-02,-4.794426486789320901e-02,-1.121354200484279140e-01,5.937522773478019072e-02,2.046805416759936991e-01,-2.758980334084361608e-01,2.145688109915087904e-01,-6.804576105575292633e-02,-1.439484676776799921e-01,-7.213569077803616558e-01,4.016607227202110275e-01,2.427530395273934383e-01,-1.137402179872366581e-01,4.439771529189655980e-02,1.502893179262722659e-03,5.436789086388161413e-02,9.372953631937130936e-02,2.312348854181077787e-02,-3.835723258926680961e-03
8.521404521708826694e-05,1.177582306773078961e-04,-6.802866832928410349e-04,-2.492328435640613245e-03,-3.323621839082655481e-03,-2.528695059487467978e-03,2.685545124787183310e-03,-1.642938830552201704e-02,6.586217977897107501e-02,1.132340969254806012e-02,-1.874792037561130165e-01,3.896775081658735568e-02,1.277540767524702192e-01,1.881403598487265683e-01,1.270077616701538736e-01,2.352493312378475532e-01,-5.744926246721349106e-01,1.140214892237341876e-01,-2.717315347744272414e-01,4.653076893073686549e-01,2.553769030220257585e-01,-1.152411308829418973e-01,2.543477230288402891e-01,1.723838322164748804e-01,-4.550879121746331801e-02,-1.600282473965081997e-01,2.782655563308356755e-02,2.799207522359163907e-03,2.459124990987220094e-02,-2.978728134378874712e-03
5.074972948643934506e-05,6.907138491062229946e-05,-2.610085935066730261e-04,-8.357029573890120515e-04,-1.473404623702872542e-03,-9.335713388461160253e-05,1.346495646460334986e-03,-5.403704558170178973e-03,1.877438301565309900e-02,5.251998250852552182e-03,-6.209467566845371100e-02,-3.533360168774077326e-02,2.413116937156075531e-02,3.906449374372474026e-02,1.207661598758248134e-01,3.188780429259469584e-01,-1.068726333820951002e-01,-3.397265091165655587e-02,-6.283606199572318307e-02,2.674077914379654475e-01,-5.513510087749714378e-02,-6.634636976952873466e-02,-5.933078704426234529e-01,-5.533222904603443126e-01,1.046150920497591064e-01,3.322770395222205408e-01,-1.824281703453553560e-02,-2.520357345097906307e-02,-8.621950490614579965e-03,7.637335712062588884e-03
8.277825637704848625e-06,-4.052414254132321563e-06,-3.195744227263535827e-04,-7.572146658200913129e-04,-1.123684817242918531e-03,-4.798302118118065300e-04,1.427524267507035297e-03,-6.781028173549959702e-03,1.678716166802913037e-02,-2.943797107996878751e-04,-5.383903958029749581e-02,-6.502691766318220712e-02,-2.835530426710178298e-01,1.641225024230812124e-01,4.351327191549304862e-02,1.823331750816045982e-01,-1.085932631004651178e-01,4.774260474909221008e-01,7.511932414045333628e-01,-2.715857225802717489e-02,1.828859075836746784e-01,-6.518795717641089754e-03,1.638025487197856261e-02,-1.698671832081172922e-02,-1.000979861679311134e-01,3.209686015101759909e-02,-9.192344609012218989e-03,7.738830038803775659e-03,8.003827057910034223e-03,-1.257085853770901866e-03
-2.121050498449620875e-06,-1.299257169695278728e-05,-7.874526423874196341e-05,-1.268766576224903677e-04,-2.664767776032698349e-04,-2.959424111408034703e-04,9.532333654650155901e-05,-3.581411303375231243e-03,7.210158631821134839e-03,1.779332681994128060e-03,-2.041225296054146113e-02,-1.012314717438584331e-02,-5.742083656894114013e-03,-1.378740346623940662e-02,6.301622781237094760e-03,3.654425469348956262e-02,-4.992888790920503583e-02,6.385225011782599824e-02,-2.448540460195989393e-02,-5.637015101521902077e-02,-1.821643099308310476e-01,-1.851608070260085392e-01,3.580008669173054270e-02,7.264926259804285746e-02,-6.840716072781190260e-02,3.823125896623317393e-02,-5.099798062607224791e-01,-7.916355298291081199e-01,-1.428836198786642420e-01,-1.078279773910255541e-02
2.841413550859283959e-04,-2.633987720828393679e-04,-8.506741083174448187e-03,-2.675362376252965555e-03,-2.669490665483033320e-03,-4.605496931643241441e-03,-8.347264179032426110e-03,-4.547660194553584251e-02,-1.026524799752667888e-01,1.743362775246909413e-02,-1.067444887538643306e-01,-4.593384802793280819e-02,-6.771722774261130021e-03,-7.004548082992782809e-02,9.478019974442053464e-01,-2.293109611065019537e-01,4.016483512558275543e-02,-7.760106558834724277e-02,5.571311724699789386e-02,-6.603686989350571190e-02,1.113897436510243553e-02,-1.576085504673998758e-02,3.210029737859630000e-02,1.868978737459422307e-02,2.180945272989556413e-02,1.294615780482150785e-02,-1.613320481899549247e-03,-1.435132446884320335e-03,2.715800361596904314e-03,6.048624908054029380e-03
-8.582421578023384707e-05,1.938982807701709670e-04,-1.550234560655020313e-02,-3.404917110016852239e-02,3.246980414333596604e-02,-9.261907290496178974e-03,1.112165233131886394e-01,-5.451534179948483994e-01,-1.047599894820351249e-02,-8.280526665972696154e-01,-3.900279976060985060e-02,-9.799283993028763746e-06,-9.950396939965305484e-03,-3.822205632598952782e-03,-1.521537501681109565e-02,6.869316875833425193e-03,9.187683826206154147e-03,-6.696975086278791379e-03,-5.730134410650262501e-03,-3.356823423382726546e-04,1.264893859734578458e-03,4.654299091110581678e-05,1.699189906375406624e-03,5.483008624028687817e-04,5.987366590736863114e-03,9.914993194902583205e-04,3.333090060438883206e-04,-2.398850693670207990e-05,5.885967318800602865e-04,2.501257645985832537e-04
1.996124201454824339e-03,-6.754926844993367450e-04,-5.895902553177478217e-02,-3.531737882575995691e-02,-4.576205316798231948e-02,-1.245605509621717510e-01,-9.350817971396623018e-02,-7.823713341685479827e-01,-2.963021896578927339e-01,5.095245317711082356e-01,1.161521938898816934e-02,5.711847133808021365e-02,-1.875582890932271304e-02,1.698827182445195863e-03,-7.038945789103021045e-02,1.872636315689034728e-02,2.244458723810609495e-03,1.108578237067487163e-02,-9.220260909688840836e-03,1.004676907638451556e-02,1.827987534254061448e-03,-7.267411450988348976e-04,-2.325770107263272057e-03,-2.406142948298942846e-03,-4.944339239397819562e-04,-2.746735393365130548e-03,-1.847341548483505099e-03,2.341855229794810242e-03,-3.196126614295832931e-04,-6.829649065868246974e-04
4.808092432948129352e-02,-4.691652542071692716e-02,-9.934680145166381315e-01,-4.992938541855593965e-02,-3.488717848392296900e-02,9.980258929090232364e-03,2.663856954034184155e-02,5.961095267275973164e-02,1.181408207654720613e-02,-1.663199296343961797e-02,1.008231982626220900e-03,-4.372649835697172967e-04,4.143298435005120153e-04,1.970072538135167733e-04,-4.167432915264685650e-03,6.804380223184509132e-04,6.126775191311230741e-05,-6.418149298183288770e-05,4.102026694909761669e-05,1.735481890915959910e-04,-3.136496675735789275e-04,6.809108008511563167e-05,-9.596623773847854375e-05,-1.569988074625436363e-05,-1.166252151128700375e-04,2.903252307816968223e-05,5.476880685172198570e-05,-1.037471105605743485e-04,-7.868150784844442391e-06,-1.616768881355728520e-05
-7.547906520759234082e-07,3.689780279732929512e-07,-7.613073046594389466e-05,-5.029511438371310516e-06,7.576573756852984223e-05,-2.027459894764302320e-04,1.638083918267078739e-06,-6.331683051845124607e-04,1.352473173842512087e-03,-2.021807240215681687e-04,-4.272633828137701283e-03,-2.716416552911532674e-03,1.995190851763076288e-03,-3.822948983334192776e-03,1.025335325070421064e-02,2.357378868394442717e-02,-5.945595639439178390e-03,3.104857810398174711e-02,-4.738316900772094470e-02,-6.317174033416292356e-02,8.079144225606321728e-02,2.894813838791528496e-02,7.433356450323326536e-02,-1.063650100827342737e-01,-5.732973477774400139e-02,-1.054020950022622983e-03,1.789757273419591288e-01,4.266479554934596297e-02,-9.606253362542014340e-01,-8.894777040762555376e-02
5.744020061128784805e-06,2.629639137336459460e-05,-3.336624078094670544e-04,-5.202376382268515762e-04,-7.425427368062126202e-04,-2.576451817113288491e-04,-7.217253632168648889e-04,-7.088781187451803807e-03,1.815555846621556488e-02,1.916559152391461834e-03,-3.938697283611802130e-02,2.806353079209111812e-02,5.999964815087546061e-03,-6.285063142080549170e-02,-2.325345922197289902e-02,-5.031270734533348915e-02,-3.352794200977691208e-01,-1.279722251990862147e-01,2.462522490556154353e-02,-4.098352900643729146e-01,1.320012733425859619e-01,-4.918739615906331242e-02,-1.745687514933222106e-01,-3.964284797218320389e-01,-8.715899370293324344e-02,-6.679881384687303969e-01,-9.339302151121869899e-02,2.147618957545181177e-03,3.766036918278869300e-02,1.464023731326322963e-01
9.025069672088156109e-06,3.882283056574628111e-05,-4.120187485867261878e-04,-6.377899894031718473e-04,-8.908088945017810087e-04,-6.125125748093464490e-04,-3.637051223271911028e-04,-9.342660926763685786e-03,2.375093640884907986e-02,6.348025514814507192e-03,-6.206374111758210244e-02,8.356385296775238614e-02,7.906662796294240680e-02,5.962145248080948784e-02,-4.891623792091302769e-02,-4.568978548052288202e-02,-4.823709232787425916e-01,-1.249452461870281389e-01,-7.074979568104774498e-03,-5.416788386696481661e-01,1.866253311948166127e-01,2.987406907692864017e-02,-1.153860457862277006e-01,2.563326733145686043e-01,2.256674864407272052e-01,4.996585761882056387e-01,-9.235508117959051466e-02,9.093601852290163212e-02,-1.362642597007590432e-02,-1.072844046035010407e-02
3.481319012240741121e-06,1.244054495994599591e-05,-1.238012944923906405e-04,-1.399043541715060547e-04,-2.831622872478903471e-04,2.485981411259966791e-04,-2.231650829311070182e-04,-3.575516441417144527e-03,2.077330888969972783e-03,3.262464825420635997e-03,-8.455928307642048697e-03,1.208502356583692622e-02,9.280665434124556190e-03,-1.438295310459829744e-03,1.012690545937319775e-03,6.516717782843836626e-02,-5.852558417214177161e-02,-8.175739824310100656e-02,3.057914142380532829e-02,-1.264365105710517079e-01,3.011199183878834201e-02,1.496483383909101225e-02,-2.265961283196978732e-02,1.693197661213221780e-02,-2.543495959048760330e-02,2.576382066925729172e-02,8.076931370000921540e-01,-5.424997409627402289e-01,1.296166482438079470e-01,4.088415587118444244e-02
-1.499289896018187247e-06,1.022621993525322857e-05,-2.161813776962330362e-04,-8.261275628662669555e-05,-1.420840885968861517e-04,1.669451248997077587e-04,-1.621673090767819167e-04,-5.081183136431983299e-03,3.115643213998337685e-03,-1.815990651378200475e-03,-8.328217921929493422e-03,-1.860820264359693346e-02,-6.600685844983329720e-02,5.644153582033163002e-02,9.896301200074909474e-03,-3.935216378661315906e-02,-6.340158213672632270e-02,-1.052959162172682483e-01,-1.148847973185597587e-01,-6.971438145072761383e-02,1.621923550761542737e-02,1.152067319542395690e-01,-3.285832578331771697e-02,-3.328119855895316642e-02,-9.346419320818950549e-01,2.424773593224261725e-01,-2.563380003985485725e-02,6.423687952692522241e-02,6.443824394145537815e-02,1.346145780925218222e-02
-1.221298500194307051e-08,5.975082600127558888e-07,-4.731806033484267545e-05,-3.713203320080878404e-05,-4.908925132159129524e-05,5.899302188415754575e-06,-8.551594888442732776e-05,-1.046459427919759324e-03,1.983421757658458944e-03,-2.129712239252842712e-04,-5.816974596254941184e-03,2.056715024503677925e-03,2.744213547141246060e-03,-8.181359414738801489e-03,1.198124007896480625e-03,-6.752119602149630508e-03,-4.553866694515480706e-02,-1.154692278885085556e-02,2.445982574382403376e-03,-7.567441680852317332e-02,-2.220786400959718146e-02,-1.156133926171940829e-01,-2.055647785319182283e-02,-6.646538827554036855e-02,-3.158147773316595519e-02,-8.563612749073114261e-02,2.766780308358356144e-02,7.824548345668610669e-03,1.029834007575029103e-01,-9.764387031475016965e-01
7.364790727646321200e-03,7.295705813378919108e-04,1.155181349984686634e-02,-3.428801613315183433e-02,-7.198429728366927127e-02,8.784183945003530558e-02,1.744661778595518742e-02,2.242102062190061973e-01,-8.415255499614699986e-01,-1.164416249831271843e-01,-4.070431018656600064e-01,-1.633321238327547220e-01,5.563313831457326192e-02,-1.033510662899851142e-02,-1.327497419812083412e-01,-6.143958851674727849e-03,-5.487428043945875508e-03,2.407315086866946511e-03,6.236275280133799295e-03,4.953026698871845074e-03,5.306760926961949683e-03,6.143504606433122621e-03,-6.227492109607719005e-03,8.585219912471668156e-04,-2.885219227799751349e-03,-5.564420715660332471e-04,9.676885922102627848e-04,-1.076984831691363362e-03,-5.840243350451874938e-04,-5.344098730294318542e-04
3.290389196901828510e-03,-1.439678543811301337e-02,3.967054036534421041e-02,-7.296062466626000997e-01,3.443348086091368998e-01,-7.714851086540040759e-02,5.741341487712755542e-01,2.496548548669461076e-02,-1.082678861225750550e-02,1.035919875925351702e-01,1.502991145485891959e-02,1.289427418628838083e-03,1.696539892230583633e-03,-2.690490839680479036e-03,3.171817825055823093e-03,-2.267949598397510803e-03,-2.407969311489997245e-03,3.065265396673896056e-04,1.511658882206215557e-03,7.149833540100673085e-05,-8.429567404653023118e-04,2.072191034315713277e-04,-3.511789731400769346e-04,1.032816742048261527e-05,-8.576948451113626092e-04,-3.440545681302782107e-05,3.178293418198895547e-05,6.691014473174141780e-06,-1.735080646556875486e-04,-3.186200605877211690e-05
5.091110513912267682e-02,1.252572428281290354e-02,4.922914786855374369e-02,-3.963279295288556492e-01,-7.906925299252730577e-01,-4.370009744011674191e-01,-8.178249431786122070e-02,7.459731504406559577e-02,4.567926720332431134e-02,-7.358204302024440313e-02,4.154786204088185136e-02,2.266691029306184581e-03,1.033467436695068280e-03,2.559626799791048669e-03,9.312813969417500781e-03,1.022468700512162718e-03,-1.790724867283471000e-03,-1.681930664609514956e-05,3.871441133195181218e-05,-1.475794271163770148e-03,-8.743038020481626879e-04,-2.409603970145131942e-04,4.212390644323279186e-04,1.035223337923660373e-04,-1.128172214179040320e-04,1.675273516824875991e-04,1.118362925920422064e-04,-2.010734496177472668e-04,4.315841316267960174e-05,5.468244876291996140e-05
8.500806004178855790e-01,-5.210810196793137505e-01,6.323804102118493753e-02,2.691324511976088754e-02,2.532641843972677220e-02,1.988898401642224742e-02,-7.921732250405021493e-04,-7.327940334677155582e-03,3.500813848239346139e-03,2.885631844501407219e-03,1.119695000038754785e-03,7.855221833048727778e-04,-3.075117225848289439e-04,1.772579342436086022e-05,5.378694670394185964e-04,-1.769973624605461891e-05,5.152861741797964940e-05,-2.867100104012216754e-06,-4.363777486803657225e-05,1.622228842678732457e-05,3.201180641068343026e-05,-2.365408612109489922e-05,2.101892537909953769e-05,-1.113414923063929718e-05,2.409150864705017251e-05,-3.458593877521953068e-06,-8.811710004173947669e-06,1.558721898274423540e-05,1.290320334841805083e-06,1.775471963075574003e-06
8.739026418466669843e-06,-6.355395177481655902e-05,9.303539438083107218e-05,-5.105116708670401479e-04,-8.264717384856176642e-04,-1.630338806643522867e-03,3.980525492216249912e-03,5.128191921104559639e-03,1.120818012966725945e-02,6.148638689041420816e-03,-5.610921522880795570e-02,-3.418265647355311215e-02,-2.620396819799310217e-02,-2.532070472033456920e-02,8.081499701309566297e-02,3.339511926255574470e-01,3.239811620893458532e-01,4.112266777101008519e-01,-4.244878936791834922e-01,-3.598937809477847360e-01,3.596797162482131549e-01,-2.065947040470387294e-03,2.645148097415551680e-01,-2.488505980918863103e-01,3.948941731432424607e-02,1.000674933014263912e-01,-3.979790436956059940e-02,-1.987432781999961748e-02,1.317753202381492517e-01,1.105449267480449263e-02
1.141090887393336317e-04,-1.295998428203391990e-04,9.495006882361094191e-04,-6.882040505031867747e-03,-1.114390363548941991e-02,-9.417777898120689370e-03,1.915813119063214300e-03,-6.891730013407848174e-03,1.428348170334908240e-01,3.076437192343626018e-02,-3.941369880147715943e-01,2.047352066368495482e-01,-4.062110471601020900e-01,-7.429826479537723349e-01,-8.015875712509157314e-02,-5.065750398098663176e-02,-4.530605707701551577e-02,-1.115090164312666776e-02,-2.075392301567057299e-02,1.360275218419545185e-01,1.580098809253800141e-01,2.089579925053180326e-02,-4.290514107528346083e-02,5.752495357308723412e-02,-1.092034609695865599e-03,5.351576866923809378e-02,-3.576876276898839895e-03,-1.750139294974477344e-02,-2.507139859846717507e-03,-1.418758845086020605e-02
1.799703744931158795e-04,-5.526296787868424323e-05,1.174215747559682931e-03,-7.735444316487424116e-03,-1.184543409081469795e-02,-1.264742005708849662e-02,8.654667407790386097e-03,-1.011240881837401420e-02,1.655533759069470479e-01,2.900906416064122362e-02,-5.728260661807372811e-01,6.111582585013344282e-01,1.989998152908394047e-01,3.642003675745383862e-01,-3.056439413759146073e-02,-1.503761050447662007e-01,2.155319961162552589e-01,6.340070786301171823e-02,5.391017597326987904e-02,-3.899597307288765746e-02,-9.832236581493036809e-02,4.691465220414729742e-02,-4.080122694183985210e-02,-6.619924101999928590e-02,-1.715133903298208043e-02,-2.200689853738737115e-02,4.715661379181238823e-03,-1.180381200590560620e-02,-4.656496204601099503e-03,-1.448793313797198815e-05
7.963937180436832719e-05,2.267858548752204969e-05,3.475429805409532835e-04,-1.894731243377504324e-03,-3.586926114133631195e-03,-8.446949352255197488e-04,3.327461692736276636e-03,-7.545684930776790046e-04,2.871499065939076348e-02,1.622109630199273719e-02,-1.248134290744189329e-01,4.628507241561884838e-02,-4.065228545942984988e-03,-4.611428318039249982e-04,7.701258095827787087e-02,6.943866255352073580e-01,1.848154418676130617e-01,-5.836339031726973658e-01,2.145305494160151538e-01,-9.673780846242120701e-02,-7.715665631272259316e-03,-2.663201220755881393e-02,1.548519445890493840e-01,1.474469357650567969e-01,-2.245944716079630726e-02,-7.399167301416513520e-02,-7.975669595201735629e-02,5.949111365390189615e-02,-2.209697842927971223e-02,-4.367006441495875982e-03
2.146490696590755838e-05,-1.002341314432130605e-04,5.405484556776881441e-04,-1.638659255064215834e-03,-3.495575061057084199e-03,-2.967016559346672550e-03,5.923864177609619759e-03,7.092492354239189785e-03,2.318409295980923893e-02,1.215929128476991687e-02,-1.156556714781329653e-01,-1.277371574179468894e-01,-7.915774433731849191e-01,4.649789162780589846e-01,-1.699750865905177988e-02,-1.013400648062484921e-01,6.378031405506189543e-03,-1.872627430384099512e-01,-2.436167627243746303e-01,-1.735477392400246177e-02,-5.207162114244976575e-02,-1.930684490408388077e-02,-2.624406104985860418e-03,2.028333981526777609e-03,1.296944426043052656e-01,-3.466079605519720164e-02,9.318045892966982102e-03,-9.601083820797691806e-03,-9.888572502865372593e-03,-9.557830378026554085e-04
3.223997721126290556e-06,-5.108905843463936158e-05,9.312950453802084142e-05,-5.471440094367399686e-04,-9.375735519001222049e-04,-1.363804784589889296e-03,5.705848535347459848e-04,-1.651677836224010442e-03,1.611183090121932199e-02,3.033991818134921126e-03,-5.713444585237260898e-02,1.210634714030713738e-02,-2.905675445284445005e-02,-7.159948460826175143e-02,-1.417262768176062032e-02,2.469499506656504251e-02,-2.151623634184109124e-02,1.107467317482470764e-01,-2.522771284408435385e-02,-1.382626773191150682e-01,-3.288606245907734760e-01,-8.639513951625714672e-01,6.390424254356659450e-02,2.338283203600085083e-02,-8.614329993505019656e-02,6.771798611957008385e-02,1.527878997248645621e-01,2.190801702480753010e-01,-4.250272142061672573e-03,1.203966679470344359e-01
