5.169684765182018353e-03,8.255986763119602112e-03,-1.251247444110240026e-02,3.019867794931861346e-02,3.548562357613230245e-02,-1.319047692822958306e-01,2.745577443973001505e-02,-1.054900699930483299e-01,3.584935128479990740e-01,1.006904026719824957e-01,-3.411441728431022224e-01,-7.911436493206615017e-01,-1.852289419497608058e-01,6.657999707343095763e-02,-6.835941316789943822e-02,1.465488283395979807e-01,5.241729561353399014e-02,-7.584606682430777846e-02,-7.761945974113861058e-02,-6.804118323593505435e-02,-4.977051919412992659e-02,6.586085812784093704e-03,5.685598252555278814e-03,-2.232198399658058552e-02,-2.262873251943517579e-03,-1.401978935073574725e-02,6.318160453365102153e-03,3.552913636207737959e-03,7.530183980768909418e-04,2.692415208922798635e-04
1.719563789501401662e-03,-1.176432339187237584e-03,-8.670347417360405040e-03,4.075591166715163971e-01,-4.086242497990377753e-01,-1.906684566512038270e-01,-7.863153752464512314e-01,-5.546195597651088632e-02,-6.230259305116201546e-03,8.964089465490260311e-02,3.010257253050868317e-02,6.406484499014953107e-03,-4.632473303990917307e-03,2.033615724503199957e-03,6.545019825952789680e-03,4.885724487255059360e-03,-8.890033451982369377e-04,4.345938430665516198e-04,-1.537695298953512067e-03,3.963045379051105283e-04,1.042259129482227048e-03,-2.805556758292251430e-04,6.638263334345740696e-04,3.741911425492212919e-06,-7.821014308466424326e-04,6.017919966144477184e-04,-3.708868721241749333e-05,1.123752645643949895e-04,-5.776436350196786988e-05,1.177301451725441039e-05
3.557258846848015271e-02,5.367280693714478884e-02,-7.447492053328168271e-02,2.821433245530984846e-01,3.199793936104537440e-01,-8.589734375936142197e-01,1.780366398449116649e-01,8.761654258373914594e-02,-1.396887466886693185e-01,-5.342935860792229208e-02,-8.994736975090969477e-03,8.380841337699207472e-02,2.314256685487249554e-02,-4.145246963219341094e-03,7.221551064424925996e-03,-2.093546485490871065e-02,-1.166475092671929309e-02,1.266479685453723338e-02,1.002834916208720194e-02,9.704471241280597169e-03,9.262295294832434758e-03,9.807567976448175462e-04,-2.809894907729987268e-04,2.945222592293707947e-03,2.007027992842700943e-04,1.819146956863293462e-03,-4.566932101909266075e-04,-8.258464938560274504e-04,5.077619144463335621e-05,-9.528969830840451107e-05
5.197408648375780871e-01,8.480825489667546124e-01,-7.241919697786811105e-02,-2.753998493971260286e-02,-3.865826011587972927e-02,5.518663499499997654e-02,-6.563014901870365542e-03,-2.492313426878049742e-03,4.131904147572015851e-03,4.205986578738593390e-04,3.487041711973437857e-03,1.891882881221678856e-03,1.611312066580696981e-05,-2.575574116052394761e-04,-7.454621065847762823e-05,-1.131142559353753385e-04,8.818698525312342973e-05,-5.750087964798687203e-05,1.076920529721531514e-04,7.238694909829110975e-05,-1.096330963086449635e-04,-8.298220569505056427e-05,-1.702295502516833014e-05,1.333653917193170323e-05,1.409041221633311526e-05,2.828797144153366897e-05,-2.145532276100240397e-05,1.071703888839067582e-05,-1.041521552648529612e-05,2.630695043078908302e-06
4.805533530537088622e-06,-2.889108598198854600e-05,9.647762585795648853e-05,2.732863751994222840e-04,5.300024804327020970e-04,-7.594880657978686760e-04,1.848812651584829519e-03,3.024154545105100633e-03,-8.475408612197612296e-03,-7.724174218174015630e-03,2.120452105130692100e-02,4.844111556634424220e-02,-2.909430225305761203e-03,4.747692362105132569e-02,-6.849006817177318018e-02,2.495210329166302754e-01,-1.005147540314703242e-01,-2.262613987298975893e-01,-2.731241759836460781e-01,1.761901348991342375e-01,-7.473348789794968805e-02,-1.112989664377368321e-01,1.253799973913729549e-01,6.827722981546806569e-01,3.958336804776759199e-01,2.949518136916886024e-01,-4.859594533224525365e-02,7.700348836521181406e-02,9.487110781580319896e-02,-8.014793729373841796e-03
3.982839411695248511e-05,-8.011643105089279117e-05,1.375890915618632618e-04,2.403011557382087136e-03,2.478012093277959932e-03,-1.346873549048411937e-03,6.060075927822278045e-04,1.993970383232785207e-02,-6.324376727113835417e-02,-2.386568963861221762e-02,9.699973163518868513e-02,9.375524406913179898e-02,-9.254943381136541969e-02,9.055012626764665862e-04,-1.140122540027881104e-01,1.543342617335385913e-01,1.691989844397162324e-01,-2.833891610854854526e-01,-1.202388881939478876e-01,2.624278192976760640e-02,-8.426218864397201358e-01,-8.630206707249971076e-02,3.190288320298038938e-02,-2.392453041690132398e-01,-1.080630248008506988e-01,-6.519274941046181160e-02,1.018972285885212138e-02,1.238713119692966547e-01,1.286458586672168357e-02,9.754049499755727132e-03
7.985929528093031770e-05,-2.202971132357101441e-05,3.887358051583390058e-04,2.422565487388510415e-03,1.979060332756235694e-03,2.045093034669930878e-04,1.599544083245562839e-03,3.186537662289035816e-02,-7.832474503287345513e-02,-2.688256199052101864e-02,2.024039804059706293e-01,-3.162229594925174830e-02,2.292618067481520805e-01,1.214116240819415604e-01,-1.307874617838702958e-01,9.353409161791814697e-02,4.730442480410982364e-01,-1.044715847630623695e-01,-3.632322362974546581e-01,-5.476208892046481314e-01,2.303348160577288750e-01,2.484599705960234897e-02,1.328475934242691059e-01,-2.192007878354319261e-01,2.087216189081730622e-01,1.633455166834873462e-01,-1.290355561751658012e-02,2.370211495707506139e-02,-3.076458415844862682e-03,-1.126559865839439796e-02
4.905365879771227133e-05,3.491682186300360349e-06,7.256750098552742102e-05,1.000618348326763043e-03,1.052185224855410302e-03,-4.189995670809823556e-04,1.203197031220979612e-03,1.083518883787210757e-02,-2.078869085518322488e-02,-1.066052216244525036e-02,4.745608239956361496e-02,5.431845522310230212e-02,4.956851113189086194e-02,4.171189676510566463e-02,-1.012966766881154834e-01,2.837163356686935867e-01,7.187781212529585628e-02,2.825191057635097983e-03,-1.183387589854547339e-01,-3.148236057023098833e-01,4.203364128185803350e-02,-1.412036836547775516e-02,-3.259219493017014857e-01,4.736047484787102024e-01,-5.078380958356459862e-01,-4.342620803328841594e-01,-1.012405948874585924e-02,-3.697879751788293867e-02,-2.013213534616441203e-02,5.839821888885978092e-03
8.683807994501402600e-06,-5.494578803337155874e-05,1.260561482032323882e-04,6.732534064597194652e-04,1.190678208892247385e-03,-4.651891140456706607e-04,9.996049636860453169e-04,1.002895965899123880e-02,-1.720304081370470015e-02,-1.106853843498713068e-02,4.577720632057098032e-02,5.365963053156578427e-02,-1.284906561752428289e-01,3.407395601490914028e-01,-2.025899242734928787e-02,1.187841034606774288e-01,1.246983982495623589e-01,-6.626695742023928082e-01,5.777657884200319005e-01,7.465162317575894414e-03,2.269221432591867482e-01,-4.588013250273056259e-02,-1.653022117356126031e-02,-1.906611321138854814e-02,3.276933228928716191e-02,-5.607826522958022503e-02,1.713922329462548924e-02,-3.652142999846751982e-03,-7.527386089399841322e-03,-1.451855442060759685e-03
-2.875917762071936094e-06,-2.271671422718870090e-05,5.798257245524732347e-05,1.268872931499360546e-04,1.768118117694946671e-04,9.711455017877454693e-05,6.031664920390810336e-05,3.513470332419433000e-03,-8.631116040168241438e-03,-2.832268585797203912e-03,1.782196489715075216e-02,1.548080492069820596e-02,-7.589494723376654164e-03,1.958549639991763978e-03,-1.594456272359178611e-02,4.346727691563186807e-02,4.477018178940681686e-02,-7.140983076277579444e-02,-5.607806639628842155e-02,4.864409620271790968e-02,-1.202642030338259560e-01,2.275860144512670824e-01,3.671100530722493788e-02,2.821052220052219089e-02,7.999922783999333098e-02,-5.002861326039128795e-03,1.172003793568118374e-01,-9.424787226257042017e-01,-8.761315946268607990e-02,-4.748571659422357906e-03
3.383259180200564546e-04,8.799436802025741445e-05,6.507630454377214164e-03,3.634758840343794636e-03,2.656484411757565733e-03,-3.837144159250666271e-03,-1.611591579076786934e-02,7.383623836579651656e-02,1.006871924644910099e-01,-6.004687962270063850e-02,9.061018869553039146e-02,1.844307204295750346e-03,4.528291206335824381e-02,2.814884370867701824e-01,-8.754505593223833593e-01,-2.300172848411422555e-01,-2.179775585195716237e-01,1.298427228687693558e-01,5.836815266392856444e-02,2.398150815242437381e-02,-2.234778228026841965e-02,1.179884121599869724e-02,-3.934869905917524890e-02,-9.472681617406716187e-03,1.947298040549069742e-02,2.068137444114936593e-02,9.481212665572429782e-03,-1.011258315973966385e-02,1.169232857493004204e-04,-3.857950227625575688e-03
-1.118268413421631707e-04,1.347329802890583528e-04,5.207985315471750330e-03,2.732835769954260544e-02,-3.792975181730971063e-02,2.668826231922817767e-03,7.772004264354320791e-02,6.288336268751761882e-01,1.678966843014075006e-01,7.395159276275069526e-01,1.356571537319200271e-01,3.289967081962548445e-02,-2.287699250908045365e-02,-7.670080526159408704e-03,2.918507059097899189e-02,1.291900493304375813e-02,-6.425142756632392163e-03,3.793949012191274485e-03,-1.828925271338390033e-03,4.853489648396158707e-03,7.180399466845195817e-04,-1.379171548012043079e-03,4.597354426841776011e-03,-1.774675683419171379e-03,-5.094870494809766552e-03,3.479231999499784317e-03,-7.404641192784195292e-04,9.068643854780581749e-04,-1.907946365557504831e-04,-3.479593424301685918e-04
2.398340984786799090e-03,2.068998457645296069e-03,4.701959405654735497e-02,4.362659022999879760e-02,4.069075124289235623e-02,7.130928864837204895e-02,-1.428154922654137626e-01,7.186407950670062883e-01,1.913197458069728629e-01,-6.257558228022848112e-01,-8.965594213827048076e-02,-6.170436004178013467e-02,-2.848201871861218148e-02,-4.025963642306110840e-02,9.374056415004461407e-02,2.271994279490342425e-02,5.321619994859161720e-03,-1.445772519005604148e-02,-9.162068228449241070e-03,-7.358515865896675043e-03,5.750492125633781433e-03,3.127870847438950219e-03,9.925243625074301607e-03,-8.793807694019332240e-05,-3.507005510484207094e-03,-2.324834717627738932e-03,1.412480671942377419e-03,1.476911431292220276e-03,5.339468157062882006e-04,7.076073836992460581e-04
5.795618208909638497e-02,5.626557725166721896e-02,9.900740877455045386e-01,8.226366799055385981e-02,4.987147503021288619e-02,-3.433601328341463060e-02,2.014920145248060360e-02,-4.010297560030587349e-02,-8.965507640836652137e-03,2.634303725416045974e-02,1.479203659997117403e-03,9.693854903734364266e-04,7.149284119589286498e-04,1.257379084346220205e-04,1.337268919019151975e-03,4.521701750491084033e-04,8.953375866153235468e-04,-5.530981760132670403e-05,7.046337886801266599e-05,1.282824985365477806e-04,-1.222466288280894071e-04,-1.373590523704624968e-04,-1.792256100693773461e-04,4.634543143416915633e-05,-3.870002409945499466e-05,-2.266378978240561205e-05,-1.013068431372125084e-04,-2.021585744767480508e-05,-2.060756674715312199e-05,-2.841730551072831502e-06
-7.282026778258996263e-07,2.891315810969970383e-07,3.952020644850733159e-05,2.296146310857012251e-06,-7.970931674247088013e-05,7.288927460758427076e-05,-9.643752357063568393e-05,1.435552060280235760e-03,-9.498703297405527990e-04,-9.164606823747278126e-04,2.438601769477358010e-03,3.476581446099994907e-03,-1.611874120252414916e-03,1.489486436584232026e-03,-7.207815567822024871e-03,2.345340860353957099e-02,-7.817532294798098234e-05,-7.542982885384667650e-03,-3.923291070573340505e-02,5.082096413851873440e-02,4.441601468422088500e-02,-3.368740960074977780e-02,-1.017678496744928440e-01,-1.239920978729193018e-01,4.746552063297787560e-02,-1.411564309035925890e-01,-3.326927993430563446e-01,-1.341702713021856452e-01,8.977573632351104616e-01,-9.757816473944612434e-02
4.339951047678956134e-06,-1.293698594804782711e-05,1.039863698212329263e-04,7.343869092765313057e-04,5.090455120113752084e-04,3.513763861804535329e-04,-1.057067642315440712e-03,1.194450830557625305e-02,-2.248326033627231699e-02,-7.532137535044032030e-03,4.327355224431429781e-02,-4.382044578923232486e-02,-6.081018282551523685e-02,-5.256820597512073395e-02,-1.091889953609300259e-02,-7.635229977839790017e-02,2.696154781312560256e-01,9.368846476784150473e-03,-9.348499805004821181e-03,1.567857889629453438e-01,9.363567018947139588e-04,-9.985924979866536710e-02,-8.109867791259071090e-01,-2.527146843097229090e-02,6.899459556942964117e-03,4.511041945964561206e-01,9.787976600863830534e-02,-2.683070928522224632e-02,-1.000991371728240584e-02,-5.819352236312402837e-02
5.362987939408858274e-06,-4.127822751795548320e-06,2.491457826122381314e-04,6.096900798442659360e-04,4.712435436512885253e-04,1.320912645398427559e-04,-1.464065253634862099e-03,1.977505674871339603e-02,-3.312106420481363694e-02,-1.487084481271232217e-02,1.197673663852485415e-01,-1.405955897501442731e-01,1.316670955076685856e-01,7.975049206201774432e-02,-6.260075725782629497e-02,-1.466274340071803128e-01,6.512656672716407025e-01,1.563844608555881588e-01,1.526641438479602216e-02,5.508106345058200182e-01,6.427724777639129417e-02,-3.751061760203045631e-02,2.440592968046161326e-01,1.737991247003701778e-01,-1.351152070844467146e-01,-1.908004597267784486e-01,9.438282677461765080e-02,3.606386226556413527e-02,3.489992026948730841e-02,-3.789437217017060933e-02
3.271999630055247199e-06,2.248086234222241070e-06,4.157570321796505430e-05,1.738764109228984646e-04,2.048839377209385471e-04,-3.518286883526155150e-04,-4.587997401359225169e-04,4.604757527705127980e-03,-3.226538490527599157e-03,-4.778068277674678288e-03,1.281563420793567151e-02,-1.511150939837552394e-02,9.871336773136181464e-03,4.925577233961815626e-03,-2.810306262435812580e-02,5.814060393926212544e-02,9.441508204280382732e-02,5.035173610563652147e-02,4.082483499992001219e-02,9.659832268262499855e-02,-1.086776722787063075e-02,-4.052042800341114359e-02,-5.222984709037212930e-02,-2.418610822621587719e-02,3.528452708148253208e-02,-2.261126600580410512e-03,-9.088506745347448845e-01,-8.079242416496058843e-02,-3.659829493253408117e-01,3.129254638445337980e-03
-5.328142167409354119e-07,1.165723074012479514e-05,1.216031591656116745e-04,9.948274857528234842e-05,1.160120747775579385e-04,1.556393116010009207e-04,-7.100268973761443081e-04,6.530265752283340164e-03,-2.841148434971541362e-03,2.114610659963078656e-04,6.939093575303989687e-03,7.773510340003958116e-03,-4.115227772364324355e-02,7.913276569183447240e-02,5.155540816494552647e-02,-4.031918058425711104e-02,1.990538783098294573e-02,8.276023210438940292e-02,-6.839826737818670288e-02,2.202138099319299325e-02,-3.398967230064576378e-02,-1.460730960831020109e-01,-2.973922642223679746e-01,-5.100094850419853443e-02,6.596028762973628057e-01,-6.287842396494549568e-01,1.055981721486386332e-01,3.903582659946265576e-02,-1.360909705510418566e-01,-3.904965357556901013e-03
-1.825801605849041847e-07,-2.396350134785687642e-06,2.288872036268238571e-05,4.452617902550849537e-05,3.642914584345062436e-05,-2.419860318294834970e-05,-1.207495728247326807e-04,1.795545131317083896e-03,-2.446196073781326408e-03,-2.941585822726194822e-04,7.538089847582828129e-03,-3.680478498053710301e-03,-5.979091535645384564e-04,-3.321417991375528230e-03,-1.229151301795311166e-02,-2.808514607046770726e-03,5.268875734167619007e-02,-1.150779268883392976e-03,-4.904063269339292361e-03,3.998475015871703203e-02,1.051966619376110308e-02,1.154975599895369104e-01,-6.083941957201592643e-02,3.207815981101421170e-03,2.853253567366541288e-02,3.549690611706474846e-03,-2.644809210919852813e-02,1.489753494489198631e-02,9.324272144189733880e-02,9.837404515848882092e-01
7.266048477467606896e-03,-2.130588354931741216e-03,-1.211009804538200688e-02,5.663631874989373538e-02,5.589369264010812799e-02,-8.564478753042062409e-02,3.984742039850683315e-02,-2.291389345048002180e-01,8.200076470549254593e-01,-8.837686215751833219e-02,4.385487582850572941e-01,2.080782316350416883e-01,-4.406054161572046934e-03,-7.393778514343414543e-02,9.824167369332052757e-02,-1.251964123858169929e-02,2.608002614200199965e-02,-8.781769685887704305e-03,3.596444540999795599e-03,1.561151063835094967e-03,2.777660389699206436e-03,-1.001832054545392058e-02,1.298902745257807289e-03,2.576467058253103983e-03,-1.763632085160194004e-03,-3.771144346067254534e-04,-2.237349485466470431e-03,-5.192183369328855613e-06,-3.521313129315912236e-04,5.783756688416150180e-04
2.356296285365296408e-03,-1.184404427499980567e-02,-2.823971468640219806e-02,6.199011927352959805e-01,-5.300941777158842960e-01,1.304560082086054507e-01,5.524198078754419816e-01,2.212335055408275793e-03,-1.000571681600152113e-02,-1.009746788566023429e-01,-3.408978742720557287e-02,-6.528977283600557145e-03,4.997455710326474329e-03,5.849897434730228982e-04,-6.338793411276333854e-03,-3.874000983289284470e-03,1.229923592383503749e-03,-5.225106339503294162e-04,1.366321756209256440e-03,-4.430795413474943154e-04,-1.029114133626390362e-03,4.484581966493376504e-04,-6.794666613311827310e-04,3.133116988865329924e-04,8.940477949253959351e-04,-5.614102986648410480e-04,4.791854963868863210e-05,-1.300352240986466738e-04,3.817356851788469450e-05,5.026992267579931598e-06
5.003674055310249058e-02,-1.545868660568508642e-02,-7.251862298333118517e-02,5.949979202625036434e-01,6.611521575381191784e-01,4.173045559049795017e-01,-1.227943149450009541e-01,-5.589218785396631722e-02,-2.962737974069394944e-02,8.311101024547841443e-02,-2.215592244078993384e-02,-6.250616335427550824e-03,7.599741267981781866e-03,6.505999845210014981e-03,-9.430835849623614778e-03,5.162944144691043692e-04,2.701047267910757421e-04,-4.704483948659474407e-04,-2.745657741985896207e-04,1.003302460732077460e-03,-1.063159546542854095e-03,3.280568077897528037e-04,-9.063263060302813529e-04,-2.668057587282957987e-04,4.691108157153231007e-04,1.513613425934553169e-04,-3.995963562361745522e-05,-1.298569941248351268e-05,-2.147595864856669109e-05,-9.724368039777108743e-05
8.500867422811442253e-01,-5.236900742220679250e-01,-1.569725204661357593e-02,-3.893370926781754976e-02,-3.059136016734975358e-02,-1.866261732808357360e-02,2.384209216876783007e-03,4.600738201051520967e-03,-3.951283702276755724e-03,-2.554179679392977811e-03,-2.161333684035027930e-03,-1.047014794944717882e-03,-2.269405204360185459e-04,1.600954834811434580e-04,-1.110462641494783801e-04,4.960285629381298015e-05,-1.322753575459739781e-04,5.625373706213902244e-05,-2.318086125225186345e-05,-4.212961798134879515e-05,3.465176336794627873e-05,4.492585956547901681e-05,3.187245169746406881e-05,-8.576843096138202146e-07,-3.538623589814679896e-06,-6.963672744611977222e-06,1.331203470713983031e-05,2.961162870425329874e-06,3.389564981937861602e-06,-1.381389921425902190e-08
6.343277117798269900e-06,-9.682753214865767212e-05,2.046127729660744872e-05,6.510568887520834383e-04,3.754591159892073046e-04,1.003800954849390966e-03,4.525193436214831888e-03,-3.433023362701622099e-03,-1.553263957196593902e-02,-1.521080896708974436e-02,4.135449010817023041e-02,6.511367448598241736e-02,-2.233656148711383668e-02,5.519036658890220937e-02,-8.454701580701400043e-02,3.952797237443754219e-01,-2.244714909246577628e-01,-1.904045095507363450e-01,-4.651325138602550036e-01,4.457905436160903290e-01,3.427646011220559785e-01,-1.004911539551601313e-01,-3.728538714279354405e-02,-3.766189488792164863e-01,-1.728204864464033819e-01,-8.093288158331540805e-02,7.098456240122889838e-02,5.350710271559925429e-04,-1.111127730333243968e-01,1.628862587740925738e-02
9.807506594030096123e-05,-4.540498203209427817e-04,-4.554044361585901667e-04,8.463699666832956783e-03,6.914661789714845498e-03,1.018095139349433319e-02,7.775535013338615020e-03,1.059404450965305625e-02,-1.834168239300881798e-01,-4.467640918503369696e-02,3.296671119655542048e-01,-8.064924624714628343e-02,-7.681954527940295652e-01,-4.051803771951735800e-01,-1.692422574306026994e-01,-6.900243871373301641e-02,7.233008644182195579e-02,-1.689251431085796520e-03,-3.287369055272862384e-02,-8.145222315665158475e-02,1.555030424659990251e-01,-8.258210602228967245e-02,1.129897629128762682e-01,4.293311419782631227e-02,8.069052344351108561e-03,-4.361217844679375621e-02,-7.978917179349178171e-03,-2.086078769265250696e-02,-2.592178159410284555e-03,6.959308801915742131e-03
1.588080461310898621e-04,-4.255795859088251317e-04,-3.078805335596362653e-04,8.337667049173489928e-03,6.244020691418337814e-03,9.693777806506365807e-03,1.070596409688336775e-02,3.326381014145147336e-02,-2.321890830267085426e-01,-7.493649335165600278e-02,6.680163029626762228e-01,-5.137906513096848204e-01,2.835813090552579130e-01,5.449350769090507279e-02,1.711581111483907180e-01,-5.405685965858227776e-02,-3.064475554815301317e-01,-5.963023631990249651e-02,6.057123733619355216e-02,3.245084894896615307e-02,-7.746226457465468784e-02,-6.411717535311567580e-03,-5.762790354586372343e-02,2.088547516362453116e-02,-2.733229301476520004e-02,-1.424189470317765820e-02,-1.041730085450383488e-02,-9.546593923314325089e-03,-1.892640082850753289e-03,8.803474686726637730e-03
7.434881986267074150e-05,-1.071666763415299247e-04,-2.079991371414488034e-04,2.411368884605773720e-03,2.437531586750904967e-03,1.114667841582758735e-03,4.255517087221402303e-03,4.621964288650177652e-03,-3.849145372385181368e-02,-2.733427589165315572e-02,1.159973739200220733e-01,-2.578320247910592493e-03,-1.642075723915053381e-02,1.050983570936410254e-02,-8.766372308201214603e-02,7.247191725262219775e-01,6.162666746513411481e-02,4.900903871007675772e-01,3.918990412129296219e-01,2.984974085972666533e-03,-4.176030794593487555e-02,3.486442656940262467e-04,4.148893370716475598e-02,-9.114505862543427483e-02,1.363924047612391499e-01,1.140939394448284017e-01,9.154229148410268635e-02,3.251972623457545248e-03,3.998055611596171288e-02,-3.382854643931058891e-03
2.078036008716705171e-05,-2.048400042334084885e-04,-2.525063218521324000e-04,2.043700491929013874e-03,2.914588442932805092e-03,5.546246160471398658e-03,6.652469401755268207e-03,-3.683055581949693479e-03,-3.400369069596572563e-02,-2.780141267577249109e-02,9.469372827280861382e-02,6.140200239142995509e-02,-4.275066607134982433e-01,7.654041685709959131e-01,2.859523634586556562e-01,-7.988703608555883240e-02,-2.472238504642805881e-02,2.635229315376815262e-01,-1.827626079549300453e-01,-3.304236165508131484e-02,-6.013188609384615552e-02,5.788705922579136937e-02,1.867659991316779344e-02,1.766641521206434307e-02,-8.280026080159792745e-02,9.189737289317978508e-02,-2.687137102375121780e-02,-1.763252515016748741e-03,1.640584804769286767e-02,1.915623063416296065e-03
1.151377596141717445e-06,-7.383196516374710642e-05,4.067682105894256541e-06,6.562996481106387779e-04,5.746959611760754302e-04,9.854920328639948674e-04,1.228015923718038960e-03,1.088785614668812260e-03,-2.066937201579749708e-02,-6.028844587210319649e-03,5.425341533671943633e-02,6.335707804629534326e-03,-6.771198385380977625e-02,-5.209853448828610095e-02,-3.804490478076267418e-02,6.747575822543014357e-02,2.760547777098814465e-02,-8.269392296286426358e-02,-4.577908449920970596e-02,1.094262895837010835e-01,-1.354739589581453361e-04,9.252071484200581342e-01,-1.184185347678904238e-01,1.764216530773855471e-02,9.188666930228259200e-02,-6.589737155062351526e-02,-4.185922205980700112e-02,2.440562954571195986e-01,4.066557332763830537e-03,-1.308371723592805236e-01
