-5.032983670632249808e-03,8.633838876067176718e-03,1.424531510618887511e-02,2.891222450489307899e-02,3.355349454296141509e-02,-1.234041287012407895e-01,-1.959835416112614206e-02,4.952036054438842261e-02,-3.508858199604283912e-01,-1.497163039179499888e-01,4.032158880844025073e-01,-7.575394080930668572e-01,1.865322116905883953e-01,3.598951900833870232e-02,-1.520472189001942920e-01,-1.351317713320858427e-01,-6.828381019449444866e-02,-1.005677009642478165e-01,-3.711082623998998575e-02,-3.303766265453887685e-02,-4.462717469415591193e-02,9.019746266838699067e-03,2.366587385501179447e-02,1.786984325949873137e-02,-8.004435624466275413e-04,1.518792590010206419e-03,-6.322673695864443983e-04,1.669819893665534707e-03,-3.665888897160417964e-03,1.993503948058680862e-04
-2.241573032616849068e-03,-2.919365761032449887e-03,1.242542399689758846e-02,3.721583042528047724e-01,-4.187184298679009209e-01,-1.553730678965496159e-01,8.048401333570389671e-01,8.923718710927240616e-02,-2.895419023990438746e-03,-6.986568872093715243e-02,-3.340797784793093222e-02,3.945218894505596666e-03,4.138613551112602790e-03,2.553953003322042593e-03,7.836101874891128125e-03,-4.737040472229166882e-03,-1.052550523430248740e-04,7.030752189330152172e-04,-8.691569972407405583e-04,-1.343471411576931335e-03,8.947155046479790324e-04,-3.386455963532924123e-05,4.602900379025014763e-04,-4.218296241592395138e-04,1.526712939472426342e-04,5.658922906760083509e-04,-1.436823628858255938e-04,1.370594138256789145e-04,-1.861134936884531943e-04,5.647679914005899679e-05
-3.478012976041446047e-02,5.890168865731490455e-02,8.433084443825467069e-02,3.095038701784518231e-01,3.150504893151874763e-01,-8.604985639026546673e-01,-1.316666729368738686e-01,-6.745460482227498555e-02,1.286854471697753965e-01,8.132691735137906330e-02,3.442963130148262232e-03,7.695266840610870407e-02,-2.530470667886105043e-02,-1.008885932909383155e-03,1.523521703894892450e-02,1.808510340903866226e-02,6.183007700875263989e-03,1.891532242400058295e-02,4.967299410399155304e-03,3.275292764339709107e-03,7.323026285802810079e-03,-2.813045232325875680e-03,-2.719558430349504254e-03,-2.475308505352758620e-03,6.755457367593820702e-04,2.173781751323767858e-04,-4.120103133866931497e-04,-8.519472232498033080e-05,7.062308767363056992e-04,2.463491713139838905e-06
-5.140993677286018748e-01,8.495420535121461780e-01,8.279515117257987833e-02,-4.365872183359608555e-02,-4.968518179134695512e-02,5.200443031605875982e-02,4.306854363031520361e-03,1.149857923708436352e-03,-2.634187114810170992e-03,-1.752944997823410256e-03,-3.485408944342652856e-03,1.936402149620000028e-03,7.796984798241143346e-05,-2.004881442276312982e-04,1.398333865230920849e-04,1.560738780633553232e-04,1.700270549229020319e-04,-9.646950821071340857e-05,8.932268785160343090e-05,1.092853612727959754e-04,-5.631586997386267600e-05,7.117628003979328615e-05,-2.882100135856507253e-05,-2.270949227880325082e-05,-2.961549178766883627e-05,1.662743497134633880e-06,2.604876889713518613e-05,-1.047917094573284055e-05,-8.484639561254630685e-06,-5.161862402869610887e-07
-4.576652381489365349e-06,-1.039746638940168666e-05,-5.164188020087420527e-05,3.210738170742271323e-04,5.656847913360637343e-04,-9.648815581665297130e-04,-1.944893036706771793e-03,-1.687955391270793640e-03,7.013925761841645172e-03,4.302949921002293017e-03,-2.848267067821801460e-02,4.448207378578490634e-02,-2.380562576929126564e-03,3.000159481286137839e-02,-4.424359393391084916e-02,-2.658413245836978023e-01,-3.212429355347080628e-01,-7.138768038166623531e-02,1.685696498989276704e-01,-8.971030631358546670e-02,-3.555097252902216648e-03,1.459023729780652145e-01,-5.658790305619395555e-01,-5.062997475417457816e-01,-3.683637086094314617e-01,1.508197126509498998e-01,7.813792207821600166e-02,1.815800539117502083e-02,1.253923868246525353e-01,-1.967398441531541600e-02
-4.148219681321919184e-05,1.112863495379366956e-05,-6.563673066557289260e-05,3.128415979358461357e-03,2.850592032126009635e-03,-3.210662459948292104e-03,-1.139446749522766023e-03,-1.004926943004937762e-02,5.241002251690523445e-02,2.614934834052877813e-02,-1.085324053633612840e-01,9.573474130930122172e-02,9.841814184370188678e-02,-4.366425396784870405e-02,-1.015730131101128253e-01,-1.486623485104684728e-01,-9.412071972343007131e-02,-3.800344073530703137e-01,1.640485977970010112e-01,-1.207814772495527517e-01,-7.430714908144302466e-01,3.222351765024309977e-01,1.784877217206287114e-01,1.792166881065287432e-01,4.061479247659157549e-02,2.453798930035489337e-02,7.536210232845982904e-02,9.321157293759088636e-02,-1.683646381861046053e-03,1.047075378474596023e-02
-8.412787271697118872e-05,8.781114984075374052e-05,-1.585719183187120449e-04,3.495847450432698796e-03,2.612675086302756675e-03,-1.144994172820607307e-03,-3.176646886069155965e-03,-1.053565789649295315e-02,6.225474503873590360e-02,3.720111314836922062e-02,-1.816529193357790117e-01,-2.076100727359658782e-02,-1.813610705326290096e-01,1.231350865607350881e-01,-1.362909674109570313e-01,-1.507652276513405110e-01,6.462604460678215978e-02,-5.936363590482163222e-01,-4.838320819085758506e-01,-2.368554086708553885e-01,2.696121484174589522e-01,-8.871249636063990862e-02,2.558470031852137505e-01,-6.667037508670511925e-02,-2.611312253363949343e-01,6.927405131651073744e-02,3.193947939283111465e-02,-2.258472067622859653e-02,-2.796877600868855236e-03,-6.809078201314228834e-03
-4.693311045777749299e-05,4.290259849970901783e-05,-2.928597115024660540e-06,1.269641906192876118e-03,1.307960108197973306e-03,-9.642823665134643346e-04,-1.281197614531004621e-03,-6.236376295146092534e-03,1.642949176897728555e-02,1.182342180553079720e-02,-5.423155793500807759e-02,4.733488200134540469e-02,-2.995323162255374150e-02,4.920218912973917808e-02,-1.168023371253535808e-01,-2.957283995262256493e-01,5.275695505362274634e-02,-1.378971837499946840e-01,-2.971811462414738481e-01,-5.918598566033423519e-02,2.586224336368172713e-02,-9.991513586715451440e-04,-5.707413869377455651e-01,1.967953920857289374e-01,6.065857772228430145e-01,-2.034278863979605834e-01,-2.749208303685665364e-02,1.798387624551015104e-03,-3.116602014238792004e-02,1.120608694687366680e-02
-8.359301573969536191e-06,-2.487658248053178841e-05,-1.092274009632061762e-04,1.231665234478598273e-03,1.063245298125873586e-03,-1.927388224754394063e-03,-6.903112055990777863e-04,-8.598727928653482691e-03,1.308123603604742849e-02,1.050439044524657112e-02,-4.935452339443526654e-02,5.553116415621666552e-02,1.472015360601203193e-01,2.811000220599130239e-01,-6.517115901261161248e-02,-9.876676002832743273e-02,-1.736252490491031752e-01,-2.888382958031073811e-01,6.709175292390880119e-02,8.561162644499806795e-01,8.080270763524367850e-02,-4.536262644612283623e-02,4.495961889621409580e-02,1.521720105298074097e-02,-2.940619804143259491e-02,-1.225389483794200179e-01,-3.183915564456402808e-02,1.691426028841171852e-02,-1.908930514906959780e-02,-6.027693117963624746e-03
2.332876194710656381e-06,-1.196327599961529167e-05,-4.325279312559359460e-05,2.180676296553263436e-04,2.457220800300652331e-04,-1.610683020121592558e-04,-9.088860559655557016e-05,-2.001950687309013259e-03,7.267838839436705466e-03,4.735834208290546667e-03,-1.677109805560000888e-02,1.614535558735561913e-02,1.199593025043806625e-02,-1.129857762253130664e-02,-6.119549130548615490e-03,-3.587664901663285139e-02,-5.489299807051142843e-02,-7.207928663521474821e-02,6.061729398730453938e-02,-4.725395751692951229e-02,-1.820696272741118282e-01,-2.098544650982447357e-01,-3.244480659687633273e-02,-4.457123095222893100e-02,-4.159725771209903805e-02,1.906332934173919635e-02,-6.197633446986695605e-01,-7.082691512048759908e-01,-1.243819451611437032e-01,1.107000923490459275e-02
-3.611774921334626317e-04,3.332615571247091115e-04,-5.460149607663038890e-03,4.668381272351034179e-03,4.852519260385512213e-03,-1.577240426889046400e-03,1.729776643109659506e-02,-8.482773345404537313e-02,-8.692093000267185621e-02,2.441442736214615578e-02,-9.779937340984638794e-02,7.701941017329025363e-02,-1.131647234012240349e-01,8.695075812839454799e-02,-9.277132809300062677e-01,2.038800816600468135e-01,-1.856248895187826570e-02,2.012637455651448415e-01,5.233451330166909166e-02,-3.013929701811490693e-03,-1.252536231613545978e-02,-1.758646351495731300e-02,1.973167177476028988e-02,-3.145009366667632367e-02,4.804618306111715052e-03,2.609423933140915183e-02,-3.357026246092037307e-03,-3.142668263671819125e-03,-1.807545563506146721e-03,4.556673753451581307e-03
4.141017844630104177e-05,2.271058096520490338e-04,-4.438310521467201883e-03,2.852019972969435657e-02,-2.944748904658781377e-02,-2.494780014947338767e-02,-5.310550580428340106e-02,-5.383310189860822659e-01,1.100811343000334189e-02,-8.139550633098228127e-01,-1.983578504963489642e-01,1.481465787067391335e-02,1.719108831607341417e-02,-2.124194242496823658e-03,4.675097922673523282e-02,-8.358686764504878394e-03,2.458277184307881922e-03,1.344368061490284517e-02,-6.275755735752829370e-03,-1.828445820853568868e-03,-3.941629343533606172e-04,-1.673818628204918300e-03,4.126748502008629506e-03,-3.790595423858052725e-03,2.901328015755703926e-03,4.024141990380093216e-03,-8.342446370833117141e-04,1.133569415256646847e-03,-1.168794802199895830e-03,3.131495999342439728e-04
-2.664203169761533360e-03,3.825724392092683373e-03,-4.069419528872481734e-02,5.850930383285394415e-02,5.443407532354478662e-02,1.024670606342968499e-01,1.591597848714046692e-01,-8.167185905680474090e-01,-1.073700955955308040e-01,5.058690265477439052e-01,9.532553781367100743e-02,-7.295391845433443767e-02,2.606236426127186284e-02,-1.871362972830198368e-02,7.418798134833763658e-02,-1.865650574982816168e-02,-1.245642681841295334e-02,-8.965737875274172250e-03,-9.797683268302100762e-03,-1.833065150152396851e-03,1.651830473644056016e-03,1.601384205233288664e-03,-2.357245902617085512e-04,2.290175701374509449e-03,7.381406138431693053e-04,1.620501338258075515e-03,-9.634403063297358608e-05,1.779379341279722134e-03,7.555904424219269961e-04,-6.530527995227190753e-04
-6.509321241577835371e-02,6.766916747730027104e-02,-9.856322893578712829e-01,1.140466484969793609e-01,5.707507235963044795e-02,-2.956703618297622585e-02,-1.989352340214025142e-02,4.280001317236054037e-02,-1.367174990990852610e-03,-1.834832415136201933e-02,-1.348904212836540871e-03,8.333177255031025583e-04,-3.832908145336464214e-04,1.793384508578582865e-04,2.147623334745451824e-03,-4.857614437925363298e-04,4.312441429292723739e-04,-6.422279719719599378e-04,7.059282289574642154e-05,6.168450510422868053e-05,-4.508713736047652618e-05,-2.237036497434653552e-07,-7.885131649420242222e-05,1.309567220858859555e-04,5.123067241358166385e-06,-1.885842989913873353e-04,3.065724210543719850e-06,-5.024493500740129232e-05,-2.226125952326892240e-05,3.044092653589207267e-06
7.435910518487764628e-07,4.983745129769320581e-07,-3.516411973806119260e-05,-2.273751118865862987e-06,-1.911926392488627011e-05,-1.845458683838311067e-05,1.495526709631473002e-04,-1.623651455331384403e-03,6.758127098609934729e-04,-1.205740030032365117e-03,-4.932593129016533441e-03,4.927101344911604189e-03,7.136009345822269274e-04,-4.082769588158364875e-03,-1.411689792500840472e-02,-3.272175785287753658e-02,-2.760366236009045154e-02,-4.996981038733343955e-03,4.799244328183618208e-02,-2.358851977206445974e-02,4.840982608799403869e-02,-3.472545103822505773e-03,7.865201297383442314e-02,1.314538800354031478e-01,3.103147784559723635e-02,-1.617923312374232037e-01,2.778483731768410445e-02,-2.099910989977943065e-01,9.357918239311283637e-01,-1.465499217184735026e-01
-6.155044052630049012e-06,1.459691534617523199e-05,-8.985029893643843070e-05,9.365209780511767621e-04,7.830839691054002679e-04,-8.663933746542357194e-04,1.074952115087721800e-03,-7.104680392959099658e-03,1.726164094396638940e-02,2.608627674400848181e-03,-4.012307041998273982e-02,-4.300353763403771956e-02,7.160433217953975082e-02,-6.567446410645158550e-02,-4.749497861388485287e-02,1.146898296477717599e-01,2.663764337835898277e-01,-2.207548452900005009e-01,2.993130475122822154e-01,8.151637283661406364e-05,1.815689056380901389e-01,-4.114772210575010775e-02,-3.594565827321064000e-01,6.059279888617052912e-01,-3.043259950395616475e-01,3.400397292601209376e-01,-6.782185997287468182e-02,5.112658142040062137e-02,3.112579074309211949e-02,1.208837663165755749e-01
-1.056917982604043973e-05,3.077350751776462200e-05,-1.291596296043828718e-04,9.990298734685542324e-04,8.188663959577868658e-04,-5.236622310426762442e-04,8.800724940980987794e-04,-8.962004604795199142e-03,2.153326562283203530e-02,1.369770426053148159e-02,-7.966210237398112237e-02,-1.220819000789905295e-01,-7.310360176894518947e-02,4.064672489433055619e-02,-9.301670036936687813e-03,1.170662002209379438e-01,4.213387814833661760e-01,-3.625031237870741663e-01,5.614967280136545780e-01,-9.185391203295507900e-02,1.596744578476566867e-01,-2.520596786569738110e-03,4.605006559628893603e-02,-4.083672411294271276e-01,3.107959524217933089e-01,-1.562982031272637518e-01,-6.674070746858815073e-02,6.787547321034172187e-02,7.834827542568386857e-03,-6.704599367031802842e-03
-3.578006146275535097e-06,8.249596249606259616e-06,-3.504703781841221854e-05,2.325956934036836111e-04,2.872943810236532796e-04,-4.619286389255973383e-04,5.175678010056118010e-04,-4.009827046711596059e-03,2.607470717398429911e-03,1.563456630093733443e-03,-8.351970108347513480e-03,-1.312776165658013049e-02,-2.353364901023558865e-03,5.505268043414369549e-04,-1.444438063241766830e-02,-5.828955291597623378e-02,1.303372880889455132e-01,-3.038744075678728382e-03,1.030229174954167132e-01,3.522545985104627575e-02,1.816553819346204343e-02,6.734757849944045770e-03,-2.163688034037976674e-02,4.624146006730826125e-02,-2.048849990522296285e-02,-6.198016088562872949e-02,7.358879997346973179e-01,-6.219648198632021785e-01,-1.769512888239562765e-01,1.849272023769151993e-02
7.248096987002323499e-07,1.735599121129249395e-05,-1.053508061762876725e-04,2.104977682911909486e-04,1.812128853327176045e-04,-3.008237453201311092e-04,6.757613222645268963e-04,-6.307563087889843378e-03,1.132920432293683857e-03,1.943243248229027111e-04,-1.059742470081120533e-02,-9.035932426546870950e-04,5.179686725882615139e-02,9.066940486028456092e-02,-9.277489591804695401e-03,6.309686363363871398e-02,4.128736010001948786e-02,2.434246626889245355e-02,4.407766279292420902e-02,-1.542974230393343305e-01,-2.306142498162101154e-03,6.904422431681711547e-02,-1.157583872416566989e-01,1.474851670487138666e-01,-4.188887390007773326e-01,-8.460190724852211241e-01,-7.103118774216193865e-02,6.730077955730491557e-02,-1.239258762245772916e-01,2.744923510917529619e-02
-6.042011575726677909e-08,1.523669041697652281e-06,-1.560670089383704788e-05,8.166860293749943873e-05,6.625594840917693935e-05,-1.955251703437421728e-04,2.061162267274456049e-04,-9.934830254134396649e-04,1.814002349843490654e-03,1.592860939838034525e-04,-4.855089547879547218e-03,-1.764299738306555204e-03,5.417346233864729632e-03,-1.174864275010496263e-02,-9.155912812817032856e-03,6.904516158698498218e-03,2.782768947235610829e-02,-2.687605394909089312e-02,4.571899128947339713e-02,-1.349970282865449456e-02,-2.716238784215331201e-02,-1.128645443042276680e-01,-5.759885486698766710e-02,7.829274142965032823e-02,-4.231685399586315732e-02,3.034515803211924878e-02,1.382588086176578766e-02,4.478813074311846498e-02,-1.433015017278416736e-01,-9.734132161623967328e-01
-7.098438407384138893e-03,-4.959278151720421289e-04,1.757550008260709215e-02,5.408281930327836495e-02,5.157979423335075364e-02,-7.039918460163033243e-02,-3.825402354253681220e-02,8.212639310422305272e-02,-8.842144888468690400e-01,3.980565431270607218e-02,-3.752475593489221772e-01,1.904753252222939064e-01,-1.453673508010075964e-02,-5.428027189142296122e-02,1.264492363676002484e-01,1.663722120373292354e-02,1.843401117505728479e-02,-2.072144774507222661e-02,-3.624222691016523810e-03,7.960324857132243179e-03,5.671455892076483589e-03,5.384955476452754283e-03,-5.267660518347552778e-03,-7.399580714238997864e-05,-2.230778551274326203e-03,-3.491498573173646564e-03,1.422396929824742409e-03,-1.289891958742920165e-03,1.938885157250724270e-04,-4.199711815607238608e-04
-3.031309509551807693e-03,-1.329598759037056536e-02,3.463646290421006080e-02,5.628975422643847093e-01,-6.047684854306725200e-01,7.867195817340717767e-02,-5.464873519120078127e-01,-3.864221302293078392e-02,1.162679925648805096e-04,9.041031808268570891e-02,3.731749596663311297e-02,-3.784522608399641663e-03,-3.844780793213822215e-03,-1.445069611436494532e-03,-8.483404718260017380e-03,3.060083648709731232e-03,5.269711657057503162e-05,-1.381881025968192825e-03,1.096074884964045020e-03,9.142414044670056682e-04,-7.805282771133854663e-04,2.105673189584590286e-04,-6.731826167759085919e-04,4.125333185173990090e-04,-2.504716956444246541e-04,-5.726636800102502057e-04,1.079218567527361240e-04,-1.799290869240782373e-04,1.803600882637455024e-04,-4.472714558839273498e-05
-4.951112570298236287e-02,3.731155067914793144e-04,1.036626098504002391e-01,6.514017990456156815e-01,5.880746729481317603e-01,4.403555031333853398e-01,7.118726010384095193e-02,9.455206317026296214e-02,3.363642670049895450e-02,-8.440568574530910029e-02,1.848823335848239630e-02,-1.869939231047227941e-03,-3.383281447354010308e-03,5.236933141443900035e-03,-9.035690520936409328e-03,-3.463508327541986497e-04,-1.471501970805147214e-04,-8.816329288944090145e-04,1.569043106296500682e-03,-2.678244394256498414e-04,-6.409498733751309296e-04,-4.744067886834987422e-04,1.472343751457809153e-04,-4.001715958269638182e-05,-1.220586853912773457e-04,-2.074040607346061278e-04,-8.845350245918700491e-07,-1.484316118987652477e-04,-9.892928779044673441e-05,4.875152100734773280e-05
-8.530571410270171295e-01,-5.195716145980671108e-01,1.560062005350603721e-02,-3.660352690875426362e-02,-1.894294280725841370e-02,-1.843849310663556867e-02,-8.173870736312604981e-05,-5.215499745755793233e-03,4.237249221397973095e-03,2.778374802006120491e-03,1.635291290993025988e-03,-1.052103614200748183e-03,1.890362896574661821e-04,1.080140922836109960e-04,-3.046390227542480791e-04,-6.506113853204014764e-05,-1.030053570505551721e-04,1.299852178214395656e-04,-4.754417510427203555e-05,-4.636246675466243467e-05,2.734630800446842027e-06,-1.320858274584014702e-05,2.158713348869296093e-05,-1.960842583632883881e-06,1.354562307290855825e-05,2.221099624046646396e-05,-6.775620060635838310e-06,1.407458457828245972e-05,3.730416468165855742e-06,-1.053995647280459650e-07
-6.427094813514016415e-06,-6.480547561992725924e-05,4.423820877667942195e-05,5.809064380388147047e-04,4.286644700655455032e-04,4.851784994453297748e-04,-4.406132978023557210e-03,2.662895470048251383e-03,9.527477120514831962e-03,1.237982831469645884e-02,-5.406927797555532295e-02,7.020502137429396328e-02,3.395572768037606950e-03,7.321488923481163358e-05,-4.693389698117703818e-02,-4.297252640649883437e-01,-4.878199025029858471e-01,5.207419158395178854e-02,4.061857621491197778e-01,-2.366797259480073190e-01,4.021943365044967633e-01,-1.229958043705307175e-02,2.781559517437994233e-01,2.468554680429650983e-01,1.456205543921895718e-01,-3.328255535346531097e-02,-2.690054892562665501e-02,1.915508964192896846e-02,-1.398212125764893288e-01,1.186050821291047448e-02
-1.005494606489537579e-04,-1.616203010748583639e-04,6.718541516331260266e-04,9.744966370065295119e-03,6.667579423235620896e-03,2.818073756974348153e-03,-1.089895834197448544e-02,2.415693795455743989e-02,1.438248228480189239e-01,8.383571873821703269e-02,-3.668257517196658046e-01,-1.174159906410443682e-01,7.026311326390268786e-01,-5.006042174973035497e-01,-1.123876139351855097e-01,6.633178884939722186e-02,-2.475581448125381556e-02,-1.562281036750885754e-02,-1.202203017617853031e-01,9.269607327746436781e-03,1.574491351796783178e-01,5.960954007153846518e-02,2.008136771293628567e-02,-1.153777076770399618e-01,3.202029193970550719e-02,-4.461678688957045058e-02,-6.680946398138513584e-03,-2.962231157164417830e-02,-9.061453343344313613e-03,-1.695349523532920302e-02
-1.723711535903150202e-04,-1.108609667277731561e-04,9.071292167533264502e-04,1.078720034208952537e-02,6.465282807200176639e-03,6.446071679380793208e-03,-1.457356450930652990e-02,2.803897804212852549e-02,1.683691032890617389e-01,1.299683881021456711e-01,-6.395820896265395072e-01,-5.635282728018088383e-01,-3.411151333902925353e-01,1.250726333097653964e-01,1.135526094930116997e-01,7.084753039660372786e-02,-1.450973501428821366e-01,1.724448454816789322e-01,2.862596770173160207e-02,7.088926432526353183e-02,-1.028814095411892532e-01,2.461486003733895020e-02,-5.390164108942874233e-02,7.766142268130035720e-02,1.337028114020422792e-02,7.685626144950794512e-03,2.670606468098987371e-03,-2.458414281956636770e-03,1.074130522649676539e-03,8.711260222779832309e-04
-7.227187750607642815e-05,-3.751488722078414538e-05,3.127419583635683608e-04,2.736819134706203367e-03,2.464426169523499435e-03,7.988809297245790843e-04,-5.117038196725706874e-03,3.700761258898050896e-03,2.308687333298499109e-02,3.518754636683269627e-02,-1.100552448514235254e-01,-1.769793832494811342e-02,3.434863473059737715e-02,6.765827587270362847e-03,-8.182721825919356262e-02,-6.954854098185493383e-01,5.506849833878947331e-01,3.282028928173167381e-01,1.097764346410816383e-02,1.174282072417935363e-01,-7.706359473902561763e-02,-8.065025953906757375e-03,1.255155396030037673e-01,-4.509669788869780788e-02,-1.740415195003300886e-01,3.897942909650795734e-02,-9.413484458998615245e-02,6.480735202623796876e-02,2.414616916895757914e-02,1.042008237402114977e-03
-1.463127064738612752e-05,-1.438341392048886292e-04,2.303737170265151733e-04,2.909397295054519210e-03,1.964301013496893168e-03,1.561482086562296498e-03,-8.286089309461661112e-03,7.209699337103241991e-03,1.600170621207943136e-02,4.256076869010413932e-02,-1.231011577323696538e-01,4.098662196801082513e-02,5.060245320677325687e-01,7.755035533157575989e-01,7.657117514299421890e-02,9.162284810531221013e-02,5.127180409413848589e-02,1.196392040391367900e-01,-1.162176476374081335e-02,-2.610574248852507440e-01,-1.462351066102918727e-02,-2.739773986339617481e-02,3.916898601164681658e-03,-8.515513805558653365e-03,5.307746199723516189e-02,1.377024758576124164e-01,2.181127716491083196e-02,-1.469256598862275082e-02,2.175735417221903029e-02,-3.725452792110135487e-03
-1.848164722862724951e-06,-3.946425633821916542e-05,4.326993264664179576e-05,8.794742267360471360e-04,5.249830560719574322e-04,3.743335061246327866e-04,-1.313648579652249102e-03,2.482039061231627094e-03,1.612555573391455735e-02,1.252359527100557063e-02,-4.981346476984195581e-02,5.717364633363121451e-03,6.888124594932053257e-02,-7.893636411183291290e-02,-1.070980518419724879e-02,-5.987879183100086600e-02,-8.972209561224275820e-02,-5.047817920258795138e-02,8.637686852053491626e-02,-6.414929153173329346e-02,-2.595912198278965688e-01,-8.922374477509534829e-01,-3.863706572419133706e-02,-3.487339095560272606e-02,-2.286440293838990293e-02,-6.318963512226062618e-02,1.860047677705737312e-01,1.953439414530792062e-01,5.300330720447772592e-02,1.180834660107953488e-01
