4.897705265195922107e-03,8.648114763215319217e-03,1.381729620845129416e-02,3.646751141394460882e-02,3.794048029193688304e-02,-1.261118519416256911e-01,-3.281397082732091797e-02,4.794759837086796928e-02,-3.308051005611398199e-01,-1.300603859231565518e-01,4.335639217062928763e-01,7.627356392662865137e-01,-1.180034676769714935e-01,-1.506809268623858222e-01,8.640699432867725294e-02,1.321945147097507989e-01,3.180644272261277938e-02,1.145152540487809345e-01,2.876547263510677299e-02,-4.406859182343972337e-02,-4.810826694001577031e-02,8.091859718944530502e-03,-1.318252459658881409e-02,-1.894416848289236233e-02,-1.116219970954452322e-02,-5.941790586342967848e-03,-2.694035949921218948e-03,2.316968719539628813e-03,3.689378706616150243e-03,-2.298493869891640468e-03
2.274779190962535492e-03,-5.358510624697464253e-03,6.687976791203050116e-03,4.295418274782807355e-01,-3.859266718293172249e-01,-2.465039981579819628e-01,7.692835545811759212e-01,9.028693500835853480e-02,2.185556504228650110e-02,-6.760549566549481360e-02,-2.454067057894077086e-02,-3.202475987440884034e-03,-6.949839949125916939e-03,1.293129508595312633e-03,-6.370290611694235001e-03,1.835988276119468205e-03,-1.492386030642342673e-03,-4.837558960770496169e-05,-1.329178527017819446e-03,-1.552993884873525273e-03,5.858843336120080850e-04,4.241428764134446577e-04,7.212989886109845167e-04,2.298663114732212057e-06,-7.237241154316616503e-04,2.537698717776952148e-04,4.517977749928723781e-05,-1.967377237652918908e-05,1.637219578011451452e-04,-6.391689811195058865e-05
3.382014741819380776e-02,5.781694064171483127e-02,8.622899691131159783e-02,3.144741779248610425e-01,3.428299447103521636e-01,-8.174810146353442830e-01,-2.532414413286687704e-01,-6.723642923868768106e-02,1.232626398749584462e-01,9.997750811376515667e-02,-3.848937205284968469e-03,-8.912035021464093099e-02,1.863523517949391278e-02,1.582043871411142888e-02,-1.021909229492046732e-02,-1.888399720516430180e-02,-9.164225878568969114e-03,-1.706439439911012351e-02,-5.069124262172493289e-03,4.442696540045039388e-03,9.204565957838597989e-03,1.334463656332722037e-04,2.050352830568675112e-03,2.278398464705356282e-03,1.813598297955264227e-03,9.238322158793381422e-04,-2.532909286419460378e-04,-3.626263472022005370e-04,-2.768699678669617691e-04,4.670260637795185560e-04
5.131389066711067315e-01,8.495908645572193274e-01,8.943190747690059339e-02,-3.513923384691081120e-02,-5.465553548251639304e-02,5.001865954699379058e-02,1.133910277270354719e-02,1.989659864175760857e-03,-2.838485929881862883e-03,-2.780335844271809246e-03,-3.447289414316378163e-03,-1.247748748786083831e-03,-1.934361278736326177e-04,1.682987005522018002e-04,6.125383413271606910e-05,-9.119376997161337010e-05,1.513034083862979076e-04,-3.677998753763663442e-05,-3.008017847374003210e-05,1.355941957395412779e-04,-1.138475424795774767e-04,-4.286502057526314283e-05,1.176498880182273194e-05,7.129714247757596660e-06,-3.798291114064327783e-06,7.530829937071870355e-06,3.039764907565206922e-05,1.220148856098579557e-07,-1.630616798716799190e-05,-9.205329796872619130e-06
4.153106918449428052e-06,-1.114952425177781228e-05,-4.544278980805525024e-05,2.315936996193367103e-04,5.020358127572041628e-04,-4.571066618201764450e-04,-1.468152597633466065e-03,-2.101456119467199832e-03,6.302977278007027527e-03,4.739299903378763057e-03,-2.969040903336219589e-02,-4.737988632150088447e-02,5.825746909687930589e-03,-5.908230938188330922e-02,2.781995399015396719e-02,2.009286683417748631e-01,-1.243928160679393935e-01,3.127927204716110521e-01,-1.926048525914066389e-01,-9.738571711316003354e-02,-1.099796510013960754e-01,-5.240007519881616227e-02,2.189916428725522390e-01,5.623235757552528247e-01,3.523525112420035077e-01,5.156429836335567618e-01,1.055031214813244717e-01,-4.790971688448856722e-03,2.592085176322416265e-02,1.066197855647039866e-01
3.885436291939435658e-05,-1.490033415484059920e-05,4.509978154064663524e-05,2.525738519927701615e-03,2.961311135252763307e-03,-1.697909893239321318e-03,-2.367550583545060747e-03,-1.061572834693571242e-02,5.185488019514322006e-02,2.484505207131878016e-02,-1.141668351316417335e-01,-8.107888010798200429e-02,-7.605892752928261613e-02,-5.939530245567020000e-02,7.740910637177042530e-02,1.647680914766817273e-01,1.853365248475880855e-01,2.781254893584284016e-01,-7.906067061342025859e-02,-9.413006332498570494e-02,-8.255824604196394523e-01,4.705426520482861724e-02,1.096942355693653337e-01,-2.564567018706351842e-01,-1.200557260804550469e-01,-1.395945054411314723e-01,7.868580486254622697e-02,3.763040928044700598e-03,7.595285035051341227e-02,1.427782494351060964e-02
8.145601136039328546e-05,6.652416344548272263e-05,-6.556107936287620659e-05,2.584543134840524507e-03,2.649031833859901743e-03,-1.604817284707745579e-03,-2.033285166031491200e-03,-1.290248153565689594e-02,6.269759265722678332e-02,2.025466593304022303e-02,-1.963428640850405360e-01,3.347506487193955410e-02,2.713608954409251206e-01,-1.529793513398901850e-01,-7.802967911771996508e-03,1.744569312006090944e-01,4.174640852438020744e-01,3.417643448474340651e-01,4.995892068602829084e-01,-2.994854846305929352e-01,2.709319156459107369e-01,-4.330949531327155100e-02,-4.816659802148992586e-02,-2.575378889229920643e-01,1.032633391168379655e-01,2.025611612684817264e-01,4.503561126496016115e-02,1.004656993525865349e-03,1.196336946325154797e-02,-1.062536536272394062e-02
4.653003189217340808e-05,4.402812262596021405e-05,5.822729244792539712e-05,9.934940403264155319e-04,1.221216740143746650e-03,-1.186297089554481021e-03,-1.041746508775807153e-03,-6.324638401496880495e-03,1.690806543544227936e-02,8.269818141844841389e-03,-6.021191656343028581e-02,-4.549124051517822870e-02,5.768279050378002232e-02,-9.986896947033953309e-02,1.609175619971713739e-02,3.101398042827629431e-01,7.166986900131907569e-03,5.017614093465408431e-02,2.914945981304313261e-01,-1.012367165700810145e-01,-2.559761805922922476e-02,-2.999081448141425327e-02,-1.810278648660565426e-01,6.425341078396862304e-01,-3.784235314950989970e-01,-4.353384160412485659e-01,-5.795076633834105734e-02,8.941439470735643852e-03,-5.026466279189825692e-02,-2.252865520993200046e-02
6.317851884396149318e-06,-1.297258294453346735e-05,-4.553415457641141889e-05,8.608076369739664111e-04,9.861265822248609179e-04,-1.377240414731514817e-03,-4.733761065524761140e-04,-6.527385494609084723e-03,1.532112149006403454e-02,6.468613176521165534e-03,-4.380976458749566427e-02,-4.209122201405952890e-02,-5.688399779367372955e-02,-3.290572678295988207e-01,-1.550067376463371283e-01,6.601838380190537536e-02,6.634197495725464855e-02,3.630753757734470621e-01,3.045302524379137413e-02,8.324891290833363877e-01,6.975914543859568218e-02,-6.176743485966513375e-02,-9.219059268812707097e-02,-2.397779241688976007e-02,6.312840292146748578e-02,-5.938233826121715880e-02,-1.418672332233660363e-02,-3.769004852467134053e-03,5.999389895229628213e-03,-1.941608328203460812e-02
-2.658207574461921760e-06,-1.604752595651310102e-05,-4.267844128939260115e-05,1.508531480108148950e-04,2.372612247807848098e-04,6.363099887863591828e-05,-9.206826837781847679e-05,-2.625630665120797739e-03,6.665464501918585971e-03,3.384333025032867925e-03,-1.891470065856430335e-02,-1.363344482942439699e-02,-4.145183865169771095e-03,-1.133729972616755524e-02,3.957234508537750550e-03,2.249639430150653790e-02,4.997791665479858064e-02,7.870801196827534318e-02,-4.821138436000720062e-02,-3.280795730147267192e-02,-8.581042090632874653e-02,2.519292860004723189e-01,-3.433133703534781145e-02,-7.215088182157088602e-03,9.396568153628846731e-02,8.886782952868578500e-02,-7.222125537485539759e-01,4.553534502574822090e-02,-6.059750024605037311e-01,-8.350395248452630037e-02
3.557174702418155077e-04,3.983975777604003275e-04,-5.480808368444757550e-03,4.092023733083827337e-03,3.831427584020207291e-03,-6.648424682310136342e-03,1.767420501104565930e-02,-8.788417601252131173e-02,-1.001051210347373988e-01,1.708534883870340207e-02,-1.194420021833892259e-01,-5.685119686273061579e-02,2.581843910202047954e-01,-4.982687417570633159e-01,7.570754125975793780e-01,-1.555972100942469849e-01,-1.786630211170018856e-01,-1.282830636207025199e-01,-6.816793037666287434e-03,4.009771450017084182e-02,-9.627133114288982316e-03,2.494416474495982083e-02,1.440046055330701340e-02,-2.458980701388899931e-02,2.686924761224361580e-03,9.469166067985368418e-03,-6.618791632465011524e-03,-5.786613537061681065e-03,-1.048424145658496823e-03,-2.922454087977363352e-03
-8.909679775719921016e-05,3.913972529968877693e-05,-5.335792974618009353e-03,2.583784617219090501e-02,-3.595309694188628113e-02,-2.049950678682340571e-02,-4.269229898382347760e-02,-6.065684394963249959e-01,1.111992894500311024e-01,-7.782790836706270365e-01,-8.519133372453295550e-02,-6.564411005752249185e-04,-3.422928047936621421e-02,1.988476500460846161e-02,-2.762766974193387598e-02,4.157871485934405177e-03,-8.552002784461811002e-03,-2.230946169338695120e-03,-2.982210284420698260e-03,-2.638803494480781737e-03,2.765444161844667157e-03,1.667909163673509396e-03,4.697033038319103730e-03,-1.100300821037792243e-03,-4.822683073939864132e-03,1.610629517489446400e-03,5.311913916967206080e-04,-1.453362749734074934e-04,3.053441216745486739e-04,-1.118163177661014109e-04
2.520942573205398052e-03,3.989283149819850688e-03,-3.996987133324426955e-02,4.364459194588350688e-02,4.720315228125359502e-02,7.730097536667204783e-02,1.704953165577434149e-01,-7.706323310867887466e-01,-1.903340057178383449e-01,5.609387390710418586e-01,5.214541382126774982e-02,5.512493002932206815e-02,-3.195236480609391083e-02,4.544952392418641351e-02,-7.115560099296328045e-02,1.610814143219277059e-02,4.238577257397890645e-03,1.319487758881648411e-02,3.852475731626617966e-03,-6.553140192942725865e-03,4.200469301988727505e-03,-2.030717888140239329e-03,5.275656567365496043e-04,-5.312982273525547862e-04,-1.212135583914152959e-03,7.149164362315103436e-04,-8.352882705152727284e-04,7.836705685232180692e-04,2.552263892992568707e-03,6.846685110740703640e-04
6.461975099911977660e-02,7.543929883257402547e-02,-9.849469465817120017e-01,1.035431007022182270e-01,7.978448502501221673e-02,-2.084512515341314584e-02,-2.216417970328409329e-02,3.897699309447211213e-02,3.983838398156008993e-03,-2.146469595095330113e-02,-1.596900887033271719e-05,-8.998074952423336598e-04,-1.730464558423188033e-04,9.569701287650402097e-04,-1.428071726926515884e-03,2.689611099094480406e-04,6.535565118066313794e-04,1.787309814606097692e-04,-6.383076623951716580e-05,-9.914238415461375455e-07,-1.142342356673659704e-04,-3.389049526505795088e-05,-8.978948350158508630e-05,1.481354128259498068e-04,-1.649747738379296920e-05,-1.000164863994583615e-04,3.820958876728708706e-05,6.202906127934689245e-06,-8.841146884584168478e-05,-8.762464042866807110e-06
-4.802545448065564670e-07,1.155787878766551986e-06,-3.103922973105524308e-05,3.136740315314922820e-06,-4.112088223288683540e-05,-1.184263343503312764e-05,1.741568521385522300e-04,-1.211734880460891379e-03,5.653370898808056638e-04,-2.524713660568538715e-04,-3.891720466892394960e-03,-4.198904076531149304e-03,3.007528646302517344e-03,-7.827969681321888390e-03,9.746123182757306450e-03,2.251565234209776389e-02,-1.258989528291800004e-02,3.245246462047522013e-02,-5.964769585725395590e-02,-3.113235577091399628e-02,4.479563025079848215e-02,-8.396833029191470843e-02,-1.286241139236391773e-01,-8.089395958552891841e-02,5.528540195091636439e-02,-1.495613873679970118e-01,5.877758924618967790e-02,1.997360545921450081e-03,-2.344936659276341262e-01,9.367699042579935576e-01
5.705585189077681826e-06,2.750589264087242268e-06,-6.930225002352677929e-05,8.707424767844231190e-04,7.172918293032298212e-04,-1.053553708381813102e-03,3.589095097710308098e-04,-7.160169322865343917e-03,1.826585241281845906e-02,6.499160875086352693e-03,-4.200779959487645904e-02,3.267424568984071687e-02,-4.493903974979129856e-02,7.048130845157843556e-03,6.703571129981546195e-02,-7.224563613298061460e-02,3.039903668597515596e-01,-1.316806018958764646e-01,-2.204582678929634942e-01,1.308890780544544157e-02,-1.338325024345820569e-01,-2.648748300224691987e-01,-7.200393302967571518e-01,8.385953914587038205e-02,-1.904456869318148504e-01,3.998992427755166945e-01,-5.984290567701514019e-02,-9.046883228697624735e-02,6.813335796194511240e-02,-1.663715573863669417e-02
9.426775540899259197e-06,2.000110328992672879e-05,-1.450440703564198164e-04,9.385810156578608225e-04,8.696573250392133437e-04,-1.161621416226901521e-03,9.166176505186475173e-04,-1.152662571733112200e-02,2.249969837077806303e-02,7.584956383602868557e-03,-8.660544644524102720e-02,1.159094323374702529e-01,1.787893197461525030e-01,-5.138270091714260829e-02,2.417370310308462195e-02,-7.744868988525877018e-02,6.841301715087633184e-01,-1.184431940080794277e-01,-4.624296480718351199e-01,3.316365306196918106e-02,1.573961956836597842e-01,1.580234198276828442e-02,3.480311773097710115e-01,1.873367797316519978e-01,-4.251466815297940890e-03,-2.147588684260865743e-01,-6.544227312995129497e-02,-4.487496678362920544e-02,7.385629991013181739e-02,3.220189726142520803e-02
3.269138023516994750e-06,8.434169466672153314e-06,-3.075911502195448008e-05,2.358036591377591360e-04,2.683097660499917194e-04,-5.814202750733231959e-04,5.094866678713446751e-04,-3.820441182612066902e-03,2.319134242390025625e-03,2.737962794963051585e-03,-9.414069364855365274e-03,1.344090672062495280e-02,2.050192947115341349e-02,-1.010759408310154053e-02,9.521057032671012901e-03,7.172151640361978941e-02,8.692821890003066265e-02,-8.442115239330297283e-02,-9.308688207584341068e-02,3.184625130021887657e-02,-6.252479594300778100e-04,-4.485705464537927123e-02,-2.607055072436033002e-02,-1.190467623505798989e-02,-1.257917461397411139e-02,-1.015289173272645746e-03,6.236349080927257038e-01,3.130367381500845370e-02,-7.234038245170235637e-01,-2.310322149442787243e-01
-1.008433362661710878e-06,1.471229284797200137e-05,-9.484646014240549446e-05,7.661477128228464393e-05,9.288710235737551214e-05,-3.976818011622231409e-04,8.099836940839832272e-04,-5.664472354324136261e-03,1.403930902049554475e-03,-2.410179960585175345e-03,-7.639185104411988329e-03,-4.202805730299760331e-03,-2.803461641132365401e-02,-7.586727269827592268e-02,-3.416916270919845983e-02,-5.612010656475886067e-02,2.891535044569812016e-02,-5.087812514056724855e-02,-1.342683652951921769e-02,-1.457839197702010814e-01,-1.039850227040962638e-01,-1.582768976198374034e-01,-3.256088978153782731e-01,5.669500644207337708e-02,7.731907974132250505e-01,-4.403520628945399862e-01,-4.608768282355073416e-03,-3.011372606357497206e-02,5.090740401686386085e-02,-1.543147856867179701e-01
-7.157966996494888039e-08,-5.282760965754050346e-07,-2.057284173530261277e-05,7.291784207483224714e-05,7.601390790769212071e-05,-2.080471011038738578e-04,1.124563995551111872e-04,-1.417722684186985445e-03,1.970489036672435669e-03,3.703290734144626308e-04,-7.307803388377878337e-03,3.039018575046667069e-03,4.463967329629529510e-03,-3.506283678758124588e-03,1.199054922965943695e-02,-1.254411143227546731e-02,5.931951905609943870e-02,-1.065360495828728861e-02,-5.429855553261631051e-02,3.640608675748533557e-03,8.915487264033886486e-03,8.188620389954250067e-02,-9.715510081379884200e-02,2.291396649347672912e-02,1.604960318954991999e-02,1.596406460946198091e-02,3.465847410230112058e-02,9.837643960367555840e-01,8.138549124041863370e-02,1.119760524955279619e-02
6.948152722055700795e-03,-5.647060885638220716e-04,1.714855521745238531e-02,6.251915760396799249e-02,5.751581859027739968e-02,-6.873737386032575947e-02,-3.977041218956684637e-02,8.338895891495676227e-02,-8.671888994389775895e-01,-1.349959362671071805e-01,-3.977211660571274843e-01,-1.692677095305298585e-01,-3.110980410330239920e-02,1.066643823593712570e-01,-9.255609355593101550e-02,-1.312895903456683978e-02,2.884449796655581127e-02,7.239504943602934842e-04,4.204459138249927799e-03,8.527518847038496191e-03,4.975698253027075824e-04,-8.952865102998567096e-03,1.382840283350066915e-03,3.279571294934880994e-03,6.757788492844827265e-04,4.266491622458552335e-05,1.741000356545137958e-03,2.564747133157303468e-04,-1.517114047635353307e-03,5.008050016157355403e-04
2.796127782780880294e-03,-1.714972021569865016e-02,2.424058172324354554e-02,6.104823165531730877e-01,-5.394161063737877848e-01,1.882661551991733351e-01,-5.386031946714123775e-01,-3.158213283211642325e-02,-1.254756528922025376e-02,8.868684933194720399e-02,2.780211327091801701e-02,1.181560372008385370e-03,7.784120578223636781e-03,-3.048947016204735672e-03,6.439778353952148142e-03,-1.254352750661385293e-03,1.614635115014274912e-03,1.419088295117091020e-04,1.088646946080047825e-03,1.129439763776718614e-03,-8.010003117302097421e-04,-2.552458376615068087e-04,-6.535245335741907439e-04,1.514115349241946520e-04,8.300575612688297373e-04,-2.088654406087995814e-04,-6.282945716088181385e-05,3.076525775889083164e-05,-1.450160193506107493e-04,4.936196475057672570e-05
4.786313441003341856e-02,-3.468079091591234377e-03,1.074521417557608161e-01,5.680615684290397649e-01,6.513928346269795000e-01,4.527649082903704159e-01,1.376347285651933483e-01,7.049539529993968656e-02,4.875090284922068556e-02,-8.319211853988578431e-02,2.714078854041695327e-02,4.227793760277195022e-03,5.797603146024581447e-03,-7.976982055301779298e-03,9.166566376545993294e-03,-6.940670856896845222e-05,-1.752313073357750578e-05,9.531135658712071041e-04,-4.894106034791386416e-04,6.432889241978228292e-06,-6.515254934931788509e-04,4.561296300359378051e-04,-5.529088470416921707e-04,2.637671432746091201e-04,3.126972381245344320e-05,-4.207098952160636594e-05,8.646166058938799801e-05,-4.597120408788168982e-05,-2.154033081518409829e-04,-1.106177685147564867e-04
8.538069281338246386e-01,-5.183968338433090350e-01,1.116049320077125429e-02,-3.501226930507546353e-02,-2.132510789417213504e-02,-2.038991731860450782e-02,-3.105515611887698160e-03,-4.278432706625719291e-03,3.280081654232895518e-03,3.959741995494437013e-03,1.515395369912096507e-03,8.541045786349761495e-04,-3.243615667526588624e-05,-2.585724373720176624e-04,1.128832162951237623e-04,7.516082955798596241e-05,-1.446451551414068505e-04,-2.626345059215821274e-05,-2.338053323649537778e-06,-5.576992916692096326e-05,2.796055449515379599e-05,2.936507234085596946e-05,1.118237903306585632e-05,-2.530052641971391629e-05,-3.490615837156685681e-07,2.121957304462163931e-06,-1.166426362960945244e-05,-1.913150572013595420e-07,1.877809092763906059e-05,2.989151586231489907e-06
6.358794940060842236e-06,-7.005410311381099128e-05,5.421022962076025621e-05,6.443439833328856248e-04,5.080594347654002717e-04,1.371263001246634475e-03,-3.890784067012467186e-03,3.359930715661833302e-03,7.661610197380020436e-03,9.303362477418079812e-03,-5.412494975279903003e-02,-6.105521855210461341e-02,7.195430365439573622e-03,-6.225901312540618737e-02,2.338713961773124933e-02,2.931531560939424907e-01,-2.721984255622356130e-01,4.002467165888149436e-01,-5.561606844468348632e-01,-2.478580025484050098e-01,3.300452200195161390e-01,-1.819555354975443406e-01,-1.190428632382062174e-01,-2.348755535622703283e-01,-1.650080953931636341e-01,-1.821644761735745910e-01,-5.967146307151879187e-02,6.809091315311840628e-03,2.921779835003078876e-02,-1.465244582187599232e-01
9.342987027742495664e-05,-2.932824884326719274e-04,8.128241330579183844e-04,8.909668230581608422e-03,7.569329971595976057e-03,5.824526601762637992e-03,-1.422821112007611501e-02,1.350058458623876710e-02,1.497159199742645330e-01,7.837812169298663534e-02,-3.965421294570908306e-01,1.687729299217962109e-01,-7.616366974194345163e-01,1.291973921508865197e-01,3.501082750438194169e-01,2.086192353648252257e-02,9.030437520946969776e-02,3.227839278050290833e-02,9.800223371956816310e-02,8.740018502906040168e-03,1.659832940971182891e-01,-8.354759811535358849e-02,9.471688092778704493e-02,2.061411979518733978e-02,3.147475696572484688e-02,-2.466292891301363407e-02,-1.526422658939546526e-02,1.311943215671938431e-02,-2.272594521179892649e-02,-6.127519265924925851e-03
1.634354396275770145e-04,-1.975192111121937841e-04,1.035892938087316223e-03,9.942396691396425401e-03,8.042267664409673625e-03,5.917386079939990565e-03,-1.514678893785001423e-02,1.296962571247786689e-02,1.730649696079796795e-01,7.735831100240574132e-02,-6.101345827133674016e-01,5.594625426303764248e-01,3.374892383485266767e-01,8.046283903031475893e-02,-1.931661638357298483e-01,-1.432270280691947117e-01,-2.768906097178989723e-01,-1.125558455412897958e-02,-5.080314652435206912e-02,5.930408469849192399e-02,-1.190725386945734182e-01,-4.034193255315766946e-03,-3.248022831753225731e-02,3.209107100663756429e-02,-2.165109701777654869e-02,-1.396455552635724427e-02,-1.488614234988259837e-03,5.278587087720433731e-03,-1.173311239460450919e-02,1.922796585596221524e-04
6.784205946504275856e-05,-2.962177975544983148e-05,3.885913106111097293e-04,2.663601898980204764e-03,2.763517560637170425e-03,1.135169768169185271e-03,-4.567293042235786964e-03,2.742795809138363211e-03,2.601506758915877321e-02,1.829189050431322822e-02,-1.192330544182151203e-01,2.506108210649526588e-02,2.207890282009128055e-02,-9.487650120555318756e-02,-3.837569359779315764e-02,7.713068541964941405e-01,-2.131868555996659781e-02,-5.370162695450805268e-01,-4.013508738260715414e-02,1.276863155082636203e-01,-8.989479328760405057e-04,8.079766704496285645e-02,1.804533974777023861e-02,-1.605151937400931539e-01,1.279449128074273134e-01,1.033262614401496138e-01,-5.468856040502808463e-02,-9.049741974204942446e-03,8.814543210262482109e-02,3.097602728745393191e-02
1.395884685707896985e-05,-1.400113728126541729e-04,3.459287093620258915e-04,2.146314206277272901e-03,2.240829432304609382e-03,3.780034772184223939e-03,-7.500134013349311554e-03,8.152098224732865980e-03,1.655673210086705191e-02,2.039719735267232423e-02,-9.746446342907193194e-02,-2.734526282589002169e-02,-3.086898836041914729e-01,-7.219255635709714847e-01,-4.513349101687696430e-01,-1.910975403137785411e-01,-4.261029095232308356e-02,-1.729584505924901261e-01,-4.069193801748643979e-02,-2.781666148547894402e-01,-1.939518808019185950e-03,3.913301297279433294e-02,6.374326804021465676e-02,5.246655492892670497e-03,-1.001268045460790013e-01,6.985461211787315217e-02,1.537624938552478206e-02,4.307620938567041646e-03,-1.180180048004255897e-02,2.325049462063541114e-02
8.788436722230361423e-07,-5.755318845151620851e-05,2.870930798163568359e-05,8.795582695033621291e-04,7.219514776814407080e-04,9.785079052997268812e-04,-2.007886324081803453e-03,3.564855909579785426e-04,1.567969074764027915e-02,1.057670560862497208e-02,-5.875138812476575489e-02,7.501818221328358793e-03,-6.849311903541886737e-02,1.466659223158045013e-02,3.727505289294843344e-02,-2.642789482975465057e-04,3.613926913804167002e-02,1.245303895006691780e-01,-1.238423806224802359e-01,-2.600962876365725193e-02,1.061269590064233270e-01,8.745364836899206518e-01,-3.065572920507643739e-01,4.766389724593735749e-02,4.386426050361257045e-02,-2.009897943587381566e-02,2.167001666447071484e-01,-1.323867813817454775e-01,1.288214426507883759e-01,3.563992854609493444e-02
